   0.0000000e+00   7.079422e-5
   1.0000000e-02   0.00063805185
   2.0000000e-02   0.0026819987100000003
   3.0000000e-02   0.006907855260000001
   4.0000000e-02   0.01231365006
   5.0000000e-02   0.017510153860000002
   6.0000000e-02   0.02465385926
   7.0000000e-02   0.03527828506
   8.0000000e-02  0.03327887506
   9.0000000e-02  -0.01907107594
   1.0000000e-01  -0.14456365444000002
   1.1000000e-01  -0.30742367444000007
   1.2000000e-01  -0.43134857294000006
   1.3000000e-01   -0.47254258464000004
   1.4000000e-01   -0.45521176784000006
   1.5000000e-01   -0.42687841884000005
   1.6000000e-01   -0.40535453734000004
   1.7000000e-01   -0.38533201384000004
   1.8000000e-01   -0.36921482284000007
   1.9000000e-01  -0.36374345503000005
   2.0000000e-01   -0.36160305707000007
   2.1000000e-01   -0.35136826142000005
   2.2000000e-01   -0.33708096942000004
   2.3000000e-01   -0.33022687742000006
   2.4000000e-01  -0.3311010234200001
   2.5000000e-01   -0.3322179211200001
   2.6000000e-01   -0.3311921719700001
   2.7000000e-01   -0.32816872672000014
   2.8000000e-01   -0.31838857482000016
   2.9000000e-01   -0.29766570882000015
   3.0000000e-01   -0.2698964158200001
   3.1000000e-01   -0.24215239882000011
   3.2000000e-01   -0.21665643432000012
   3.3000000e-01   -0.19186684582000013
   3.4000000e-01   -0.16706125582000014
   3.5000000e-01   -0.14237112432000015
   3.6000000e-01   -0.11766675732000015
   3.7000000e-01   -0.09377588182000014
   3.8000000e-01   -0.07256355132000014
   3.9000000e-01   -0.055677892320000144
   4.0000000e-01   -0.04650006907000014
   4.1000000e-01  -0.05242014132000014
   4.2000000e-01  -0.07908718132000014
   4.3000000e-01  -0.12001170832000015
   4.4000000e-01  -0.15587796182000013
   4.5000000e-01   -0.16670233762000014
   4.6000000e-01   -0.14347181842000015
   4.7000000e-01   -0.09076483692000015
   4.8000000e-01   -0.025343589420000145
   4.9000000e-01   0.028028535079999854
   5.0000000e-01   0.049495197029999854
   5.1000000e-01  0.038580714479999854
   5.2000000e-01  0.012397765979999857
   5.3000000e-01  -0.009663854020000143
   5.4000000e-01   -0.012749041970000144
   5.5000000e-01   0.015503037079999856
   5.6000000e-01   0.07365603107999985
   5.7000000e-01   0.12918905957999985
   5.8000000e-01  0.13530348457999986
   5.9000000e-01  0.08137463507999985
   6.0000000e-01  0.013697357079999861
   6.1000000e-01   -0.009779448370000138
   6.2000000e-01   0.02320900267999986
   6.3000000e-01   0.07893192367999986
   6.4000000e-01   0.12210518417999987
   6.5000000e-01   0.14318256567999987
   6.6000000e-01   0.15034406452999988
   6.7000000e-01   0.15598255407999986
   6.8000000e-01   0.17154521177999987
   6.9000000e-01   0.1990578622799999
   7.0000000e-01   0.22330087477999988
   7.1000000e-01  0.22241961927999987
   7.2000000e-01  0.18991004127999986
   7.3000000e-01  0.14143960777999987
   7.4000000e-01  0.10190517877999987
   7.5000000e-01   0.09201963772999987
   7.6000000e-01   0.12271735517999988
   7.7000000e-01   0.18929766867999986
   7.8000000e-01   0.26684613467999985
   7.9000000e-01   0.31989885117999983
   8.0000000e-01  0.3250836826799998
   8.1000000e-01  0.2863922566799998
   8.2000000e-01  0.2285623381799998
   8.3000000e-01  0.1764665816799998
   8.4000000e-01  0.14062846767999979
   8.5000000e-01  0.12048371067999979
   8.6000000e-01   0.11654946092999979
   8.7000000e-01   0.1313542121799998
   8.8000000e-01   0.15510153517999978
   8.9000000e-01  0.15979152117999978
   9.0000000e-01  0.12144357567999978
   9.1000000e-01  0.049556594179999774
   9.2000000e-01  -0.016074583820000238
   9.3000000e-01  -0.04240546637000024
   9.4000000e-01   -0.03045218742000024
   9.5000000e-01   -0.00369847342000024
   9.6000000e-01   0.02048510457999976
   9.7000000e-01   0.03976594507999976
   9.8000000e-01   0.052995976329999764
   9.9000000e-01  0.048020721079999766
   1.0000000e+00  0.007036536079999767
   1.0100000e+00  -0.07575423892000023
   1.0200000e+00  -0.17923238892000024
   1.0300000e+00  -0.25766005142000026
   1.0400000e+00   -0.26443571492000023
   1.0500000e+00   -0.18134035092000023
   1.0600000e+00   -0.02737174092000022
   1.0700000e+00   0.1590619690799998
   1.0800000e+00   0.3426896640799998
   1.0900000e+00   0.4980636540799998
   1.1000000e+00   0.6059637395799998
   1.1100000e+00   0.6558379435799998
   1.1200000e+00  0.6538312600799998
   1.1300000e+00  0.6225200900799999
   1.1400000e+00  0.5884021530799999
   1.1500000e+00  0.5677655725799999
   1.1600000e+00  0.5602811653299999
   1.1700000e+00  0.5506001710799999
   1.1800000e+00  0.5158022700799999
   1.1900000e+00  0.43679845257999994
   1.2000000e+00  0.30777734257999995
   1.2100000e+00  0.13742242757999995
   1.2200000e+00  -0.054873462420000074
   1.2300000e+00  -0.23871909242000008
   1.2400000e+00  -0.3704220384200001
   1.2500000e+00   -0.4044314694200001
   1.2600000e+00   -0.32413764942000006
   1.2700000e+00   -0.16801640442000007
   1.2800000e+00   -0.017154059420000062
   1.2900000e+00   0.056832332079999937
   1.3000000e+00  0.040411905579999935
   1.3100000e+00  -0.021010149920000068
   1.3200000e+00  -0.06672507642000006
   1.3300000e+00   -0.06342935842000005
   1.3400000e+00   -0.011945803920000046
   1.3500000e+00   0.07276428807999996
   1.3600000e+00   0.17571656257999996
   1.3700000e+00   0.27636588807999996
   1.3800000e+00   0.34052512007999997
   1.3900000e+00  0.33263103157999996
   1.4000000e+00  0.24611273157999997
   1.4100000e+00  0.12065790657999997
   1.4200000e+00  0.01910708557999996
   1.4300000e+00  -0.02026289067000004
   1.4400000e+00   -0.006649399420000042
   1.4500000e+00   0.02662949907999996
   1.4600000e+00   0.053562223579999964
   1.4700000e+00  0.053505296079999966
   1.4800000e+00  -0.003163730920000038
   1.4900000e+00  -0.13439376792000007
   1.5000000e+00  -0.3047544729200001
   1.5100000e+00  -0.4287229574200001
   1.5200000e+00   -0.4343209269200001
   1.5300000e+00   -0.3203793719200001
   1.5400000e+00   -0.1502585269200001
   1.5500000e+00   -0.0019859219200000777
   1.5600000e+00   0.07561212707999992
   1.5700000e+00  0.08208064307999992
   1.5800000e+00  0.05835577807999992
   1.5900000e+00   0.05133071057999992
   1.6000000e+00   0.07457844807999991
   1.6100000e+00   0.10932606557999991
   1.6200000e+00   0.1415465935799999
   1.6300000e+00   0.17686110307999992
   1.6400000e+00   0.21364480607999992
   1.6500000e+00  0.2289545172799999
   1.6600000e+00  0.20965732997999992
   1.6700000e+00  0.1767891809799999
   1.6800000e+00  0.1565049289799999
   1.6900000e+00  0.1426421624799999
   1.7000000e+00  0.11416807747999988
   1.7100000e+00  0.08119574797999989
   1.7200000e+00   0.08648943847999989
   1.7300000e+00   0.1585796454799999
   1.7400000e+00   0.2796262054799999
   1.7500000e+00   0.3997953954799999
   1.7600000e+00   0.4697640209799999
   1.7700000e+00  0.4623160189799999
   1.7800000e+00  0.3827153564799999
   1.7900000e+00  0.26831082147999985
   1.8000000e+00  0.17004545197999987
   1.8100000e+00  0.12441702247999986
   1.8200000e+00   0.13819003197999985
   1.8300000e+00   0.19317209197999985
   1.8400000e+00   0.25979207797999987
   1.8500000e+00   0.3111254529799999
   1.8600000e+00   0.3361667029799999
   1.8700000e+00   0.3459405551299999
   1.8800000e+00   0.36403457777999987
   1.8900000e+00   0.4061614092799999
   1.9000000e+00   0.4654160712799999
   1.9100000e+00   0.5154869697799999
   1.9200000e+00  0.5291415667799999
   1.9300000e+00  0.4973858437799999
   1.9400000e+00  0.4343568862799999
   1.9500000e+00  0.36553092877999993
   1.9600000e+00  0.31121426777999994
   1.9700000e+00  0.27837114327999996
   1.9800000e+00  0.26341387797999993
   1.9900000e+00   0.2612397590299999
   2.0000000e+00   0.2740729528799999
   2.0100000e+00   0.31172711937999986
   2.0200000e+00   0.37951280937999987
   2.0300000e+00   0.46542878987999986
   2.0400000e+00   0.5434476053799998
   2.0500000e+00   0.5899581378799998
   2.0600000e+00  0.5935272808799998
   2.0700000e+00  0.5523903713799998
   2.0800000e+00  0.47395705937999977
   2.0900000e+00  0.37947899937999974
   2.1000000e+00  0.2972804768799997
   2.1100000e+00  0.2423156443799997
   2.1200000e+00  0.20750570237999968
   2.1300000e+00  0.18078293437999968
   2.1400000e+00  0.16419760112999968
   2.1500000e+00   0.16923403637999967
   2.1600000e+00   0.19874162487999966
   2.1700000e+00   0.24145584837999967
   2.1800000e+00   0.2817458553799997
   2.1900000e+00   0.3103786618799997
   2.2000000e+00   0.3318481213799997
   2.2100000e+00   0.3673653298799997
   2.2200000e+00   0.4416722308799997
   2.2300000e+00   0.5532933363799997
   2.2400000e+00   0.6603602628799997
   2.2500000e+00   0.7091568411299998
   2.2600000e+00  0.6788751158799997
   2.2700000e+00  0.5909106538799997
   2.2800000e+00  0.47925689387999976
   2.2900000e+00  0.3686472588799998
   2.3000000e+00  0.2824671218799998
   2.3100000e+00   0.24904746241999978
   2.3200000e+00   0.28280813995999976
   2.3300000e+00   0.36664347495999977
   2.3400000e+00   0.46344996845999975
   2.3500000e+00   0.5373029839599998
   2.3600000e+00  0.5557795969599998
   2.3700000e+00  0.4891117079599998
   2.3800000e+00  0.3337910479599998
   2.3900000e+00  0.1388495029599998
   2.4000000e+00  -0.012245137040000215
   2.4100000e+00   -0.05992963854000022
   2.4200000e+00   -0.008749388540000215
   2.4300000e+00   0.0878068479599998
   2.4400000e+00   0.17471609395999982
   2.4500000e+00   0.23044443945999982
   2.4600000e+00   0.2683453519599998
   2.4700000e+00   0.31131951645999983
   2.4800000e+00   0.36437091945999983
   2.4900000e+00   0.4126018034599998
   2.5000000e+00   0.4457382719599998
   2.5100000e+00   0.47477080895999985
   2.5200000e+00   0.5151401064599999
   2.5300000e+00   0.5601893729599998
   2.5400000e+00   0.5838627352599999
   2.5500000e+00  0.5674212335599998
   2.5600000e+00  0.5127537680599998
   2.5700000e+00  0.43276948905999985
   2.5800000e+00  0.34348602505999987
   2.5900000e+00  0.2674383405599999
   2.6000000e+00  0.23021157805999987
   2.6100000e+00   0.24380427855999987
   2.6200000e+00   0.29726837305999987
   2.6300000e+00   0.36745309455999986
   2.6400000e+00   0.43519828905999985
   2.6500000e+00   0.49018531255999986
   2.6600000e+00   0.5284220840599999
   2.6700000e+00   0.55335365306
   2.6800000e+00   0.5779016685599999
   2.6900000e+00   0.61686563006
   2.7000000e+00   0.67102094056
   2.7100000e+00   0.7194545700599999
   2.7200000e+00  0.7334552782599999
   2.7300000e+00  0.7039695839599999
   2.7400000e+00  0.6572479854599999
   2.7500000e+00   0.6392730675599998
   2.7600000e+00   0.6761531921599998
   2.7700000e+00   0.7435797356599998
   2.7800000e+00   0.7786675198649998
   2.7900000e+00  0.7317308375699998
   2.8000000e+00  0.6114254215699998
   2.8100000e+00  0.4779302515699998
   2.8200000e+00  0.3941784040699998
   2.8300000e+00   0.38652297856999984
   2.8400000e+00   0.44154516156999984
   2.8500000e+00   0.5214346285699998
   2.8600000e+00   0.5797766495699997
   2.8700000e+00  0.5783161130699997
   2.8800000e+00  0.49858439656999975
   2.8900000e+00  0.3380615965699998
   2.9000000e+00  0.10289004156999979
   2.9100000e+00  -0.19046082343000023
   2.9200000e+00  -0.5238925434300002
   2.9300000e+00  -0.9056440884300003
   2.9400000e+00  -1.3765475984300002
   2.9500000e+00  -1.9707943434300002
   2.9600000e+00  -2.6818392434300002
   2.9700000e+00  -3.47628382343
   2.9800000e+00  -4.31788925343
   2.9900000e+00  -5.16745648343
   3.0000000e+00  -5.993570603429999
   3.0100000e+00  -6.802050553429999
   3.0200000e+00  -7.623253173429999
   3.0300000e+00  -8.461799288429999
   3.0400000e+00  -9.302124758429999
   3.0500000e+00  -10.166173003429998
   3.0600000e+00  -11.103452168429998
   3.0700000e+00  -12.112302103429998
   3.0800000e+00  -13.130531153429999
   3.0900000e+00  -14.10387778843
   3.1000000e+00  -14.99866810343
   3.1100000e+00  -15.76460372343
   3.1200000e+00  -16.35216908843
   3.1300000e+00  -16.69422498343
   3.1400000e+00   -16.54883540843
   3.1500000e+00   -15.47717876343
   3.1600000e+00   -13.21904131343
   3.1700000e+00   -10.04215056343
   3.1800000e+00   -6.4635725634300005
   3.1900000e+00   -2.69223946343
   3.2000000e+00   1.29708283657
   3.2100000e+00   5.17701018657
   3.2200000e+00   8.289276586569999
   3.2300000e+00   10.462138686569999
   3.2400000e+00   12.329999436569999
   3.2500000e+00   14.455346436569998
   3.2600000e+00   16.454117686569997
   3.2700000e+00   17.425440436569996
   3.2800000e+00  17.057338251569995
   3.2900000e+00  15.881193016569995
   3.3000000e+00  14.542454766569994
   3.3100000e+00  13.261411666569995
   3.3200000e+00  12.019299266569995
   3.3300000e+00  10.849396016569994
   3.3400000e+00  9.775528766569995
   3.3500000e+00  8.724588616569994
   3.3600000e+00  7.662564566569994
   3.3700000e+00  6.644781536569994
   3.3800000e+00  5.620381306569994
   3.3900000e+00  4.383178456569994
   3.4000000e+00  2.892016306569994
   3.4100000e+00  1.5050544065699942
   3.4200000e+00  0.6880181515699942
   3.4300000e+00   0.5213503415699943
   3.4400000e+00   0.6267357215699942
   3.4500000e+00  0.5268269715699943
   3.4600000e+00  -0.04419181343000578
   3.4700000e+00  -1.0703615134300057
   3.4800000e+00  -2.241214013430006
   3.4900000e+00  -3.0150762834300058
   3.5000000e+00   -2.965977323430006
   3.5100000e+00   -2.198170093430006
   3.5200000e+00   -1.274961298430006
   3.5300000e+00   -0.6489943834300059
   3.5400000e+00   -0.28100564343000595
   3.5500000e+00   0.14413555156999408
   3.5600000e+00   0.819927101569994
   3.5700000e+00   1.739211076569994
   3.5800000e+00   2.815061926569994
   3.5900000e+00   3.894197676569994
   3.6000000e+00   4.756083801569994
   3.6100000e+00   5.273965306569994
   3.6200000e+00   5.531496196569994
   3.6300000e+00   5.659244949069993
   3.6400000e+00  5.611544491569993
   3.6500000e+00  5.224439696569993
   3.6600000e+00  4.453706491569993
   3.6700000e+00  3.444936781569993
   3.6800000e+00  2.388305281569993
   3.6900000e+00  1.388703146569993
   3.7000000e+00  0.457065911569993
   3.7100000e+00  -0.447675913430007
   3.7200000e+00  -1.353387993430007
   3.7300000e+00  -2.183786808430007
   3.7400000e+00  -2.744714883430007
   3.7500000e+00   -2.876261163430007
   3.7600000e+00   -2.648329453430007
   3.7700000e+00   -2.376887668430007
   3.7800000e+00  -2.4188969384300067
   3.7900000e+00  -2.932485273430007
   3.8000000e+00  -3.803599988430007
   3.8100000e+00  -4.768784093430007
   3.8200000e+00  -5.601389558430007
   3.8300000e+00  -6.212354763430008
   3.8400000e+00  -6.632377168430008
   3.8500000e+00  -6.947417288430008
   3.8600000e+00  -7.241466623430007
   3.8700000e+00  -7.533765858430007
   3.8800000e+00  -7.722033724430007
   3.8900000e+00   -7.610762240430007
   3.9000000e+00   -7.0487548654300065
   3.9100000e+00   -6.053986390430007
   3.9200000e+00   -4.790127240430007
   3.9300000e+00   -3.4314276404300066
   3.9400000e+00   -2.0782059404300064
   3.9500000e+00   -0.7906402404300064
   3.9600000e+00   0.3562683595699936
   3.9700000e+00   1.2898128845699937
   3.9800000e+00   1.9827050045699934
   3.9900000e+00   2.4373956495699933
   4.0000000e+00   2.6441711875699934
   4.0100000e+00  2.6069454355699935
   4.0200000e+00  2.4139032955699933
   4.0300000e+00  2.2257420505699934
   4.0400000e+00   2.1578818393699932
   4.0500000e+00   2.198528800669993
   4.0600000e+00   2.263281885669993
   4.0700000e+00   2.295916498169993
   4.0800000e+00  2.281883384669993
   4.0900000e+00  2.197474916169993
   4.1000000e+00  2.0091685961699928
   4.1100000e+00  1.7313015111699928
   4.1200000e+00  1.4412635811699928
   4.1300000e+00  1.2158751311699927
   4.1400000e+00  1.0737960211699926
   4.1500000e+00  0.9955601941699926
   4.1600000e+00   0.9768710136699926
   4.1700000e+00   1.0284798376699926
   4.1800000e+00   1.1208955676699925
   4.1900000e+00  1.1596914531699924
   4.2000000e+00  1.0461364961699924
   4.2100000e+00  0.7664252311699924
   4.2200000e+00  0.40759585116999236
   4.2300000e+00  0.08296042616999233
   4.2400000e+00  -0.14564007383000768
   4.2500000e+00  -0.27275540033000767
   4.2600000e+00   -0.3042649458300077
   4.2700000e+00   -0.23223125483000767
   4.2800000e+00   -0.05126382983000766
   4.2900000e+00   0.21747981516999232
   4.3000000e+00   0.5261369401699924
   4.3100000e+00   0.8234145951699924
   4.3200000e+00   1.0797472851699923
   4.3300000e+00   1.2893658101699923
   4.3400000e+00   1.4438694601699924
   4.3500000e+00   1.5068135184199924
   4.3600000e+00  1.4247140966699925
   4.3700000e+00  1.1676183416699926
   4.3800000e+00  0.7567714116699926
   4.3900000e+00  0.2556684166699926
   4.4000000e+00  -0.26146167833000733
   4.4100000e+00  -0.7427668383300073
   4.4200000e+00  -1.1818109183300074
   4.4300000e+00  -1.6171758233300073
   4.4400000e+00  -2.1014506783300075
   4.4500000e+00  -2.6588416183300074
   4.4600000e+00  -3.2622196383300075
   4.4700000e+00  -3.8381720133300075
   4.4800000e+00  -4.287130508330008
   4.4900000e+00  -4.509435859830008
   4.5000000e+00   -4.435185011330008
   4.5100000e+00   -4.049126481330008
   4.5200000e+00   -3.397680061330008
   4.5300000e+00   -2.574213931330008
   4.5400000e+00   -1.6916532213300082
   4.5500000e+00   -0.8587904813300082
   4.5600000e+00   -0.16920747133000813
   4.5700000e+00   0.3116025186699919
   4.5800000e+00   0.5807853036699919
   4.5900000e+00   0.732955243669992
   4.6000000e+00   0.937986973669992
   4.6100000e+00   1.348318778669992
   4.6200000e+00   2.002117828669992
   4.6300000e+00   2.790719548669992
   4.6400000e+00   3.493403498669992
   4.6500000e+00   3.8618384986699916
   4.6600000e+00  3.7535504836699918
   4.6700000e+00  3.259722068669992
   4.6800000e+00  2.695184963669992
   4.6900000e+00  2.398949296669992
   4.7000000e+00   2.5014318546699923
   4.7100000e+00   2.8718679346699925
   4.7200000e+00   3.2654570196699924
   4.7300000e+00   3.4997547646699925
   4.7400000e+00  3.5240806671699927
   4.7500000e+00  3.388264644669993
   4.7600000e+00  3.170000109669993
   4.7700000e+00  2.902937899669993
   4.7800000e+00  2.553135969669993
   4.7900000e+00  2.074341669669993
   4.8000000e+00  1.4883101696699927
   4.8100000e+00  0.8959871096699928
   4.8200000e+00  0.4115899446699928
   4.8300000e+00  0.10344866966999283
   4.8400000e+00  -0.01022241433000716
   4.8500000e+00   0.04990955166999285
   4.8600000e+00   0.21396942166999283
   4.8700000e+00   0.36041566166999284
   4.8800000e+00  0.3600233816699928
   4.8900000e+00  0.1472527116699928
   4.9000000e+00  -0.23632069833000727
   4.9100000e+00  -0.6613178883300073
   4.9200000e+00  -0.9852389733300073
   4.9300000e+00  -1.1389836833300073
   4.9400000e+00   -1.1650302793300074
   4.9500000e+00  -1.1739700373300073
   4.9600000e+00  -1.2530767693300073
   4.9700000e+00  -1.4078140843300073
   4.9800000e+00  -1.5875145943300073
   4.9900000e+00  -1.7594527643300073
   5.0000000e+00  -1.9395890043300072
   5.0100000e+00  -2.135190684330007
   5.0200000e+00  -2.268184687330007
   5.0300000e+00   -2.1929191103300067
   5.0400000e+00   -1.8192865203300068
   5.0500000e+00   -1.2148207153300068
   5.0600000e+00   -0.5707262053300068
   5.0700000e+00   -0.07009478533000679
   5.0800000e+00   0.20906782466999319
   5.0900000e+00   0.2937109235699932
   5.1000000e+00  0.2648371459699932
   5.1100000e+00  0.2099969289699932
   5.1200000e+00  0.1843830503199932
   5.1300000e+00  0.1817024668699932
   5.1400000e+00  0.1392652930699932
   5.1500000e+00  -0.014839780430006805
   5.1600000e+00  -0.3035135604300069
   5.1700000e+00  -0.6707395654300068
   5.1800000e+00  -1.0015795004300068
   5.1900000e+00  -1.1890496584300068
   5.2000000e+00   -1.2062158189300067
   5.2100000e+00   -1.1182853564300068
   5.2200000e+00   -1.0190043794300068
   5.2300000e+00   -0.9605054254300067
   5.2400000e+00  -0.9463987629300067
   5.2500000e+00  -0.9674237804300067
   5.2600000e+00  -1.0153498769300067
   5.2700000e+00  -1.0715270804300068
   5.2800000e+00  -1.1136981294300068
   5.2900000e+00  -1.1381527779300067
   5.3000000e+00  -1.1508476460300068
   5.3100000e+00   -1.1310602411300068
   5.3200000e+00   -1.0299627026300069
   5.3300000e+00   -0.8240400526300069
   5.3400000e+00   -0.5583774926300069
   5.3500000e+00   -0.3184108326300069
   5.3600000e+00   -0.1562096376300069
   5.3700000e+00   -0.04935530913000688
   5.3800000e+00   0.06895538436999313
   5.3900000e+00   0.24230373936999314
   5.4000000e+00   0.45095406936999316
   5.4100000e+00   0.6363585093699932
   5.4200000e+00   0.7682750743699932
   5.4300000e+00   0.8908193743699933
   5.4400000e+00   1.0995044043699933
   5.4500000e+00   1.4656018393699934
   5.4600000e+00   1.9755163493699934
   5.4700000e+00   2.5374243893699937
   5.4800000e+00   3.0407186143699936
   5.4900000e+00   3.4086141743699936
   5.5000000e+00   3.6089884493699937
   5.5100000e+00  3.644769343869994
   5.5200000e+00  3.554059698369994
   5.5300000e+00  3.405978433369994
   5.5400000e+00  3.2628995633699938
   5.5500000e+00  3.1310426433699936
   5.5600000e+00  2.9580058583699937
   5.5700000e+00  2.686164513369994
   5.5800000e+00  2.3022444233699937
   5.5900000e+00  1.8386080383699936
   5.6000000e+00  1.3486802633699937
   5.6100000e+00  0.8909304883699938
   5.6200000e+00  0.5143341383699938
   5.6300000e+00  0.23267743836999377
   5.6400000e+00  0.012487043369993789
   5.6500000e+00  -0.1992665916300062
   5.6600000e+00  -0.42857659163000617
   5.6700000e+00  -0.6524379816300061
   5.6800000e+00  -0.816089611630006
   5.6900000e+00   -0.871140685380006
   5.7000000e+00   -0.807627394130006
   5.7100000e+00   -0.6575592891300059
   5.7200000e+00   -0.46806284913000595
   5.7300000e+00   -0.27500795413000595
   5.7400000e+00   -0.10695508913000593
   5.7500000e+00   -0.0011855926300059216
   5.7600000e+00  0.008330763369994078
   5.7700000e+00  -0.07779572213000592
   5.7800000e+00  -0.22434073213000594
   5.7900000e+00  -0.40154877213000595
   5.8000000e+00  -0.613481882130006
   5.8100000e+00  -0.880736352130006
   5.8200000e+00  -1.206415737130006
   5.8300000e+00  -1.564124082130006
   5.8400000e+00  -1.9068149671300059
   5.8500000e+00  -2.179601042130006
   5.8600000e+00  -2.3355706806300063
   5.8700000e+00   -2.354446478130006
   5.8800000e+00   -2.250714842130006
   5.8900000e+00   -2.064181902130006
   5.9000000e+00   -1.8419952421300059
   5.9100000e+00   -1.6208982021300058
   5.9200000e+00   -1.4156257121300058
   5.9300000e+00   -1.2260785671300058
   5.9400000e+00   -1.0637289271300059
   5.9500000e+00   -0.9641436121300059
   5.9600000e+00  -0.9557369836300059
   5.9700000e+00  -1.013466419130006
   5.9800000e+00  -1.060133759630006
   5.9900000e+00   -1.026171743130006
   6.0000000e+00   -0.9057655301300059
   6.0100000e+00   -0.7510032701300059
   6.0200000e+00   -0.6163958451300059
   6.0300000e+00   -0.5131209846300059
   6.0400000e+00   -0.4121790741300059
   6.0500000e+00   -0.28418262413000583
   6.0600000e+00   -0.13255369413000584
   6.0700000e+00   0.010917710869994157
   6.0800000e+00   0.11752255536999415
   6.0900000e+00   0.18208649786999415
   6.1000000e+00   0.21438815886999416
   6.1100000e+00  0.22326671401999415
   6.1200000e+00  0.21744358566999414
   6.1300000e+00  0.21223169597499414
   6.1400000e+00   0.21871525327999414
   6.1500000e+00  0.22295995587999415
   6.1600000e+00  0.18581398997999415
   6.1700000e+00  0.07067969297999416
   6.1800000e+00  -0.12787005202000581
   6.1900000e+00  -0.3801297120200058
   6.2000000e+00  -0.6393426320200057
   6.2100000e+00  -0.8633840420200057
   6.2200000e+00  -1.0269647520200058
   6.2300000e+00  -1.1214339520200058
   6.2400000e+00   -1.1470837559700058
   6.2500000e+00   -1.1087920519200059
   6.2600000e+00   -1.0223090289200059
   6.2700000e+00   -0.9229622204200059
   6.2800000e+00   -0.8583954674200058
   6.2900000e+00  -0.8595131359200058
   6.3000000e+00  -0.9095424174200057
   6.3100000e+00  -0.9420766098700057
   6.3200000e+00   -0.8800321088200057
   6.3300000e+00   -0.6919906338200057
   6.3400000e+00   -0.4212430188200057
   6.3500000e+00   -0.1595261888200057
   6.3600000e+00   0.015913131179994294
   6.3700000e+00   0.0882323516799943
   6.3800000e+00  0.09191790417999429
   6.3900000e+00  0.0662524851799943
   6.4000000e+00  0.024564255179994297
   6.4100000e+00  -0.03299274482000571
   6.4200000e+00  -0.0902075433200057
   6.4300000e+00   -0.11206295967000571
   6.4400000e+00   -0.0725997270200057
   6.4500000e+00   0.020392074479994304
   6.4600000e+00   0.1282974444799943
   6.4700000e+00   0.20344826397999433
   6.4800000e+00  0.21090148047999432
   6.4900000e+00  0.14381668747999432
   6.5000000e+00  0.02941437247999433
   6.5100000e+00  -0.08340056452000567
   6.5200000e+00  -0.1538392680200057
   6.5300000e+00  -0.1753831270150057
   6.5400000e+00  -0.17849810871000568
   6.5500000e+00  -0.21325193341000567
   6.5600000e+00  -0.3266018389100057
   6.5700000e+00  -0.5400634389100056
   6.5800000e+00  -0.8312952089100056
   6.5900000e+00  -1.1349678039100057
   6.6000000e+00  -1.3740658139100057
   6.6100000e+00  -1.5028072884100057
   6.6200000e+00   -1.5250214909100057
   6.6300000e+00   -1.4757315529100057
   6.6400000e+00   -1.3897367554100057
   6.6500000e+00   -1.2849085539100058
   6.6600000e+00   -1.163539528910006
   6.6700000e+00   -1.0200530289100058
   6.6800000e+00   -0.8494985989100058
   6.6900000e+00   -0.6564331489100058
   6.7000000e+00   -0.45748802391000587
   6.7100000e+00   -0.27061077891000584
   6.7200000e+00   -0.09871428391000583
   6.7300000e+00   0.07519011108999415
   6.7400000e+00   0.2771248160899942
   6.7500000e+00   0.5287003960899942
   6.7600000e+00   0.8410142360899941
   6.7700000e+00   1.2101923710899942
   6.7800000e+00   1.6084841410899942
   6.7900000e+00   1.9805241460899943
   6.8000000e+00   2.2591301910899944
   6.8100000e+00   2.3974801725899946
   6.8200000e+00  2.3952919385899945
   6.8300000e+00  2.2976786980899946
   6.8400000e+00  2.1657350530899944
   6.8500000e+00  2.0408671480899945
   6.8600000e+00  1.9311374780899944
   6.8700000e+00  1.8279273280899944
   6.8800000e+00  1.7317806550899943
   6.8900000e+00  1.6611514870899944
   6.9000000e+00   1.6427018490899943
   6.9100000e+00   1.7004736560899942
   6.9200000e+00   1.8497103510899942
   6.9300000e+00   2.086113071089994
   6.9400000e+00   2.372276556089994
   6.9500000e+00   2.639659026089994
   6.9600000e+00   2.814230146089994
   6.9700000e+00  2.849833243089994
   6.9800000e+00  2.747871655089994
   6.9900000e+00  2.553909010089994
   7.0000000e+00  2.3323786300899942
   7.0100000e+00  2.131432845089994
   7.0200000e+00  1.9619261250899942
   7.0300000e+00  1.8058543850899942
   7.0400000e+00  1.638678150089994
   7.0500000e+00  1.438615640089994
   7.0600000e+00  1.1838964100899942
   7.0700000e+00  0.8608609900899942
   7.0800000e+00  0.48381786008999417
   7.0900000e+00  0.09846199508999415
   7.1000000e+00  -0.2452587799100059
   7.1100000e+00  -0.527433779910006
   7.1200000e+00  -0.7686222149100059
   7.1300000e+00  -1.011275309910006
   7.1400000e+00  -1.289481029910006
   7.1500000e+00  -1.607771054910006
   7.1600000e+00  -1.942392059910006
   7.1700000e+00  -2.262722594910006
   7.1800000e+00  -2.5526896699100057
   7.1900000e+00  -2.8140030499100055
   7.2000000e+00  -3.0571289399100054
   7.2100000e+00  -3.2978851049100055
   7.2200000e+00  -3.5585435949100055
   7.2300000e+00  -3.8556490599100055
   7.2400000e+00  -4.175177594910005
   7.2500000e+00  -4.463265009910005
   7.2600000e+00  -4.651306539910005
   7.2700000e+00   -4.696387867910005
   7.2800000e+00   -4.603527320910005
   7.2900000e+00   -4.4203428409100045
   7.3000000e+00   -4.217132080910004
   7.3100000e+00   -4.059245320910004
   7.3200000e+00   -3.971877703910004
   7.3300000e+00   -3.916149140410004
   7.3400000e+00   -3.807986003910004
   7.3500000e+00   -3.5779696739100038
   7.3600000e+00   -3.2222706089100037
   7.3700000e+00   -2.8000773239100036
   7.3800000e+00   -2.3891861089100037
   7.3900000e+00   -2.0442424189100037
   7.4000000e+00   -1.7791062989100037
   7.4100000e+00   -1.5662283489100037
   7.4200000e+00   -1.3499412389100036
   7.4300000e+00   -1.0761257139100036
   7.4400000e+00   -0.7217877839100035
   7.4500000e+00   -0.29928701891000353
   7.4600000e+00   0.16231224608999645
   7.4700000e+00   0.6316367910899965
   7.4800000e+00   1.0749981210899966
   7.4900000e+00   1.4595153110899965
   7.5000000e+00   1.7696292860899967
   7.5100000e+00   2.0204296360899967
   7.5200000e+00   2.2485784710899965
   7.5300000e+00   2.4849078560899964
   7.5400000e+00   2.7303626110899963
   7.5500000e+00   2.953643426089996
   7.5600000e+00   3.112115306089996
   7.5700000e+00   3.1793572340899963
   7.5800000e+00  3.1578247800899963
   7.5900000e+00  3.0712387480899963
   7.6000000e+00  2.9507822430899964
   7.6100000e+00  2.8273759830899965
   7.6200000e+00  2.7264071070899965
   7.6300000e+00  2.6588400880899963
   7.6400000e+00  2.6153315150899963
   7.6500000e+00  2.573926885089996
   7.6600000e+00  2.519228202589996
   7.6700000e+00  2.457995715589996
   7.6800000e+00  2.416430804089996
   7.6900000e+00   2.418118682589996
   7.7000000e+00   2.460743515089996
   7.7100000e+00   2.515354834089996
   7.7200000e+00   2.549797161089996
   7.7300000e+00  2.549477319589996
   7.7400000e+00  2.5133715715899956
   7.7500000e+00  2.4364245550899954
   7.7600000e+00  2.3031567150899956
   7.7700000e+00  2.0958477400899955
   7.7800000e+00  1.8031101300899954
   7.7900000e+00  1.4238371600899955
   7.8000000e+00  0.9709859150899955
   7.8100000e+00  0.4722773750899955
   7.8200000e+00  -0.0374962499100045
   7.8300000e+00  -0.5263958349100045
   7.8400000e+00  -0.9700632199100045
   7.8500000e+00  -1.3558632399100046
   7.8600000e+00  -1.6880267899100045
   7.8700000e+00  -1.9799974299100045
   7.8800000e+00  -2.2304250399100045
   7.8900000e+00  -2.4103184299100047
   7.9000000e+00  -2.485937371410005
   7.9100000e+00   -2.456745968410005
   7.9200000e+00   -2.365128038910005
   7.9300000e+00   -2.269334136410005
   7.9400000e+00   -2.211190578410005
   7.9500000e+00  -2.203549023910005
   7.9600000e+00  -2.233613379410005
   7.9700000e+00  -2.271864099410005
   7.9800000e+00   -2.285380066960005
   7.9900000e+00   -2.2521234165100052
   8.0000000e+00   -2.1669028440100053
   8.0100000e+00   -2.0378259590100054
   8.0200000e+00   -1.8812362440100054
   8.0300000e+00   -1.7168369540100055
   8.0400000e+00   -1.5577292590100054
   8.0500000e+00   -1.3997391140100053
   8.0600000e+00   -1.2244618140100052
   8.0700000e+00   -1.0188059440100052
   8.0800000e+00   -0.7932794790100053
   8.0900000e+00   -0.5802941440100053
   8.1000000e+00   -0.4130523190100054
   8.1100000e+00   -0.3018834730100054
   8.1200000e+00   -0.22568740551000538
   8.1300000e+00   -0.14619449701000536
   8.1400000e+00   -0.03724117001000535
   8.1500000e+00   0.09373762498999466
   8.1600000e+00   0.21334158998999467
   8.1700000e+00   0.2943133939899947
   8.1800000e+00   0.3407696974899947
   8.1900000e+00   0.3823019799899947
   8.2000000e+00   0.44842151398999475
   8.2100000e+00   0.5533955649899948
   8.2200000e+00   0.6997977449899948
   8.2300000e+00   0.8820497649899948
   8.2400000e+00   1.0790550999899948
   8.2500000e+00   1.2511648099899948
   8.2600000e+00   1.356717596489995
   8.2700000e+00  1.3771838654899948
   8.2800000e+00  1.3282792254899949
   8.2900000e+00  1.2508035214899949
   8.3000000e+00  1.1910150929899948
   8.3100000e+00   1.1799397219899947
   8.3200000e+00   1.2193054079899948
   8.3300000e+00   1.2840808094899947
   8.3400000e+00   1.3422415249899946
   8.3500000e+00   1.3748766759899946
   8.3600000e+00  1.3804370287899945
   8.3700000e+00  1.3670460115899945
   8.3800000e+00  1.3459504535899944
   8.3900000e+00  1.3278976265899944
   8.4000000e+00  1.3177549586899944
   8.4100000e+00  1.3114264661399944
   8.4200000e+00  1.3012479974899944
   8.4300000e+00  1.2832037269899945
   8.4400000e+00  1.2548740634899944
   8.4500000e+00  1.2080005489899943
   8.4600000e+00  1.1300549389899943
   8.4700000e+00  1.0168827834899943
   8.4800000e+00  0.8811333484899943
   8.4900000e+00  0.7441133034899943
   8.5000000e+00  0.6183655134899942
   8.5100000e+00  0.49987786848999427
   8.5200000e+00  0.37805998348999426
   8.5300000e+00  0.25054050848999426
   8.5400000e+00  0.12425067848999427
   8.5500000e+00  0.002971308489994273
   8.5600000e+00  -0.11953410151000574
   8.5700000e+00  -0.24998288151000575
   8.5800000e+00  -0.3832302165100058
   8.5900000e+00  -0.5047081215100058
   8.6000000e+00  -0.6029258760100058
   8.6100000e+00  -0.6732061285100058
   8.6200000e+00  -0.7084724425100059
   8.6300000e+00   -0.6927412245100059
   8.6400000e+00   -0.6094626755100059
   8.6500000e+00   -0.4571722505100059
   8.6600000e+00   -0.25581260051000587
   8.6700000e+00   -0.03757450551000588
   8.6800000e+00   0.16846984448999414
   8.6900000e+00   0.34531780948999413
   8.7000000e+00   0.48767304448999416
   8.7100000e+00   0.5980316944899942
   8.7200000e+00   0.6826966934899942
   8.7300000e+00   0.7464888644899942
   8.7400000e+00   0.7885438474899942
   8.7500000e+00   0.8048175643899942
   8.7600000e+00  0.7942854137899942
   8.7700000e+00  0.7588250202899942
   8.7800000e+00  0.6981877752899942
   8.7900000e+00  0.6133096557899942
   8.8000000e+00  0.5175423327899942
   8.8100000e+00  0.4358027077899942
   8.8200000e+00  0.3844477652899942
   8.8300000e+00  0.3551519382899942
   8.8400000e+00  0.3243149032899942
   8.8500000e+00  0.2765360457899942
   8.8600000e+00  0.2175660852899942
   8.8700000e+00  0.1719212217899942
   8.8800000e+00   0.17317322028999418
   8.8900000e+00   0.2472323322899942
   8.9000000e+00   0.3914517522899942
   8.9100000e+00   0.5683288622899942
   8.9200000e+00   0.7255411122899942
   8.9300000e+00   0.8238393422899942
   8.9400000e+00  0.8480192837899942
   8.9500000e+00  0.8034567562899942
   8.9600000e+00  0.7138406572899942
   8.9700000e+00  0.6169759732899942
   8.9800000e+00  0.5475406947899942
   8.9900000e+00  0.5178304097899942
   9.0000000e+00   0.5178290277899942
   9.0100000e+00   0.5311185272899942
   9.0200000e+00   0.5442299372899942
   9.0300000e+00  0.5447267877399943
   9.0400000e+00  0.5236195696899942
   9.0500000e+00  0.4861377856899942
   9.0600000e+00  0.4558648251899942
   9.0700000e+00   0.4641515381899942
   9.0800000e+00   0.5342386571899942
   9.0900000e+00   0.6700557221899942
   9.1000000e+00   0.8518424971899942
   9.1100000e+00   1.0408883271899942
   9.1200000e+00   1.1936583121899942
   9.1300000e+00   1.275361387689994
   9.1400000e+00  1.264361563689994
   9.1500000e+00  1.154993814189994
   9.1600000e+00  0.9667986991899941
   9.1700000e+00  0.746503999189994
   9.1800000e+00  0.546117814189994
   9.1900000e+00  0.39231560418999406
   9.2000000e+00  0.2804657701899941
   9.2100000e+00  0.19656431168999408
   9.2200000e+00  0.1352367561899941
   9.2300000e+00  0.09411427668999409
   9.2400000e+00  0.06122192318999408
   9.2500000e+00  0.01747822068999408
   9.2600000e+00  -0.048221765310005923
   9.2700000e+00  -0.12761387581000594
   9.2800000e+00  -0.19446395781000594
   9.2900000e+00   -0.21915798121000593
   9.3000000e+00   -0.19002584161000594
   9.3100000e+00   -0.12527273911000594
   9.3200000e+00   -0.06218030161000594
   9.3300000e+00   -0.03330694371000594
   9.3400000e+00  -0.053822448810005946
   9.3500000e+00  -0.12646916031000593
   9.3600000e+00  -0.24729906181000594
   9.3700000e+00  -0.40124699181000595
   9.3800000e+00  -0.558184391810006
   9.3900000e+00  -0.6820737933100061
   9.4000000e+00  -0.748761883310006
   9.4100000e+00   -0.7579982228100061
   9.4200000e+00   -0.7302653803100061
   9.4300000e+00   -0.6897182543100061
   9.4400000e+00   -0.6461158123100061
   9.4500000e+00   -0.5928752458100062
   9.4600000e+00   -0.5228647873100062
   9.4700000e+00   -0.44129175481000615
   9.4800000e+00   -0.35945881581000616
   9.4900000e+00   -0.28231407331000613
   9.5000000e+00   -0.21183509081000612
   9.5100000e+00   -0.1615836518100061
   9.5200000e+00  -0.15839429631000612
   9.5300000e+00  -0.2257985918100061
   9.5400000e+00  -0.3685508418100061
   9.5500000e+00  -0.5715849918100061
   9.5600000e+00  -0.8071504468100061
   9.5700000e+00  -1.0428711668100061
   9.5800000e+00  -1.2523384718100061
   9.5900000e+00  -1.4256214668100062
   9.6000000e+00  -1.5692134618100062
   9.6100000e+00  -1.6934643368100062
   9.6200000e+00  -1.8002813723100062
   9.6300000e+00  -1.8825578818100062
   9.6400000e+00  -1.9328703583100062
   9.6500000e+00  -1.9514860286600062
   9.6600000e+00   -1.9470370800100063
   9.6700000e+00   -1.9295256645100063
   9.6800000e+00   -1.9009718920100063
   9.6900000e+00   -1.8520405215100062
   9.7000000e+00   -1.7687921695100062
   9.7100000e+00   -1.6443054845100062
   9.7200000e+00   -1.4851931795100062
   9.7300000e+00   -1.3076922245100062
   9.7400000e+00   -1.1270885895100062
   9.7500000e+00   -0.9502604645100062
   9.7600000e+00   -0.7779695895100063
   9.7700000e+00   -0.6116643595100063
   9.7800000e+00   -0.4530439345100063
   9.7900000e+00   -0.2961787095100063
   9.8000000e+00   -0.12688136451000628
   9.8100000e+00   0.06407686048999373
   9.8200000e+00   0.2696657304899937
   9.8300000e+00   0.4726475204899937
   9.8400000e+00   0.6592519154899937
   9.8500000e+00   0.8220444804899938
   9.8600000e+00   0.9549495254899938
   9.8700000e+00   1.0552124149899937
   9.8800000e+00   1.1284298904899936
   9.8900000e+00   1.1812141984899935
   9.9000000e+00   1.2075709237399936
   9.9100000e+00  1.1917407099899937
   9.9200000e+00  1.1273553604899937
   9.9300000e+00  1.0257736029899938
   9.9400000e+00  0.9021109079899937
   9.9500000e+00  0.7612184879899937
   9.9600000e+00  0.6033893679899938
   9.9700000e+00  0.4381713829899938
   9.9800000e+00  0.2857178529899938
   9.9900000e+00  0.1665339464899938
   1.0000000e+01  0.09308537198999381
   1.0010000e+01  0.0668009759399938
   1.0020000e+01   0.0771311753899938
   1.0030000e+01   0.1050045143899938
   1.0040000e+01   0.1322631603899938
   1.0050000e+01   0.1490394858899938
   1.0060000e+01  0.1527007672399938
   1.0070000e+01  0.1443350810899938
   1.0080000e+01  0.12871552908999379
   1.0090000e+01  0.11187897308999378
   1.0100000e+01  0.09228141708999378
   1.0110000e+01  0.05655624358999378
   1.0120000e+01  -0.010422469410006227
   1.0130000e+01  -0.11196103941000624
   1.0140000e+01  -0.23869800941000624
   1.0150000e+01  -0.37641874941000625
   1.0160000e+01  -0.5067898544100062
   1.0170000e+01  -0.6021460289100062
   1.0180000e+01   -0.6310839159100062
   1.0190000e+01   -0.5781070199100062
   1.0200000e+01   -0.4586627014100062
   1.0210000e+01   -0.3136139414100062
   1.0220000e+01   -0.1884684014100062
   1.0230000e+01   -0.1138913164100062
   1.0240000e+01  -0.09774641991000621
   1.0250000e+01  -0.12881906291000622
   1.0260000e+01  -0.1870856014100062
   1.0270000e+01  -0.25438087641000623
   1.0280000e+01  -0.3214837204100062
   1.0290000e+01  -0.38990917791000623
   1.0300000e+01  -0.4663007924100062
   1.0310000e+01  -0.5500134059100062
   1.0320000e+01  -0.6240834044100062
   1.0330000e+01  -0.6623641104100062
   1.0340000e+01   -0.6487898079100062
   1.0350000e+01   -0.5876825194100062
   1.0360000e+01   -0.49470943441000614
   1.0370000e+01   -0.38388243441000613
   1.0380000e+01   -0.2674484694100061
   1.0390000e+01   -0.1613148484100061
   1.0400000e+01   -0.0800305324100061
   1.0410000e+01   -0.026392689910006095
   1.0420000e+01   0.006162926089993907
   1.0430000e+01   0.019184595839993906
   1.0440000e+01  0.0032662420899939072
   1.0450000e+01  -0.051434996410006095
   1.0460000e+01  -0.1438494699100061
   1.0470000e+01  -0.26352078491000613
   1.0480000e+01  -0.39883349491000614
   1.0490000e+01  -0.5407658799100061
   1.0500000e+01  -0.6824452399100062
   1.0510000e+01  -0.8187282849100062
   1.0520000e+01  -0.9440154349100062
   1.0530000e+01  -1.048222333910006
   1.0540000e+01  -1.1182347134100061
   1.0550000e+01  -1.146913292660006
   1.0560000e+01   -1.138930592910006
   1.0570000e+01   -1.105984787910006
   1.0580000e+01   -1.059996649410006
   1.0590000e+01   -1.013635323410006
   1.0600000e+01   -0.9814702829100059
   1.0610000e+01  -0.972636366460006
   1.0620000e+01  -0.983263781010006
   1.0630000e+01  -1.001385432510006
   1.0640000e+01  -1.016809746010006
   1.0650000e+01   -1.018913660560006
   1.0660000e+01   -0.9872618306100059
   1.0670000e+01   -0.8975324676100059
   1.0680000e+01   -0.744596597610006
   1.0690000e+01   -0.5551330276100059
   1.0700000e+01   -0.3711721326100059
   1.0710000e+01   -0.22165317761000594
   1.0720000e+01   -0.11060726561000594
   1.0730000e+01   -0.026901152610005946
   1.0740000e+01   0.041390635389994046
   1.0750000e+01   0.10151427038999404
   1.0760000e+01   0.15872459788999405
   1.0770000e+01   0.21933323638999405
   1.0780000e+01   0.28790187588999405
   1.0790000e+01   0.3598452453899941
   1.0800000e+01   0.4193925163899941
   1.0810000e+01   0.4503100098899941
   1.0820000e+01  0.4506726303899941
   1.0830000e+01  0.4347316373899941
   1.0840000e+01  0.4198831618899941
   1.0850000e+01   0.4148329210949941
   1.0860000e+01   0.4200530553999941
   1.0870000e+01   0.4338040269999941
   1.0880000e+01   0.4544115139999941
   1.0890000e+01   0.48103773949999407
   1.0900000e+01   0.5173310564999941
   1.0910000e+01   0.5727298774999942
   1.0920000e+01   0.6550947394999942
   1.0930000e+01   0.7603623489999942
   1.0940000e+01   0.8712759139999943
   1.0950000e+01   0.9676495729999942
   1.0960000e+01   1.0380751054999942
   1.0970000e+01   1.082864273999994
   1.0980000e+01   1.108777427499994
   1.0990000e+01   1.1241326489999939
   1.1000000e+01   1.1388645894999938
   1.1010000e+01   1.1638270604999938
   1.1020000e+01   1.2028578454999939
   1.1030000e+01   1.243829381499994
   1.1040000e+01   1.262695655699994
   1.1050000e+01  1.2416265658999939
   1.1060000e+01  1.183663528899994
   1.1070000e+01  1.1089518058999939
   1.1080000e+01  1.0387717323999939
   1.1090000e+01  0.9843358883999939
   1.1100000e+01  0.9466088393999939
   1.1110000e+01  0.9206214118999938
   1.1120000e+01  0.8984161143999938
   1.1130000e+01  0.8710514003999938
   1.1140000e+01  0.8312283528999939
   1.1150000e+01  0.7762268358999939
   1.1160000e+01  0.7099968043999938
   1.1170000e+01  0.6421937488999938
   1.1180000e+01  0.5824743048999939
   1.1190000e+01  0.5338346853999939
   1.1200000e+01  0.4927322638999939
   1.1210000e+01  0.45698911339999393
   1.1220000e+01  0.4316658078999939
   1.1230000e+01   0.42447445389999394
   1.1240000e+01   0.43588578939999395
   1.1250000e+01   0.45634165689999395
   1.1260000e+01   0.47394131739999396
   1.1270000e+01   0.48338486969999395
   1.1280000e+01   0.48711531459999396
   1.1290000e+01   0.490275885749994
   1.1300000e+01   0.49704832694999396
   1.1310000e+01   0.510642198099994
   1.1320000e+01   0.532323398599994
   1.1330000e+01   0.557338181599994
   1.1340000e+01   0.5736698600499941
   1.1350000e+01  0.5697499669999941
   1.1360000e+01  0.5460894609999941
   1.1370000e+01  0.5173570734999942
   1.1380000e+01  0.49967709649999414
   1.1390000e+01   0.49568751964999413
   1.1400000e+01  0.49439297204999416
   1.1410000e+01  0.4853078307999942
   1.1420000e+01  0.4680628942999942
   1.1430000e+01  0.4454943162999942
   1.1440000e+01  0.4124775107999942
   1.1450000e+01  0.3592281262999942
   1.1460000e+01  0.2854563427999942
   1.1470000e+01  0.2043299217999942
   1.1480000e+01  0.1302138567999942
   1.1490000e+01  0.06747969879999419
   1.1500000e+01  0.012513240299994184
   1.1510000e+01  -0.040422090200005825
   1.1520000e+01  -0.09883240320000583
   1.1530000e+01  -0.16988869620000585
   1.1540000e+01  -0.2517113452000058
   1.1550000e+01  -0.33079150520000583
   1.1560000e+01  -0.39341467920000583
   1.1570000e+01  -0.43517339970000585
   1.1580000e+01  -0.45424404815000585
   1.1590000e+01   -0.44246173710000586
   1.1600000e+01   -0.39300992160000586
   1.1610000e+01   -0.31382466660000585
   1.1620000e+01   -0.22384703460000585
   1.1630000e+01   -0.13709255410000587
   1.1640000e+01   -0.05818533060000587
   1.1650000e+01   0.009137492899994132
   1.1660000e+01   0.060409985399994134
   1.1670000e+01   0.09864721089999413
   1.1680000e+01   0.13350733689999414
   1.1690000e+01   0.16694201089999414
   1.1700000e+01   0.18637236684999414
   1.1710000e+01  0.17797410029999414
   1.1720000e+01  0.14305646229999414
   1.1730000e+01  0.09587571879999413
   1.1740000e+01  0.04656090279999413
   1.1750000e+01  -0.008900191700005868
   1.1760000e+01  -0.07997210920000586
   1.1770000e+01  -0.16522015520000585
   1.1780000e+01  -0.24788442970000585
   1.1790000e+01  -0.3087564812000059
   1.1800000e+01  -0.34087441020000586
   1.1810000e+01   -0.34870259505000584
   1.1820000e+01   -0.3352734114000058
   1.1830000e+01   -0.29594711340000585
   1.1840000e+01   -0.22556135540000583
   1.1850000e+01   -0.12641006040000585
   1.1860000e+01   -0.0072196704000058315
   1.1870000e+01   0.12051512459999418
   1.1880000e+01   0.2415020695999942
   1.1890000e+01   0.3361749145999942
   1.1900000e+01   0.3873112585999942
   1.1910000e+01  0.3886209100999942
   1.1920000e+01  0.3464665920999942
   1.1930000e+01  0.2743374075999942
   1.1940000e+01  0.1853131985999942
   1.1950000e+01  0.08633347859999421
   1.1960000e+01  -0.0226718264000058
   1.1970000e+01  -0.1430357314000058
   1.1980000e+01  -0.26966939640000576
   1.1990000e+01  -0.38957399640000573
   1.2000000e+01  -0.4877391129000057
   1.2010000e+01  -0.5540596329000057
   1.2020000e+01  -0.5868234584000057
   1.2030000e+01   -0.5928433525500058
   1.2040000e+01   -0.5840267107000058
   1.2050000e+01   -0.5710078472000057
   1.2060000e+01   -0.5586371712000058
   1.2070000e+01   -0.5464742622000058
   1.2080000e+01   -0.5306881252000059
   1.2090000e+01   -0.5050445707000059
   1.2100000e+01   -0.46559606770000583
   1.2110000e+01   -0.41918074370000585
   1.2120000e+01   -0.38412962670000583
   1.2130000e+01  -0.37679682430000583
   1.2140000e+01  -0.3974516319000058
   1.2150000e+01  -0.43179393690000584
   1.2160000e+01  -0.46320985190000585
   1.2170000e+01  -0.47923985315000583
   1.2180000e+01   -0.47040469590000583
   1.2190000e+01   -0.43276383740000585
   1.2200000e+01   -0.37498799890000584
   1.2210000e+01   -0.3170810529000058
   1.2220000e+01   -0.2765802709000058
   1.2230000e+01   -0.2559545704000058
   1.2240000e+01   -0.2443263994000058
   1.2250000e+01   -0.22927114540000582
   1.2260000e+01   -0.2048382199000058
   1.2270000e+01   -0.1703868549000058
   1.2280000e+01   -0.1273778704000058
   1.2290000e+01   -0.0814879629000058
   1.2300000e+01   -0.046383255400005804
   1.2310000e+01  -0.039483456900005806
   1.2320000e+01  -0.0694828299000058
   1.2330000e+01  -0.1283655789000058
   1.2340000e+01  -0.1972703184000058
   1.2350000e+01  -0.25877127340000583
   1.2360000e+01  -0.3021461069000058
   1.2370000e+01  -0.32098170360000583
   1.2380000e+01   -0.3128432008000058
   1.2390000e+01   -0.28341330580000584
   1.2400000e+01   -0.24696710130000585
   1.2410000e+01   -0.21884140780000585
   1.2420000e+01   -0.20621610405000584
   1.2430000e+01  -0.20500335595000585
   1.2440000e+01   -0.20397925555000584
   1.2450000e+01   -0.19255733250000584
   1.2460000e+01   -0.16729640100000584
   1.2470000e+01   -0.13249988200000584
   1.2480000e+01   -0.09477535800000585
   1.2490000e+01   -0.05801527150000584
   1.2500000e+01   -0.02433894100000584
   1.2510000e+01   0.002303300499994162
   1.2520000e+01   0.01685680014999416
   1.2530000e+01  0.01799831964999416
   1.2540000e+01  0.010294471499994164
   1.2550000e+01  0.0009312035499941633
   1.2560000e+01  -0.0039214096000058365
   1.2570000e+01   0.0019415026999941645
   1.2580000e+01   0.028005346199994164
   1.2590000e+01   0.08516770419999416
   1.2600000e+01   0.17659205019999416
   1.2610000e+01   0.2897592001999942
   1.2620000e+01   0.4006932251999942
   1.2630000e+01   0.4889116456999942
   1.2640000e+01   0.5481302411999942
   1.2650000e+01   0.5826529916999942
   1.2660000e+01   0.5973282709499942
   1.2670000e+01  0.5941319036999941
   1.2680000e+01  0.5749916931999941
   1.2690000e+01  0.5422129601999941
   1.2700000e+01  0.4967757201999941
   1.2710000e+01  0.44084233819999413
   1.2720000e+01  0.38117967069999414
   1.2730000e+01  0.32489274369999416
   1.2740000e+01  0.2720379201999942
   1.2750000e+01  0.21846349469999418
   1.2760000e+01  0.16687392569999418
   1.2770000e+01  0.12831752719999417
   1.2780000e+01  0.10885123869999418
   1.2790000e+01  0.09900348499999417
   1.2800000e+01  0.08078747379999417
   1.2810000e+01  0.043931149299994164
   1.2820000e+01  -0.005998888200005832
   1.2830000e+01  -0.05284864220000583
   1.2840000e+01  -0.08231839620000583
   1.2850000e+01  -0.09311558680000584
   1.2860000e+01  -0.09798079590000584
   1.2870000e+01  -0.11091333940000585
   1.2880000e+01  -0.13219125940000584
   1.2890000e+01  -0.14955437040000585
   1.2900000e+01  -0.15535545950945587
   1.2910000e+01  -0.15776916496890586
   1.2920000e+01  -0.17234310381890586
   1.2930000e+01  -0.20710584831890586
   1.2940000e+01  -0.2600617838189059
   1.2950000e+01  -0.3270641823189059
   1.2960000e+01  -0.4053759813189059
   1.2970000e+01  -0.4897580033189059
   1.2980000e+01  -0.5703462773189059
   1.2990000e+01  -0.6362897768189059
   1.3000000e+01  -0.6796303598189058
   1.3010000e+01  -0.6963666065689058
   1.3020000e+01   -0.6879486923189058
   1.3030000e+01   -0.6634463913189057
   1.3040000e+01   -0.6367628413189057
   1.3050000e+01   -0.6177703033189057
   1.3060000e+01   -0.6063298057189057
   1.3070000e+01   -0.5971487525189058
   1.3080000e+01   -0.5898790527689057
   1.3090000e+01  -0.5913314584689058
   1.3100000e+01  -0.6070886168189058
   1.3110000e+01  -0.6343009388189058
   1.3120000e+01  -0.6653395863189058
   1.3130000e+01  -0.6964641278189058
   1.3140000e+01  -0.7293835208189058
   1.3150000e+01  -0.7645451898189057
   1.3160000e+01  -0.7959098078189057
   1.3170000e+01  -0.8134276964689058
   1.3180000e+01   -0.8094988341189058
   1.3190000e+01   -0.7828585191189058
   1.3200000e+01   -0.7372609696189059
   1.3210000e+01   -0.6767095606189059
   1.3220000e+01   -0.6022493221189058
   1.3230000e+01   -0.5148157316189058
   1.3240000e+01   -0.4207943946189058
   1.3250000e+01   -0.33047412361890577
   1.3260000e+01   -0.24794168911890577
   1.3270000e+01   -0.16571254811890576
   1.3280000e+01   -0.07409443861890576
   1.3290000e+01   0.02537396638109425
   1.3300000e+01   0.12004802538109424
   1.3310000e+01   0.19864474488109424
   1.3320000e+01   0.25900484938109425
   1.3330000e+01   0.30442593488109426
   1.3340000e+01   0.3385900433810943
   1.3350000e+01   0.3657327928810943
   1.3360000e+01   0.3901731778810943
   1.3370000e+01   0.41209074088109426
   1.3380000e+01   0.4272132023810943
   1.3390000e+01   0.4335495269310943
   1.3400000e+01  0.4346511588155943
   1.3410000e+01  0.4323451929000943
   1.3420000e+01  0.42012361665009434
   1.3430000e+01  0.39056261215009436
   1.3440000e+01  0.34913844565009433
   1.3450000e+01  0.3145184566500943
   1.3460000e+01   0.30262318840009433
   1.3470000e+01   0.31379465615009433
   1.3480000e+01   0.33713679465009433
   1.3490000e+01   0.3631385056500943
   1.3500000e+01   0.3889953556500943
   1.3510000e+01   0.4159419656500943
   1.3520000e+01   0.4478373556500943
   1.3530000e+01   0.4926425926500943
   1.3540000e+01   0.5608715836500943
   1.3550000e+01   0.6603336441500942
   1.3560000e+01   0.7923021741500942
   1.3570000e+01   0.9502258841500941
   1.3580000e+01   1.1187357141500942
   1.3590000e+01   1.2757431941500943
   1.3600000e+01   1.4015657241500943
   1.3610000e+01   1.4889470336500943
   1.3620000e+01   1.5428877836500943
   1.3630000e+01   1.5712679421500944
   1.3640000e+01  1.5790050100500943
   1.3650000e+01  1.5709732804500942
   1.3660000e+01  1.5546244749500941
   1.3670000e+01  1.5352006289500941
   1.3680000e+01  1.509766292450094
   1.3690000e+01  1.4687552709500942
   1.3700000e+01  1.403135769450094
   1.3710000e+01  1.309422137950094
   1.3720000e+01  1.190235007950094
   1.3730000e+01  1.053581592950094
   1.3740000e+01  0.912048117950094
   1.3750000e+01  0.7796016229500939
   1.3760000e+01  0.6653706479500939
   1.3770000e+01  0.5687210679500939
   1.3780000e+01  0.48146705195009387
   1.3790000e+01  0.3971118824500939
   1.3800000e+01  0.3182804879500939
   1.3810000e+01  0.2536248009500939
   1.3820000e+01  0.20757378545009386
   1.3830000e+01  0.17527767395009386
   1.3840000e+01  0.14720694295009384
   1.3850000e+01  0.11452511745009383
   1.3860000e+01  0.06845412045009383
   1.3870000e+01  -0.00024076304990616748
   1.3880000e+01  -0.09519407104990617
   1.3890000e+01  -0.20888258104990615
   1.3900000e+01  -0.32768567104990615
   1.3910000e+01  -0.44295324604990616
   1.3920000e+01  -0.5546404210499062
   1.3930000e+01  -0.6653348860499062
   1.3940000e+01  -0.7747902510499062
   1.3950000e+01  -0.8800036760499061
   1.3960000e+01  -0.9759393545499061
   1.3970000e+01  -1.054988720549906
   1.3980000e+01  -1.110156021049906
   1.3990000e+01  -1.1413525215499059
   1.4000000e+01  -1.1552641250499058
   1.4010000e+01   -1.1560985407999058
   1.4020000e+01   -1.1392540265499058
   1.4030000e+01   -1.0978293140499058
   1.4040000e+01   -1.0336332840499058
   1.4050000e+01   -0.9574814890499058
   1.4060000e+01   -0.8786038620499058
   1.4070000e+01   -0.7971529730499058
   1.4080000e+01   -0.7077778275499058
   1.4090000e+01   -0.6079365825499058
   1.4100000e+01   -0.5020521375499059
   1.4110000e+01   -0.39984442904990586
   1.4120000e+01   -0.31104677204990583
   1.4130000e+01   -0.23880688404990583
   1.4140000e+01   -0.17649234554990584
   1.4150000e+01   -0.11270266404990584
   1.4160000e+01   -0.04105565354990584
   1.4170000e+01   0.03547620545009417
   1.4180000e+01   0.10919594395009417
   1.4190000e+01   0.17337095795009416
   1.4200000e+01   0.22250226645009416
   1.4210000e+01   0.25155274395009414
   1.4220000e+01  0.2598287839000941
   1.4230000e+01  0.25513623635009414
   1.4240000e+01  0.2504069702500941
   1.4250000e+01   0.2547091776500941
   1.4260000e+01   0.2680382336500941
   1.4270000e+01   0.28390564165009413
   1.4280000e+01   0.2951681333000941
   1.4290000e+01  0.2979761698000941
   1.4300000e+01  0.29289566320009414
   1.4310000e+01  0.28411952515009414
   1.4320000e+01  0.27761356080009414
   1.4330000e+01   0.27876373145009414
   1.4340000e+01   0.28906846835009414
   1.4350000e+01   0.30246152335009413
   1.4360000e+01  0.30634647815009414
   1.4370000e+01  0.29139507445009416
   1.4380000e+01  0.2621907694500942
   1.4390000e+01  0.23408013295009417
   1.4400000e+01  0.21673221645009416
   1.4410000e+01  0.20445541145009416
   1.4420000e+01  0.18583316695009416
   1.4430000e+01  0.15851770045009417
   1.4440000e+01  0.12932828445009417
   1.4450000e+01  0.10310885545009418
   1.4460000e+01  0.07831704045009419
   1.4470000e+01  0.05277781745009419
   1.4480000e+01  0.02740557845009419
   1.4490000e+01  0.003185726450094191
   1.4500000e+01  -0.02074403354990581
   1.4510000e+01  -0.04435936954990581
   1.4520000e+01  -0.06529678454990581
   1.4530000e+01  -0.08188975554990581
   1.4540000e+01  -0.0967021190499058
   1.4550000e+01  -0.1168863190499058
   1.4560000e+01  -0.1505194010499058
   1.4570000e+01  -0.1993784660499058
   1.4580000e+01  -0.2538658170499058
   1.4590000e+01  -0.2987897660499058
   1.4600000e+01  -0.32671707454990584
   1.4610000e+01  -0.3420739205499058
   1.4620000e+01  -0.3500216948999058
   1.4630000e+01   -0.34727266974990584
   1.4640000e+01   -0.32904877874990585
   1.4650000e+01   -0.2999321112499058
   1.4660000e+01   -0.2703906407499058
   1.4670000e+01   -0.24489470874990582
   1.4680000e+01   -0.2201260767499058
   1.4690000e+01   -0.19348663374990582
   1.4700000e+01   -0.16681778574990583
   1.4710000e+01   -0.14178011774990582
   1.4720000e+01   -0.11724968224990581
   1.4730000e+01   -0.0923080822499058
   1.4740000e+01   -0.0677545677499058
   1.4750000e+01   -0.04391332574990581
   1.4760000e+01   -0.020699762749905804
   1.4770000e+01   -0.0016303337499058018
   1.4780000e+01  0.004421731100094199
   1.4790000e+01  -0.012170737549905802
   1.4800000e+01  -0.054572915049905794
   1.4810000e+01  -0.1165038645499058
   1.4820000e+01  -0.1865521450499058
   1.4830000e+01  -0.2557076120499058
   1.4840000e+01  -0.3200324985499058
   1.4850000e+01  -0.3763285305499058
   1.4860000e+01  -0.4189378185499058
   1.4870000e+01  -0.4443990235499058
   1.4880000e+01  -0.45747946429990577
   1.4890000e+01  -0.46812319454990575
   1.4900000e+01  -0.48169197054990576
   1.4910000e+01  -0.49418754844990576
   1.4920000e+01   -0.49657965524990577
   1.4930000e+01   -0.4824815291499058
   1.4940000e+01   -0.4539884521499058
   1.4950000e+01   -0.4229151371499058
   1.4960000e+01   -0.4041236157499058
   1.4970000e+01  -0.4040776164999058
   1.4980000e+01  -0.41741192464990584
   1.4990000e+01  -0.4372653046499058
   1.5000000e+01  -0.46561930714990585
   1.5010000e+01  -0.5087171706499058
   1.5020000e+01  -0.5645260646499058
   1.5030000e+01  -0.6201856981499059
   1.5040000e+01  -0.6613494206499059
   1.5050000e+01  -0.6798345805499059
   1.5060000e+01   -0.6730463154499059
   1.5070000e+01   -0.6414341449499059
   1.5080000e+01   -0.588941107949906
   1.5090000e+01   -0.523990742949906
   1.5100000e+01   -0.457773852949906
   1.5110000e+01   -0.399316338449906
   1.5120000e+01   -0.349423203949906
   1.5130000e+01   -0.299851632949906
   1.5140000e+01   -0.24262650344990602
   1.5150000e+01   -0.18145896294990602
   1.5160000e+01   -0.13020975994990602
   1.5170000e+01   -0.09888222994990603
   1.5180000e+01   -0.08516474189990603
   1.5190000e+01   -0.08027056324990603
   1.5200000e+01   -0.07694290229990602
   1.5210000e+01   -0.06961324244990602
   1.5220000e+01   -0.05378550994990602
   1.5230000e+01   -0.030121309449906014
   1.5240000e+01   -0.004096939449906013
   1.5250000e+01   0.02303639405009399
   1.5260000e+01   0.05865566705009399
   1.5270000e+01   0.109902993550094
   1.5280000e+01   0.174339050050094
   1.5290000e+01   0.242746108050094
   1.5300000e+01   0.306112865550094
   1.5310000e+01   0.355709940550094
   1.5320000e+01   0.382232697550094
   1.5330000e+01  0.382136542550094
   1.5340000e+01  0.362838326050094
   1.5350000e+01  0.33673050655009396
   1.5360000e+01  0.31132159505009394
   1.5370000e+01  0.2873586185500939
   1.5380000e+01  0.2624960440500939
   1.5390000e+01  0.23307860405009392
   1.5400000e+01  0.1961684700500939
   1.5410000e+01  0.15428176005009392
   1.5420000e+01  0.11581205205009391
   1.5430000e+01  0.08803327405009392
   1.5440000e+01  0.07263909010009392
   1.5450000e+01   0.06964536215009393
   1.5460000e+01   0.08015191115009393
   1.5470000e+01   0.10168164065009393
   1.5480000e+01   0.12605479665009392
   1.5490000e+01   0.1468140856500939
   1.5500000e+01   0.1652603196500939
   1.5510000e+01   0.18528353765009392
   1.5520000e+01   0.20589329465009393
   1.5530000e+01   0.22238306165009392
   1.5540000e+01   0.2308131579000939
   1.5550000e+01  0.22772628690009392
   1.5560000e+01  0.20999597765009392
   1.5570000e+01  0.17964783665009393
   1.5580000e+01  0.14540390065009393
   1.5590000e+01  0.11517742365009392
   1.5600000e+01  0.08963743965009392
   1.5610000e+01  0.06561963515009392
   1.5620000e+01  0.04133948515009392
   1.5630000e+01  0.01487201865009392
   1.5640000e+01  -0.017267146849906077
   1.5650000e+01  -0.054817009849906076
   1.5660000e+01  -0.09065544084990608
   1.5670000e+01  -0.11801668884990607
   1.5680000e+01  -0.13881251284990606
   1.5690000e+01  -0.16183605534990606
   1.5700000e+01  -0.19551912084990605
   1.5710000e+01  -0.24417640334990606
   1.5720000e+01  -0.30615594684990605
   1.5730000e+01  -0.37181532034990605
   1.5740000e+01  -0.4275476668499061
   1.5750000e+01  -0.46594216334990607
   1.5760000e+01  -0.4892935893499061
   1.5770000e+01  -0.5014982832499061
   1.5780000e+01   -0.5015529028999061
   1.5790000e+01   -0.48746034564990603
   1.5800000e+01   -0.46056625064990603
   1.5810000e+01   -0.422189253149906
   1.5820000e+01   -0.37114357264990605
   1.5830000e+01   -0.3083311701499061
   1.5840000e+01   -0.2387885241499061
   1.5850000e+01   -0.16580304964990608
   1.5860000e+01   -0.08836939414990608
   1.5870000e+01   -0.007588516149906091
   1.5880000e+01   0.07115231085009391
   1.5890000e+01   0.1470153793500939
   1.5900000e+01   0.2278581498500939
   1.5910000e+01   0.3187087913500939
   1.5920000e+01   0.41083306235009387
   1.5930000e+01   0.4895439583500939
   1.5940000e+01   0.5504004783500939
   1.5950000e+01   0.6013956208500939
   1.5960000e+01   0.6505661808500939
   1.5970000e+01   0.6973266003500939
   1.5980000e+01   0.7362423088500939
   1.5990000e+01   0.7644200503500939
   1.6000000e+01   0.7826164408500939
   1.6010000e+01   0.7907457604500938
   1.6020000e+01  0.7851204790500939
   1.6030000e+01  0.7620488945500938
   1.6040000e+01  0.7239262505500939
   1.6050000e+01  0.6792873035500938
   1.6060000e+01  0.6355607930500938
   1.6070000e+01  0.5938702460500939
   1.6080000e+01  0.5521295390500939
   1.6090000e+01  0.5100565655500939
   1.6100000e+01  0.46869403505009394
   1.6110000e+01  0.4279073120500939
   1.6120000e+01  0.38730679805009394
   1.6130000e+01  0.3474169745500939
   1.6140000e+01  0.3079358830500939
   1.6150000e+01  0.2682077755500939
   1.6160000e+01  0.2319929740500939
   1.6170000e+01  0.20787586855009388
   1.6180000e+01   0.20102455980009387
   1.6190000e+01   0.20678591700009388
   1.6200000e+01   0.2148305334000939
   1.6210000e+01  0.2165821448500939
   1.6220000e+01  0.20670982335009389
   1.6230000e+01  0.1823739213500939
   1.6240000e+01  0.14567257785009388
   1.6250000e+01  0.10405033635009388
   1.6260000e+01  0.06413547885009388
   1.6270000e+01  0.02650267385009388
   1.6280000e+01  -0.011471643149906119
   1.6290000e+01  -0.05033101564990612
   1.6300000e+01  -0.08866712964990611
   1.6310000e+01  -0.1260368761499061
   1.6320000e+01  -0.1630715786499061
   1.6330000e+01  -0.2001285336499061
   1.6340000e+01  -0.2372270081499061
   1.6350000e+01  -0.2735402066499061
   1.6360000e+01  -0.3062491016499061
   1.6370000e+01  -0.3324416841499061
   1.6380000e+01  -0.3531197426499061
   1.6390000e+01  -0.3726613161499061
   1.6400000e+01  -0.3928972056499061
   1.6410000e+01  -0.4098751051499061
   1.6420000e+01  -0.4180510337499061
   1.6430000e+01   -0.4163602189999061
   1.6440000e+01   -0.4089598420999061
   1.6450000e+01   -0.4007805112999061
   1.6460000e+01   -0.3935091470499061
   1.6470000e+01   -0.3865631975999061
   1.6480000e+01   -0.38203807854990607
   1.6490000e+01  -0.38691683044990605
   1.6500000e+01  -0.40760516344990605
   1.6510000e+01  -0.442341878449906
   1.6520000e+01  -0.482074271449906
   1.6530000e+01  -0.519570122449906
   1.6540000e+01  -0.554755435449906
   1.6550000e+01  -0.590459660449906
   1.6560000e+01  -0.626861054449906
   1.6570000e+01  -0.662337478449906
   1.6580000e+01  -0.696724493449906
   1.6590000e+01  -0.7309500749499059
   1.6600000e+01  -0.765073947449906
   1.6610000e+01  -0.798602044449906
   1.6620000e+01  -0.831559409449906
   1.6630000e+01  -0.864130870949906
   1.6640000e+01  -0.896263455449906
   1.6650000e+01  -0.928014336449906
   1.6660000e+01  -0.959368953449906
   1.6670000e+01  -0.990123246449906
   1.6680000e+01  -1.0205831184499061
   1.6690000e+01  -1.050181881949906
   1.6700000e+01  -1.073700985949906
   1.6710000e+01   -1.082567210179906
   1.6720000e+01   -1.074216965909906
   1.6730000e+01   -1.0572154504099058
   1.6740000e+01   -1.0412253574099057
   1.6750000e+01   -1.0235864479099057
   1.6760000e+01   -0.9925071684099057
   1.6770000e+01   -0.9433387294099057
   1.6780000e+01   -0.8848307844099057
   1.6790000e+01   -0.8279679474099058
   1.6800000e+01   -0.7750760889099058
   1.6810000e+01   -0.7227007269099057
   1.6820000e+01   -0.6696343534099057
   1.6830000e+01   -0.6176764059099057
   1.6840000e+01   -0.5675540544099057
   1.6850000e+01   -0.5182508174099056
   1.6860000e+01   -0.46935041540990563
   1.6870000e+01   -0.42144166540990563
   1.6880000e+01   -0.37472530440990565
   1.6890000e+01   -0.32882754440990564
   1.6900000e+01   -0.28363178540990563
   1.6910000e+01   -0.23934799940990564
   1.6920000e+01   -0.19604106390990564
   1.6930000e+01   -0.15358343940990565
   1.6940000e+01   -0.11188188640990565
   1.6950000e+01   -0.07098276690990565
   1.6960000e+01   -0.031002829909905646
   1.6970000e+01   0.00810294959009436
   1.6980000e+01   0.04649848259009436
   1.6990000e+01   0.08407854259009437
   1.7000000e+01   0.12129361309009437
   1.7010000e+01   0.16157171359009437
   1.7020000e+01   0.2113750970900944
   1.7030000e+01   0.27491581959009437
   1.7040000e+01   0.34896032009009437
   1.7050000e+01   0.42550982409009436
   1.7060000e+01   0.4995271590900944
   1.7070000e+01   0.5713723900900943
   1.7080000e+01   0.6423962030900944
   1.7090000e+01   0.7122836900900944
   1.7100000e+01   0.7807943495900944
   1.7110000e+01   0.8470245345900944
   1.7120000e+01   0.9054411655900945
   1.7130000e+01   0.9478940280900945
   1.7140000e+01   0.9728596450900945
   1.7150000e+01   0.9888928790900945
   1.7160000e+01   1.0056185855900945
   1.7170000e+01   1.0246271915900946
   1.7180000e+01   1.0423803765900945
   1.7190000e+01   1.0577720945900946
   1.7200000e+01   1.0711847725900945
   1.7210000e+01   1.0784183888900944
   1.7220000e+01  1.0722791201900945
   1.7230000e+01  1.0512172581900945
   1.7240000e+01  1.0219311271900944
   1.7250000e+01  0.9920293936900944
   1.7260000e+01  0.9635236101900944
   1.7270000e+01  0.9348852666900943
   1.7280000e+01  0.9058690101900944
   1.7290000e+01  0.8770685786900944
   1.7300000e+01  0.8460168196900943
   1.7310000e+01  0.8067636366900943
   1.7320000e+01  0.7543749321900943
   1.7330000e+01  0.6894956376900944
   1.7340000e+01  0.6182918996900943
   1.7350000e+01  0.5475646531900944
   1.7360000e+01  0.4795659781900944
   1.7370000e+01  0.41237111469009435
   1.7380000e+01  0.34597995669009435
   1.7390000e+01  0.28615052619009435
   1.7400000e+01  0.23976811869009435
   1.7410000e+01  0.20795055519009434
   1.7420000e+01  0.18750518719009435
   1.7430000e+01  0.17834608359009435
   1.7440000e+01   0.18406978199009436
   1.7450000e+01   0.20387437749009435
   1.7460000e+01   0.22925443099009435
   1.7470000e+01   0.25196727849009437
   1.7480000e+01   0.27169020799009436
   1.7490000e+01   0.29317098799009433
   1.7500000e+01   0.3197332724900943
   1.7510000e+01   0.3525137549900943
   1.7520000e+01   0.3915883634900943
   1.7530000e+01   0.4334157359900943
   1.7540000e+01   0.4705488489900943
   1.7550000e+01   0.4984592679900943
   1.7560000e+01   0.5203318904900943
   1.7570000e+01   0.5416655004900943
   1.7580000e+01   0.5630796769900943
   1.7590000e+01   0.5816337564900943
   1.7600000e+01   0.5951034649900943
   1.7610000e+01   0.6004803575400942
   1.7620000e+01  0.5922650135900942
   1.7630000e+01  0.5681328715900942
   1.7640000e+01  0.5342068320900942
   1.7650000e+01  0.4998430150900942
   1.7660000e+01  0.4687652135900942
   1.7670000e+01  0.4387572365900942
   1.7680000e+01  0.4070405405900942
   1.7690000e+01  0.3716434655900942
   1.7700000e+01  0.3306132220900942
   1.7710000e+01  0.28528575559009417
   1.7720000e+01  0.24250108309009416
   1.7730000e+01  0.20848529609009417
   1.7740000e+01  0.18138960809009416
   1.7750000e+01  0.15366675659009416
   1.7760000e+01  0.12007889559009416
   1.7770000e+01  0.07907897209009415
   1.7780000e+01  0.028593733090094157
   1.7790000e+01  -0.03256770540990585
   1.7800000e+01  -0.09788593940990585
   1.7810000e+01  -0.15387762090990587
   1.7820000e+01  -0.19192970890990585
   1.7830000e+01  -0.21670492990990586
   1.7840000e+01  -0.23933293390990587
   1.7850000e+01  -0.26472021940990587
   1.7860000e+01  -0.29001676440990587
   1.7870000e+01  -0.3133095184099059
   1.7880000e+01  -0.3361270104099059
   1.7890000e+01  -0.3557277644099059
   1.7900000e+01   -0.3629192924599059
   1.7910000e+01   -0.3530097365099059
   1.7920000e+01   -0.33303096250990594
   1.7930000e+01   -0.3111378595099059
   1.7940000e+01   -0.2834173070099059
   1.7950000e+01   -0.23982378300990592
   1.7960000e+01   -0.18124217750990593
   1.7970000e+01   -0.12273021600990593
   1.7980000e+01   -0.08061468500990593
   1.7990000e+01   -0.06264425990990594
   1.8000000e+01  -0.06803489980990593
   1.8010000e+01  -0.08803631830990594
   1.8020000e+01  -0.10671971230990593
   1.8030000e+01   -0.11020274635990593
   1.8040000e+01   -0.09782657890990593
   1.8050000e+01   -0.08021039440990593
   1.8060000e+01   -0.06789621925990594
   1.8070000e+01  -0.06704677020990593
   1.8080000e+01  -0.08173183230990594
   1.8090000e+01  -0.11006516230990594
   1.8100000e+01  -0.13866994980990593
   1.8110000e+01  -0.15101916066990595
   1.8120000e+01   -0.14361463902990595
   1.8130000e+01   -0.12764344702990596
   1.8140000e+01   -0.11474665872990596
   1.8150000e+01   -0.10808725467990596
   1.8160000e+01  -0.10644629923990596
   1.8170000e+01  -0.10786179994990597
   1.8180000e+01   -0.10748117314990596
   1.8190000e+01   -0.10000653194990596
   1.8200000e+01   -0.08761421444990596
   1.8210000e+01   -0.07977971749990595
   1.8220000e+01  -0.08272868534990595
   1.8230000e+01  -0.09365125014990595
   1.8240000e+01  -0.10667212164990596
   1.8250000e+01  -0.11942036014990595
   1.8260000e+01  -0.13198182564990596
   1.8270000e+01  -0.14421893314990597
   1.8280000e+01  -0.15639736614990596
   1.8290000e+01  -0.16878647364990595
   1.8300000e+01  -0.17925140754990596
   1.8310000e+01  -0.18529861969990596
   1.8320000e+01  -0.19014119489990597
   1.8330000e+01  -0.20251626084990598
   1.8340000e+01  -0.227791797849906
   1.8350000e+01  -0.261997192349906
   1.8360000e+01  -0.296384188349906
   1.8370000e+01  -0.324849029849906
   1.8380000e+01  -0.345397690849906
   1.8390000e+01  -0.358491581299906
   1.8400000e+01  -0.367224139549906
   1.8410000e+01  -0.376188501349906
   1.8420000e+01  -0.386971387349906
   1.8430000e+01  -0.397304912099906
   1.8440000e+01  -0.407351665849906
   1.8450000e+01  -0.422911703349906
   1.8460000e+01  -0.44769496784990603
   1.8470000e+01  -0.47567391984990604
   1.8480000e+01  -0.497548921349906
   1.8490000e+01  -0.5135634333499061
   1.8500000e+01  -0.533151283349906
   1.8510000e+01  -0.5611205493499061
   1.8520000e+01  -0.5902473278499061
   1.8530000e+01  -0.6100429518499061
   1.8540000e+01  -0.6188629568999061
   1.8550000e+01  -0.6249458130499062
   1.8560000e+01  -0.6378861676499061
   1.8570000e+01  -0.6602861546499061
   1.8580000e+01  -0.6855270531499061
   1.8590000e+01  -0.7027761926499061
   1.8600000e+01   -0.7056092908499061
   1.8610000e+01   -0.6957053820499061
   1.8620000e+01   -0.6775079735499061
   1.8630000e+01   -0.6520309690499061
   1.8640000e+01   -0.6187654265499061
   1.8650000e+01   -0.5807582615499061
   1.8660000e+01   -0.543054625549906
   1.8670000e+01   -0.507363399049906
   1.8680000e+01   -0.472324449049906
   1.8690000e+01   -0.437493248049906
   1.8700000e+01   -0.402564405549906
   1.8710000e+01   -0.364057717049906
   1.8720000e+01   -0.31790640604990605
   1.8730000e+01   -0.26504974604990605
   1.8740000e+01   -0.21000825154990604
   1.8750000e+01   -0.15389697854990605
   1.8760000e+01   -0.09264266854990605
   1.8770000e+01   -0.022233487049906048
   1.8780000e+01   0.05699969945009396
   1.8790000e+01   0.14033133945009396
   1.8800000e+01   0.21988506895009396
   1.8810000e+01   0.28752248145009396
   1.8820000e+01   0.340396326450094
   1.8830000e+01   0.38305125045009397
   1.8840000e+01   0.42105783745009395
   1.8850000e+01   0.453807392950094
   1.8860000e+01   0.476687423950094
   1.8870000e+01   0.488389020850094
   1.8880000e+01  0.491245261425094
   1.8890000e+01  0.484636587100094
   1.8900000e+01  0.463193756100094
   1.8910000e+01  0.424198528600094
   1.8920000e+01  0.374885278100094
   1.8930000e+01  0.330128152600094
   1.8940000e+01  0.30204475760009397
   1.8950000e+01  0.290980085050094
   1.8960000e+01  0.285974725850094
   1.8970000e+01  0.27456500320009397
   1.8980000e+01  0.252798425700094
   1.8990000e+01  0.22587197020009397
   1.9000000e+01  0.20026647620009397
   1.9010000e+01  0.17726811070009396
   1.9020000e+01  0.15364868170009396
   1.9030000e+01  0.12555452620009397
   1.9040000e+01  0.09062508170009397
   1.9050000e+01  0.04888010420009396
   1.9060000e+01  0.003492464200093956
   1.9070000e+01  -0.04058052779990604
   1.9080000e+01  -0.08003816429990604
   1.9090000e+01  -0.11450959429990604
   1.9100000e+01  -0.14454041129990602
   1.9110000e+01  -0.17098858879990603
   1.9120000e+01  -0.19748637929990603
   1.9130000e+01  -0.23025368529990603
   1.9140000e+01  -0.272320920799906
   1.9150000e+01  -0.319365561299906
   1.9160000e+01  -0.364082120299906
   1.9170000e+01  -0.40361714629990597
   1.9180000e+01  -0.439765968299906
   1.9190000e+01  -0.472793563799906
   1.9200000e+01  -0.499185958299906
   1.9210000e+01  -0.516622432299906
   1.9220000e+01  -0.528072910399906
   1.9230000e+01  -0.538941380499906
   1.9240000e+01  -0.5515961264999061
   1.9250000e+01  -0.5639163704999061
   1.9260000e+01  -0.5718495386999061
   1.9270000e+01   -0.5721672193499061
   1.9280000e+01   -0.5635326482999061
   1.9290000e+01   -0.5457582437999061
   1.9300000e+01   -0.5180260737999061
   1.9310000e+01   -0.478715564299906
   1.9320000e+01   -0.42818838379990604
   1.9330000e+01   -0.37048053879990606
   1.9340000e+01   -0.3098785247999061
   1.9350000e+01   -0.24677791679990607
   1.9360000e+01   -0.18003241679990606
   1.9370000e+01   -0.11280706979990605
   1.9380000e+01   -0.05203584879990605
   1.9390000e+01   -0.0011406802999060356
   1.9400000e+01   0.043450946700093966
   1.9410000e+01   0.08738973120009397
   1.9420000e+01   0.13257001370009397
   1.9430000e+01   0.17669994870009398
   1.9440000e+01   0.215778196700094
   1.9450000e+01   0.24642438170009398
   1.9460000e+01   0.268669236200094
   1.9470000e+01   0.286902740200094
   1.9480000e+01   0.305122041200094
   1.9490000e+01   0.321348761700094
   1.9500000e+01   0.330759932600094
   1.9510000e+01   0.334739002150094
   1.9520000e+01   0.341851850300094
   1.9530000e+01   0.357656597300094
   1.9540000e+01   0.377514190800094
   1.9550000e+01   0.392143742250094
   1.9560000e+01   0.397154975570094
   1.9570000e+01  0.394613067390094
   1.9580000e+01  0.388516321440094
   1.9590000e+01  0.382392624890094
   1.9600000e+01  0.379303514705094
   1.9610000e+01   0.380090625470094
   1.9620000e+01   0.381657572935094
   1.9630000e+01  0.37974309925009403
   1.9640000e+01  0.37370297665009405
   1.9650000e+01  0.36667237870009406
   1.9660000e+01  0.36105750860009406
   1.9670000e+01  0.35610434990009404
   1.9680000e+01  0.35041502770009403
   1.9690000e+01  0.344210196150094
   1.9700000e+01  0.33689388975009404
   1.9710000e+01  0.32387158850009407
   1.9720000e+01  0.29900051350009405
   1.9730000e+01  0.260883954000094
   1.9740000e+01  0.214667962000094
   1.9750000e+01  0.166453231500094
   1.9760000e+01  0.117148991500094
   1.9770000e+01  0.062884016000094
   1.9780000e+01  0.0008645110000939996
   1.9790000e+01  -0.065666919499906
   1.9800000e+01  -0.12786432849990598
   1.9810000e+01  -0.17702779699990598
   1.9820000e+01  -0.211025741499906
   1.9830000e+01  -0.234721566499906
   1.9840000e+01  -0.253278893499906
   1.9850000e+01  -0.266527325599906
   1.9860000e+01  -0.27167461228990597
   1.9870000e+01   -0.269464569929906
   1.9880000e+01   -0.26425847232990596
   1.9890000e+01   -0.259348086429906
   1.9900000e+01   -0.256161639329906
   1.9910000e+01  -0.25736393512990596
   1.9920000e+01  -0.266194632279906
   1.9930000e+01  -0.28216442227990596
   1.9940000e+01  -0.30094138927990594
   1.9950000e+01  -0.31883346027990594
   1.9960000e+01  -0.33423016277990597
   1.9970000e+01  -0.344982249679906
   1.9980000e+01   -0.34835565105490596
   1.9990000e+01   -0.34404885457990597
   2.0000000e+01   -0.333866370629906
   2.0010000e+01   -0.318111524629906
   2.0020000e+01   -0.295624618629906
   2.0030000e+01   -0.267781754129906
   2.0040000e+01   -0.239157252629906
   2.0050000e+01   -0.212984037129906
   2.0060000e+01   -0.187671298129906
   2.0070000e+01   -0.158308070129906
   2.0080000e+01   -0.120937809129906
   2.0090000e+01   -0.07646749162990599
   2.0100000e+01   -0.03154398512990599
   2.0110000e+01   0.005927469370094002
   2.0120000e+01   0.03333970837009401
   2.0130000e+01   0.05377200087009401
   2.0140000e+01   0.06944477337009401
   2.0150000e+01   0.078401749070094
   2.0160000e+01  0.07953314922009401
   2.0170000e+01  0.07692658012009401
   2.0180000e+01   0.07575058173009401
   2.0190000e+01   0.07643910344509401
   2.0200000e+01  0.07634164375009402
   2.0210000e+01  0.07504542085009401
   2.0220000e+01   0.074385968855094
   2.0230000e+01  0.07392742026009401
   2.0240000e+01  0.069445557260094
   2.0250000e+01  0.056716247510094006
   2.0260000e+01  0.036406158510094
   2.0270000e+01  0.015313445510094
   2.0280000e+01  0.001842472810094
   2.0290000e+01   -0.001283263639906
   2.0300000e+01   0.0009320500100940001
   2.0310000e+01  0.002316324835594
   2.0320000e+01  0.0020826474460940003
   2.0330000e+01   0.0025450918310940002
   2.0340000e+01   0.0036965001310940004
   2.0350000e+01   0.005027967531094001
   2.0360000e+01   0.010379667981094
   2.0370000e+01   0.024345968631094
   2.0380000e+01   0.043847579631093994
   2.0390000e+01   0.05901424463109399
   2.0400000e+01  0.06308240028109399
   2.0410000e+01  0.05672609293109399
   2.0420000e+01  0.04294592043109399
   2.0430000e+01  0.02351704893109399
   2.0440000e+01  0.0011204464310939875
   2.0450000e+01  -0.02069085306890601
   2.0460000e+01  -0.040954466568906014
   2.0470000e+01  -0.06007336356890602
   2.0480000e+01  -0.07490728106890601
   2.0490000e+01  -0.08073504487390601
   2.0500000e+01   -0.078641739528906
   2.0510000e+01   -0.074253222778906
   2.0520000e+01   -0.067057264678906
   2.0530000e+01   -0.047889377678906005
   2.0540000e+01   -0.011796902678906006
   2.0550000e+01   0.030611365821093993
   2.0560000e+01   0.05916036982109399
   2.0570000e+01  0.060000124821093986
   2.0580000e+01  0.03434082982109399
   2.0590000e+01  -0.004433262178906015
   2.0600000e+01  -0.03891642467890602
   2.0610000e+01  -0.05635470837890602
   2.0620000e+01   -0.055011542578906024
   2.0630000e+01   -0.043647818078906025
   2.0640000e+01   -0.03332249262890603
   2.0650000e+01   -0.028849406528906028
   2.0660000e+01   -0.027683671278906027
   2.0670000e+01   -0.025548391928906025
   2.0680000e+01   -0.021758740778906025
   2.0690000e+01   -0.018801410478906024
   2.0700000e+01   -0.016922984478906025
   2.0710000e+01   -0.010254363878906023
   2.0720000e+01   0.00914037162109398
   2.0730000e+01   0.04194656312109399
   2.0740000e+01   0.07853373862109399
   2.0750000e+01   0.10798197212109399
   2.0760000e+01   0.129011181121094
   2.0770000e+01   0.14891207462109401
   2.0780000e+01   0.17255767762109403
   2.0790000e+01   0.19678591812109403
   2.0800000e+01   0.21675450312109404
   2.0810000e+01   0.23401027612109404
   2.0820000e+01   0.255472282121094
   2.0830000e+01   0.28631923662109404
   2.0840000e+01   0.326127928621094
   2.0850000e+01   0.37022266112109403
   2.0860000e+01   0.41182191762109405
   2.0870000e+01   0.4436063811210941
   2.0880000e+01   0.46068089312109406
   2.0890000e+01  0.46370288322109404
   2.0900000e+01  0.458416075421094
   2.0910000e+01  0.451863252121094
   2.0920000e+01   0.449278236406094
   2.0930000e+01   0.452921607191094
   2.0940000e+01   0.46112999154109396
   2.0950000e+01   0.468479431241094
   2.0960000e+01  0.469675696041094
   2.0970000e+01  0.464581347991094
   2.0980000e+01  0.457929559091094
   2.0990000e+01  0.453491972191094
   2.1000000e+01  0.450408400791094
   2.1010000e+01  0.446137633291094
   2.1020000e+01  0.440802185391094
   2.1030000e+01  0.436467297591094
   2.1040000e+01  0.432978980891094
   2.1050000e+01  0.426553997241094
   2.1060000e+01  0.412969298891094
   2.1070000e+01  0.391490731391094
   2.1080000e+01  0.36539019839109405
   2.1090000e+01  0.33892602139109407
   2.1100000e+01  0.31455727389109406
   2.1110000e+01  0.29369045939109406
   2.1120000e+01  0.27887699989109405
   2.1130000e+01  0.27239338044109407
   2.1140000e+01   0.27211858869109407
   2.1150000e+01  0.2721632365910941
   2.1160000e+01  0.2695504310410941
   2.1170000e+01  0.2669615533910941
   2.1180000e+01  0.2657303069410941
   2.1190000e+01  0.2593584058910941
   2.1200000e+01  0.2388210963910941
   2.1210000e+01  0.2027232458910941
   2.1220000e+01  0.1576152513910941
   2.1230000e+01  0.10961495439109412
   2.1240000e+01  0.060788335891094114
   2.1250000e+01  0.012894004391094109
   2.1260000e+01  -0.031342813608905895
   2.1270000e+01  -0.07166773810890589
   2.1280000e+01  -0.10999107410890589
   2.1290000e+01  -0.1452146676089059
   2.1300000e+01  -0.1727481686089059
   2.1310000e+01  -0.1910049901089059
   2.1320000e+01  -0.2046514261089059
   2.1330000e+01  -0.2190946346089059
   2.1340000e+01  -0.2341161916089059
   2.1350000e+01  -0.2446809575089059
   2.1360000e+01   -0.2464685367089059
   2.1370000e+01   -0.2398845129089059
   2.1380000e+01   -0.2303130936089059
   2.1390000e+01   -0.2247876830589059
   2.1400000e+01  -0.2265176000589059
   2.1410000e+01  -0.23186080910890589
   2.1420000e+01   -0.2333993189589059
   2.1430000e+01   -0.22567753860890588
   2.1440000e+01   -0.20715026710890588
   2.1450000e+01   -0.17793650110890588
   2.1460000e+01   -0.13827438460890587
   2.1470000e+01   -0.08989452110890588
   2.1480000e+01   -0.03775346410890587
   2.1490000e+01   0.010914338391094125
   2.1500000e+01   0.050534236391094126
   2.1510000e+01   0.08098072239109412
   2.1520000e+01   0.10679847739109412
   2.1530000e+01   0.1320969948910941
   2.1540000e+01   0.1575042733910941
   2.1550000e+01   0.1824899193910941
   2.1560000e+01   0.2074542978910941
   2.1570000e+01   0.23124955289109408
   2.1580000e+01   0.24971880389109408
   2.1590000e+01   0.25983604614109407
   2.1600000e+01   0.2627402980875941
   2.1610000e+01  0.2601937381840941
   2.1620000e+01  0.2520670805840941
   2.1630000e+01  0.2406830885840941
   2.1640000e+01  0.23239357913409409
   2.1650000e+01  0.22951682054409409
   2.1660000e+01  0.2256384384040941
   2.1670000e+01  0.21536226190409408
   2.1680000e+01  0.20414726380409406
   2.1690000e+01   0.20103573855409407
   2.1700000e+01   0.20556281265409407
   2.1710000e+01   0.20995760955409407
   2.1720000e+01   0.21114525838409406
   2.1730000e+01   0.21226895266409407
   2.1740000e+01   0.21500392571409407
   2.1750000e+01   0.2189779613640941
   2.1760000e+01   0.22678718856409408
   2.1770000e+01   0.2407533630640941
   2.1780000e+01   0.2556979140640941
   2.1790000e+01   0.2632722293640941
   2.1800000e+01  0.26313278076409413
   2.1810000e+01   0.26240255891409414
   2.1820000e+01   0.2646808585640941
   2.1830000e+01   0.26704451886409414
   2.1840000e+01  0.26754631098909415
   2.1850000e+01   0.26815271891409415
   2.1860000e+01   0.26978025201409417
   2.1870000e+01   0.27095157268409414
   2.1880000e+01   0.27161892849409414
   2.1890000e+01   0.27227656019909413
   2.1900000e+01  0.26968623336409414
   2.1910000e+01  0.26014884106409414
   2.1920000e+01  0.24688434606409415
   2.1930000e+01  0.23681010486409415
   2.1940000e+01  0.22888459366409414
   2.1950000e+01  0.21281606916409412
   2.1960000e+01  0.18181602366409413
   2.1970000e+01  0.14067890966409413
   2.1980000e+01  0.09845905166409413
   2.1990000e+01  0.05850853866409413
   2.2000000e+01  0.019134391164094135
   2.2010000e+01  -0.020470110335905865
   2.2020000e+01  -0.05930475183590587
   2.2030000e+01  -0.09712700333590588
   2.2040000e+01  -0.1344820853359059
   2.2050000e+01  -0.1713514548359059
   2.2060000e+01  -0.20749666133590589
   2.2070000e+01  -0.24225820683590588
   2.2080000e+01  -0.27234169283590587
   2.2090000e+01  -0.29198282783590584
   2.2100000e+01   -0.29775763053590587
   2.2110000e+01   -0.2923570598359059
   2.2120000e+01   -0.2821272324359059
   2.2130000e+01   -0.2717522357359059
   2.2140000e+01   -0.2622896964359059
   2.2150000e+01   -0.2530115523359059
   2.2160000e+01   -0.24344205628590587
   2.2170000e+01   -0.23382109743590587
   2.2180000e+01   -0.22457913638590588
   2.2190000e+01   -0.2156941811859059
   2.2200000e+01   -0.20674103073590588
   2.2210000e+01   -0.1976726070359059
   2.2220000e+01   -0.1889561860859059
   2.2230000e+01   -0.1806300958859059
   2.2240000e+01   -0.1721489538359059
   2.2250000e+01   -0.1635526968359059
   2.2260000e+01   -0.1554928621359059
   2.2270000e+01   -0.1477259006859059
   2.2280000e+01   -0.1395313689859059
   2.2290000e+01   -0.1322648546859059
   2.2300000e+01   -0.1287954658209059
   2.2310000e+01  -0.1289021388059059
   2.2320000e+01   -0.1279685727559059
   2.2330000e+01   -0.1223768787059059
   2.2340000e+01   -0.1137723005059059
   2.2350000e+01   -0.10580813370590589
   2.2360000e+01   -0.0992069452059059
   2.2370000e+01   -0.0925444424559059
   2.2380000e+01   -0.0855193681559059
   2.2390000e+01   -0.0787262446559059
   2.2400000e+01   -0.0721025703059059
   2.2410000e+01   -0.0656901738559059
   2.2420000e+01   -0.0596059027559059
   2.2430000e+01   -0.051497251205905904
   2.2440000e+01   -0.03743355970590591
   2.2450000e+01   -0.018078877705905907
   2.2460000e+01   -0.0006576577059059056
   2.2470000e+01   0.008689341094094093
   2.2480000e+01   0.011887316294094093
   2.2490000e+01   0.015056931244094093
   2.2500000e+01   0.020421462594094095
   2.2510000e+01   0.025768698694094094
   2.2520000e+01   0.029690223894094096
   2.2530000e+01   0.033250816094094096
   2.2540000e+01   0.037413141494094096
   2.2550000e+01   0.041788699294094095
   2.2560000e+01   0.04501648974409409
   2.2570000e+01  0.04427503744409409
   2.2580000e+01  0.03610134689409409
   2.2590000e+01  0.02009339239409409
   2.2600000e+01  0.00038418039409408855
   2.2610000e+01  -0.01838213210590591
   2.2620000e+01  -0.03450974810590591
   2.2630000e+01  -0.04690183770590591
   2.2640000e+01  -0.052451155255905914
   2.2650000e+01   -0.049612725305905915
   2.2660000e+01   -0.043075416855905914
   2.2670000e+01  -0.04109808825590591
   2.2680000e+01  -0.048231616205905915
   2.2690000e+01  -0.06279732770590592
   2.2700000e+01  -0.08060997720590592
   2.2710000e+01  -0.09863768820590592
   2.2720000e+01  -0.11562709320590592
   2.2730000e+01  -0.13179502070590593
   2.2740000e+01  -0.14820280020590593
   2.2750000e+01  -0.16511026970590592
   2.2760000e+01  -0.1814520392059059
   2.2770000e+01  -0.1968794967059059
   2.2780000e+01  -0.2125406277059059
   2.2790000e+01  -0.2278442897059059
   2.2800000e+01  -0.2383555391059059
   2.2810000e+01   -0.2399633991559059
   2.2820000e+01   -0.23413851975590588
   2.2830000e+01   -0.22620757690590587
   2.2840000e+01   -0.21940675570590587
   2.2850000e+01   -0.21345187870590587
   2.2860000e+01   -0.20730118125590588
   2.2870000e+01   -0.19922458870590587
   2.2880000e+01   -0.18539329400590587
   2.2890000e+01   -0.16377242350590587
   2.2900000e+01   -0.13976120700590586
   2.2910000e+01   -0.12278762700590586
   2.2920000e+01   -0.11596099020590586
   2.2930000e+01   -0.11349795825590586
   2.2940000e+01   -0.10940623990590587
   2.2950000e+01   -0.10377517200590587
   2.2960000e+01   -0.09916556295590587
   2.2970000e+01   -0.09669388050590587
   2.2980000e+01  -0.09855568340590587
   2.2990000e+01  -0.10860791890590588
   2.3000000e+01  -0.1258405139059059
   2.3010000e+01  -0.1414861914059059
   2.3020000e+01   -0.1473601010159059
   2.3030000e+01   -0.14418519682590591
   2.3040000e+01   -0.1382431708759059
   2.3050000e+01   -0.1338149381759059
   2.3060000e+01  -0.1331220351259059
   2.3070000e+01  -0.1391296891259059
   2.3080000e+01  -0.1521732416259059
   2.3090000e+01  -0.1667060596259059
   2.3100000e+01  -0.1776547141259059
   2.3110000e+01  -0.1878919201259059
   2.3120000e+01  -0.2031032626259059
   2.3130000e+01  -0.2209807611259059
   2.3140000e+01  -0.2325383986759059
   2.3150000e+01   -0.2336270946759059
   2.3160000e+01   -0.2280305606759059
   2.3170000e+01   -0.2186375007259059
   2.3180000e+01   -0.2029066857259059
   2.3190000e+01   -0.17928570372590588
   2.3200000e+01   -0.15138459672590587
   2.3210000e+01   -0.12198640022590587
   2.3220000e+01   -0.08807916122590587
   2.3230000e+01   -0.04615064322590587
   2.3240000e+01   0.0012968452740941272
   2.3250000e+01   0.048549617774094125
   2.3260000e+01   0.09283831427409413
   2.3270000e+01   0.13354805077409412
   2.3280000e+01   0.16807520077409413
   2.3290000e+01   0.19366075727409413
   2.3300000e+01   0.21256005677409412
   2.3310000e+01   0.23082884377409413
   2.3320000e+01   0.2513657847740941
   2.3330000e+01   0.2711740067740941
   2.3340000e+01   0.2857449082740941
   2.3350000e+01   0.2929647864240941
   2.3360000e+01  0.2915887257240941
   2.3370000e+01  0.2786879528740941
   2.3380000e+01  0.2513452133740941
   2.3390000e+01  0.2107215323740941
   2.3400000e+01  0.1629499528740941
   2.3410000e+01  0.11515175037409411
   2.3420000e+01  0.0704385683740941
   2.3430000e+01  0.02706659037409409
   2.3440000e+01  -0.017288611125905913
   2.3450000e+01  -0.06098539912590592
   2.3460000e+01  -0.09906730112590592
   2.3470000e+01  -0.12822523212590592
   2.3480000e+01  -0.14985404312590592
   2.3490000e+01  -0.16809457612590592
   2.3500000e+01  -0.18624907962590592
   2.3510000e+01  -0.20532323912590592
   2.3520000e+01  -0.22423267762590593
   2.3530000e+01  -0.24058066362590594
   2.3540000e+01  -0.25293381162590595
   2.3550000e+01  -0.263397654625906
   2.3560000e+01  -0.27607270412590595
   2.3570000e+01  -0.291330740125906
   2.3580000e+01  -0.303423422125906
   2.3590000e+01   -0.306218376125906
   2.3600000e+01   -0.300347977125906
   2.3610000e+01   -0.292215480525906
   2.3620000e+01   -0.286439837825906
   2.3630000e+01   -0.281696458975906
   2.3640000e+01   -0.273623724725906
   2.3650000e+01   -0.25901362722590604
   2.3660000e+01   -0.23701581072590605
   2.3670000e+01   -0.20935448822590605
   2.3680000e+01   -0.18026226072590604
   2.3690000e+01   -0.15303427222590604
   2.3700000e+01   -0.12509803572590605
   2.3710000e+01   -0.08989432172590606
   2.3720000e+01   -0.04628891622590606
   2.3730000e+01   -0.00262138072590605
   2.3740000e+01   0.033171662274093947
   2.3750000e+01   0.06520027177409395
   2.3760000e+01   0.10524260277409395
   2.3770000e+01   0.15632343377409394
   2.3780000e+01   0.20637728777409395
   2.3790000e+01   0.24058705277409395
   2.3800000e+01   0.25566671392409396
   2.3810000e+01   0.25922058895909394
   2.3820000e+01  0.2592649840240939
   2.3830000e+01  0.2588138897140939
   2.3840000e+01  0.25826876613909394
   2.3850000e+01  0.25794586572909395
   2.3860000e+01  0.25781230863909393
   2.3870000e+01  0.25755099832409395
   2.3880000e+01   0.25736686876197895
   2.3890000e+01   0.2575172044998639
   2.3900000e+01   0.25769537717586394
   2.3910000e+01   0.25781685566186396
   2.3920000e+01  0.25777561883686395
   2.3930000e+01  0.25489016240186396
   2.3940000e+01  0.24344889885186397
   2.3950000e+01  0.21913065035186396
   2.3960000e+01  0.18319420335186395
   2.3970000e+01  0.14130841435186395
   2.3980000e+01  0.09989017935186395
   2.3990000e+01  0.06434879635186394
   2.4000000e+01  0.03778712235186393
   2.4010000e+01  0.01896497935186393
   2.4020000e+01  0.0038277828518639284
   2.4030000e+01  -0.008643914648136073
   2.4040000e+01  -0.014535604598136074
   2.4050000e+01   -0.011290737848136074
   2.4060000e+01   -0.0028761720981360737
   2.4070000e+01   0.004690592901863926
   2.4080000e+01   0.010337250501863926
   2.4090000e+01   0.01668776000186393
   2.4100000e+01   0.02426926015186393
   2.4110000e+01   0.03137461050186393
   2.4120000e+01   0.03792732420186393
   2.4130000e+01   0.045043135601863925
   2.4140000e+01   0.05241997580186392
   2.4150000e+01   0.06116355475186392
   2.4160000e+01   0.07794072025186392
   2.4170000e+01   0.11033532275186392
   2.4180000e+01   0.15741984325186392
   2.4190000e+01   0.20978273375186393
   2.4200000e+01   0.25976661375186394
   2.4210000e+01   0.30733705175186393
   2.4220000e+01   0.3552048827518639
   2.4230000e+01   0.4032876452518639
   2.4240000e+01   0.4502496022518639
   2.4250000e+01   0.4963793467518639
   2.4260000e+01   0.541687419751864
   2.4270000e+01   0.583250143251864
   2.4280000e+01   0.616860601751864
   2.4290000e+01   0.640244792751864
   2.4300000e+01   0.653652696551864
   2.4310000e+01   0.6589534128518639
   2.4320000e+01  0.6593026267018639
   2.4330000e+01  0.6582634171218639
   2.4340000e+01   0.6579294651668639
   2.4350000e+01   0.6583063756068639
   2.4360000e+01   0.6586644625318638
   2.4370000e+01  0.6587303306618638
   2.4380000e+01   0.6587109720793638
   2.4390000e+01   0.6590643409318638
   2.4400000e+01   0.6599445317368638
   2.4410000e+01  0.6599322025868638
   2.4420000e+01  0.6557660671368638
   2.4430000e+01  0.6444308210368638
   2.4440000e+01  0.6254590700368637
   2.4450000e+01  0.6009299725368638
   2.4460000e+01  0.5740822700368637
   2.4470000e+01  0.5482908065368637
   2.4480000e+01  0.5259425295368637
   2.4490000e+01  0.5071445585368637
   2.4500000e+01  0.4901071525368637
   2.4510000e+01  0.4729914035368637
   2.4520000e+01  0.4542216310368637
   2.4530000e+01  0.43118933753686367
   2.4540000e+01  0.4010885785368637
   2.4550000e+01  0.3642595360368637
   2.4560000e+01  0.32531165653686367
   2.4570000e+01  0.29002109453686364
   2.4580000e+01  0.26164765103686366
   2.4590000e+01  0.23919742903686367
   2.4600000e+01  0.21679375103686366
   2.4610000e+01  0.18565647603686367
   2.4620000e+01  0.14110221603686365
   2.4630000e+01  0.08898795453686364
   2.4640000e+01  0.04174089503686364
   2.4650000e+01  0.006145076536863636
   2.4660000e+01  -0.022043006963136366
   2.4670000e+01  -0.04980541246313637
   2.4680000e+01  -0.07693020596313636
   2.4690000e+01  -0.09742625146313635
   2.4700000e+01  -0.10814052611313635
   2.4710000e+01  -0.11218121476313635
   2.4720000e+01  -0.11477455031313635
   2.4730000e+01  -0.11860137771313635
   2.4740000e+01  -0.12258546401313634
   2.4750000e+01   -0.12287466286313635
   2.4760000e+01   -0.11542072026313635
   2.4770000e+01   -0.09962660026313636
   2.4780000e+01   -0.07936706526313636
   2.4790000e+01   -0.05924701776313636
   2.4800000e+01   -0.04055074926313636
   2.4810000e+01   -0.021934261763136356
   2.4820000e+01   -0.002701822263136356
   2.4830000e+01   0.016511971236863644
   2.4840000e+01   0.03535325673686364
   2.4850000e+01   0.05400958423686364
   2.4860000e+01   0.07256195023686364
   2.4870000e+01   0.09218928323686364
   2.4880000e+01   0.11645484523686364
   2.4890000e+01   0.14876684723686365
   2.4900000e+01   0.18811654873686365
   2.4910000e+01   0.22939864373686364
   2.4920000e+01   0.2685938182368636
   2.4930000e+01   0.30599185823686365
   2.4940000e+01   0.34416801423686366
   2.4950000e+01   0.3854098997368637
   2.4960000e+01   0.4321357242368637
   2.4970000e+01   0.4864307957368637
   2.4980000e+01   0.5456681237368637
   2.4990000e+01   0.6000978232368637
   2.5000000e+01   0.6389709762368637
   2.5010000e+01   0.6600522887368637
   2.5020000e+01   0.6709340640368637
   2.5030000e+01   0.6806933183368638
   2.5040000e+01   0.6925502623368638
   2.5050000e+01   0.7048837168368638
   2.5060000e+01   0.7161652093368638
   2.5070000e+01   0.7267956368368638
   2.5080000e+01   0.7376820843368638
   2.5090000e+01   0.7489796678368638
   2.5100000e+01   0.7601244933368637
   2.5110000e+01   0.7706902678368637
   2.5120000e+01   0.7812001748368637
   2.5130000e+01   0.7917104693368636
   2.5140000e+01   0.7982429873868636
   2.5150000e+01  0.7929314959368636
   2.5160000e+01  0.7713925029368637
   2.5170000e+01  0.7388500354368637
   2.5180000e+01  0.7045785319368637
   2.5190000e+01  0.6706316609368637
   2.5200000e+01  0.6310181684368636
   2.5210000e+01  0.5823182579368636
   2.5220000e+01  0.5292469209368637
   2.5230000e+01  0.47789347393686366
   2.5240000e+01  0.42942299793686367
   2.5250000e+01  0.3839063024368637
   2.5260000e+01  0.3449882789368637
   2.5270000e+01  0.3156349839368637
   2.5280000e+01  0.2926211884368637
   2.5290000e+01  0.27005418693686367
   2.5300000e+01  0.24579480043686366
   2.5310000e+01  0.21989173343686366
   2.5320000e+01  0.18945741743686367
   2.5330000e+01  0.15099607093686368
   2.5340000e+01  0.10679998243686369
   2.5350000e+01  0.06337367093686369
   2.5360000e+01  0.023354428436863688
   2.5370000e+01  -0.016029230063136314
   2.5380000e+01  -0.05630825106313632
   2.5390000e+01  -0.09536976706313632
   2.5400000e+01  -0.13319422656313634
   2.5410000e+01  -0.17385772006313632
   2.5420000e+01  -0.21801591706313633
   2.5430000e+01  -0.2581482535631363
   2.5440000e+01  -0.2861615445631363
   2.5450000e+01  -0.3024492240631363
   2.5460000e+01  -0.31256901831313627
   2.5470000e+01  -0.31821358666313626
   2.5480000e+01   -0.31785873696313627
   2.5490000e+01   -0.3145851042131363
   2.5500000e+01  -0.3159069731631363
   2.5510000e+01  -0.32484567706313633
   2.5520000e+01  -0.33677786256313635
   2.5530000e+01  -0.34657593986313634
   2.5540000e+01  -0.35431529336313633
   2.5550000e+01  -0.3624472163631363
   2.5560000e+01  -0.3713276403131363
   2.5570000e+01  -0.3796193705631363
   2.5580000e+01  -0.3868108211631363
   2.5590000e+01  -0.3937252045131363
