   0.0000000e+00   0.000183030645
   1.0000000e-02   0.00153561979
   2.0000000e-02   0.006100663189999999
   3.0000000e-02   0.015412772589999998
   4.0000000e-02   0.028161204589999995
   5.0000000e-02   0.040278501089999995
   6.0000000e-02   0.04718247538999999
   7.0000000e-02  0.04415660688999999
   8.0000000e-02  0.02650659658999999
   9.0000000e-02  -0.0035339014100000087
   1.0000000e-01  -0.03012210591000001
   1.1000000e-01   -0.03624630596000001
   1.2000000e-01   -0.02637127751000001
   1.3000000e-01  -0.02217008316000001
   1.4000000e-01  -0.03235959381000001
   1.5000000e-01  -0.04617177831000001
   1.6000000e-01  -0.060619865810000007
   1.7000000e-01  -0.08899068431000001
   1.8000000e-01  -0.13392655331000003
   1.9000000e-01  -0.17718364431000003
   2.0000000e-01  -0.20511007431000003
   2.1000000e-01  -0.22030817581000003
   2.2000000e-01   -0.22408946611000002
   2.3000000e-01   -0.21702867291000003
   2.4000000e-01  -0.21939877991000004
   2.5000000e-01  -0.25606426091
   2.6000000e-01  -0.31730597641
   2.7000000e-01  -0.36815064041
   2.8000000e-01  -0.39497674341
   2.9000000e-01  -0.40934873541
   3.0000000e-01  -0.41590345721
   3.1000000e-01   -0.41577508096
   3.2000000e-01  -0.42885597390999997
   3.3000000e-01  -0.46965364341
   3.4000000e-01  -0.51375215091
   3.5000000e-01   -0.52968939611
   3.6000000e-01   -0.52784333676
   3.7000000e-01  -0.53592870321
   3.8000000e-01  -0.54611546131
   3.9000000e-01   -0.53257991741
   4.0000000e-01   -0.50478546941
   4.1000000e-01  -0.49723417891000005
   4.2000000e-01  -0.51639759841
   4.3000000e-01  -0.53608003691
   4.4000000e-01   -0.5362156659099999
   4.5000000e-01   -0.5147121039099999
   4.6000000e-01   -0.4718091059099999
   4.7000000e-01   -0.4122163959099999
   4.8000000e-01   -0.3552062179099999
   4.9000000e-01   -0.3193785964099999
   5.0000000e-01   -0.30318429280999987
   5.1000000e-01   -0.29385983110999986
   5.2000000e-01   -0.28172992950999987
   5.3000000e-01   -0.2513186610099999
   5.4000000e-01   -0.1785196735099999
   5.5000000e-01   -0.0624955535099999
   5.6000000e-01   0.05091266249000011
   5.7000000e-01   0.10605651899000011
   5.8000000e-01  0.09798146249000012
   5.9000000e-01  0.07529949899000012
   6.0000000e-01   0.08018417099000011
   6.1000000e-01   0.1033462624900001
   6.2000000e-01  0.1062323239900001
   6.3000000e-01  0.0762478399900001
   6.4000000e-01  0.04798379299000009
   6.5000000e-01   0.0670156399900001
   6.6000000e-01   0.1318141669900001
   6.7000000e-01   0.17383906044000008
   6.8000000e-01  0.10887694339000008
   6.9000000e-01  -0.07874447660999993
   7.0000000e-01  -0.30729378660999995
   7.1000000e-01  -0.46227189310999994
   7.2000000e-01   -0.48875671760999995
   7.3000000e-01   -0.4228864991099999
   7.4000000e-01   -0.3509994551099999
   7.5000000e-01  -0.3471024191099999
   7.6000000e-01  -0.43060998560999986
   7.7000000e-01  -0.5599808056099999
   7.8000000e-01  -0.6653008541099998
   7.9000000e-01   -0.6992468696599998
   8.0000000e-01   -0.6632349952099998
   8.1000000e-01   -0.5903714437099998
   8.2000000e-01   -0.5164983317099998
   8.3000000e-01   -0.4713156112099998
   8.4000000e-01  -0.47784932120999984
   8.5000000e-01  -0.5373075597099999
   8.6000000e-01  -0.6121788337099999
   8.7000000e-01   -0.6396427797099999
   8.8000000e-01   -0.57746906671
   8.9000000e-01   -0.44337292171
   9.0000000e-01   -0.30640521171
   9.1000000e-01   -0.23302741671000002
   9.2000000e-01  -0.23686863421
   9.3000000e-01  -0.27750788321000003
   9.4000000e-01  -0.30347143756000006
   9.5000000e-01   -0.2952989059100001
   9.6000000e-01   -0.2744345194100001
   9.7000000e-01  -0.28076710941000005
   9.8000000e-01  -0.34134317091000005
   9.9000000e-01  -0.44635244041000005
   1.0000000e+00  -0.5441181209100001
   1.0100000e+00   -0.5706747919100001
   1.0200000e+00   -0.5072368674100002
   1.0300000e+00   -0.41190640991000016
   1.0400000e+00  -0.37271500051000017
   1.0500000e+00  -0.4123851291100002
   1.0600000e+00  -0.4499819616100002
   1.0700000e+00   -0.3779548086100002
   1.0800000e+00   -0.17980944361000017
   1.0900000e+00   0.04253946138999981
   1.1000000e+00   0.1623337428899998
   1.1100000e+00  0.13797992338999981
   1.1200000e+00  0.02995483238999981
   1.1300000e+00  -0.06804613661000018
   1.1400000e+00   -0.09513166061000018
   1.1500000e+00   -0.04116016461000018
   1.1600000e+00   0.05497068638999981
   1.1700000e+00   0.1134682973899998
   1.1800000e+00  0.06018354838999981
   1.1900000e+00  -0.1050178716100002
   1.2000000e+00  -0.3031792866100002
   1.2100000e+00  -0.4495201966100002
   1.2200000e+00  -0.5022553043750002
   1.2300000e+00   -0.4373444371400002
   1.2400000e+00   -0.24153165214000022
   1.2500000e+00   0.0281661428599998
   1.2600000e+00   0.2377801978599998
   1.2700000e+00  0.29875838135999977
   1.2800000e+00  0.2714032643599998
   1.2900000e+00   0.2935055838599998
   1.3000000e+00   0.4324192338599998
   1.3100000e+00   0.6544480338599998
   1.3200000e+00   0.9022749838599998
   1.3300000e+00   1.1381055238599997
   1.3400000e+00   1.3341904688599997
   1.3500000e+00   1.4871980738599997
   1.3600000e+00   1.6359916188599997
   1.3700000e+00   1.8161339438599997
   1.3800000e+00   2.0056292488599996
   1.3900000e+00   2.15760132386
   1.4000000e+00   2.2739047638599996
   1.4100000e+00   2.40397713386
   1.4200000e+00   2.57682272386
   1.4300000e+00   2.76615030886
   1.4400000e+00   2.91597300886
   1.4500000e+00   2.97766843051
   1.4600000e+00  2.93590801516
   1.4700000e+00  2.82502944816
   1.4800000e+00  2.71319839466
   1.4900000e+00  2.65051280216
   1.5000000e+00   2.63530365526
   1.5100000e+00   2.63994776216
   1.5200000e+00   2.66134925046
   1.5300000e+00   2.73584276896
   1.5400000e+00   2.90455097896
   1.5500000e+00   3.16203732396
   1.5600000e+00   3.43361165896
   1.5700000e+00   3.60891605096
   1.5800000e+00  3.61635852746
   1.5900000e+00  3.48464919696
   1.6000000e+00  3.33876046696
   1.6100000e+00   3.31247743846
   1.6200000e+00   3.4212352749600003
   1.6300000e+00   3.5119248589600005
   1.6400000e+00  3.3824221479600007
   1.6500000e+00  2.9787304629600007
   1.6600000e+00  2.4505241879600006
   1.6700000e+00  2.0151426929600005
   1.6800000e+00  1.8236023009600004
   1.6900000e+00   1.9509919789600003
   1.7000000e+00   2.3945585039600004
   1.7100000e+00   3.0028316289600006
   1.7200000e+00   3.4906873039600006
   1.7300000e+00  3.6421994359600007
   1.7400000e+00  3.4986591479600007
   1.7500000e+00  3.2892012529600008
   1.7600000e+00  3.1828164564600008
   1.7700000e+00  3.1511352709600007
   1.7800000e+00  3.0682885769600006
   1.7900000e+00  2.8998491169600005
   1.8000000e+00  2.7593763314600004
   1.8100000e+00   2.7698522409600006
   1.8200000e+00   2.8923191959600008
   1.8300000e+00  2.9341527589600007
   1.8400000e+00  2.7311453919600006
   1.8500000e+00  2.2792456769600005
   1.8600000e+00  1.6812060019600006
   1.8700000e+00  1.0240086719600008
   1.8800000e+00  0.3474532669600008
   1.8900000e+00  -0.30365081803999927
   1.9000000e+00  -0.8530482130399993
   1.9100000e+00  -1.2450947480399992
   1.9200000e+00  -1.5309379080399992
   1.9300000e+00  -1.8900573380399992
   1.9400000e+00  -2.523593198039999
   1.9500000e+00  -3.491773023039999
   1.9600000e+00  -4.648829123039999
   1.9700000e+00  -5.7179694430399985
   1.9800000e+00  -6.415734143039998
   1.9900000e+00   -6.5682169530399985
   2.0000000e+00   -6.210246893039999
   2.0100000e+00   -5.590573478039999
   2.0200000e+00   -5.0233254130399985
   2.0300000e+00   -4.702270518039999
   2.0400000e+00  -4.6351389110399985
   2.0500000e+00  -4.679910900539999
   2.0600000e+00   -4.601652907039998
   2.0700000e+00   -4.188940777039998
   2.0800000e+00   -3.4387039370399983
   2.0900000e+00   -2.6258950520399984
   2.1000000e+00   -2.1224454270399984
   2.1100000e+00  -2.1253649070399985
   2.1200000e+00  -2.5380577370399986
   2.1300000e+00  -3.0430678520399983
   2.1400000e+00  -3.281685379539998
   2.1500000e+00   -3.0795436320399983
   2.1600000e+00   -2.589300067039998
   2.1700000e+00   -2.170673792039998
   2.1800000e+00  -2.061817556539998
   2.1900000e+00  -2.174818776039998
   2.2000000e+00   -2.224700949539998
   2.2100000e+00   -2.011511298039998
   2.2200000e+00   -1.549981628039998
   2.2300000e+00   -0.983772038039998
   2.2400000e+00   -0.44759322303999804
   2.2500000e+00   -0.01355360303999803
   2.2600000e+00   0.286096006960002
   2.2700000e+00   0.436001202960002
   2.2800000e+00  0.450300420960002
   2.2900000e+00  0.387448113960002
   2.3000000e+00  0.324849967460002
   2.3100000e+00   0.306712799410002
   2.3200000e+00   0.316365393360002
   2.3300000e+00  0.298245542360002
   2.3400000e+00  0.209780941860002
   2.3500000e+00  0.06010142686000203
   2.3600000e+00  -0.10351632813999798
   2.3700000e+00  -0.251669493139998
   2.3800000e+00  -0.40201484313999797
   2.3900000e+00  -0.586955293139998
   2.4000000e+00  -0.826674108139998
   2.4100000e+00  -1.155773773139998
   2.4200000e+00  -1.616266308139998
   2.4300000e+00  -2.1468604381399983
   2.4400000e+00  -2.5092895531399986
   2.4500000e+00   -2.430549988139999
   2.4600000e+00   -1.8540118081399988
   2.4700000e+00   -1.0011555081399988
   2.4800000e+00   -0.17401983813999866
   2.4900000e+00   0.4576928718600014
   2.5000000e+00   0.8831925318600014
   2.5100000e+00   1.1521901218600012
   2.5200000e+00   1.3014628438600013
   2.5300000e+00  1.3427374873600013
   2.5400000e+00  1.2726470238600014
   2.5500000e+00  1.0918114788600013
   2.5600000e+00  0.8323420388600012
   2.5700000e+00  0.5643963838600012
   2.5800000e+00  0.3583442038600012
   2.5900000e+00  0.2303600248600012
   2.6000000e+00  0.1276395008600012
   2.6100000e+00  -0.024409524139998806
   2.6200000e+00  -0.2528004691399988
   2.6300000e+00  -0.5074586941399988
   2.6400000e+00  -0.6918570091399988
   2.6500000e+00   -0.7238749671399988
   2.6600000e+00   -0.5887715801399988
   2.6700000e+00   -0.3555846801399988
   2.6800000e+00   -0.13563491513999879
   2.6900000e+00   -0.001667669639998759
   2.7000000e+00   0.05957394836000124
   2.7100000e+00   0.11160643986000124
   2.7200000e+00   0.1962504288600012
   2.7300000e+00   0.30782788886000123
   2.7400000e+00   0.42140454386000126
   2.7500000e+00   0.5205447133600013
   2.7600000e+00   0.5986439773600013
   2.7700000e+00   0.6513194568600013
   2.7800000e+00   0.6727370788600012
   2.7900000e+00  0.6557245858600013
   2.8000000e+00  0.5969641208600013
   2.8100000e+00  0.5013118108600013
   2.8200000e+00  0.3783165158600013
   2.8300000e+00  0.24431806586000132
   2.8400000e+00  0.13751355436000132
   2.8500000e+00   0.11242357786000132
   2.8600000e+00   0.18948728286000133
   2.8700000e+00   0.31201584786000136
   2.8800000e+00   0.3816037598600014
   2.8900000e+00  0.3469589083600014
   2.9000000e+00  0.24428388486000135
   2.9100000e+00  0.14492476836000134
   2.9200000e+00  0.07483973436000135
   2.9300000e+00  -0.006588893139998636
   2.9400000e+00  -0.15326932313999864
   2.9500000e+00  -0.37174186813999865
   2.9600000e+00  -0.6270436631399987
   2.9700000e+00  -0.8999240981399987
   2.9800000e+00  -1.2006867881399987
   2.9900000e+00  -1.5077390281399987
   3.0000000e+00  -1.7314106731399987
   3.0100000e+00   -1.7853725961399987
   3.0200000e+00   -1.6819198441399987
   3.0300000e+00   -1.5188072791399987
   3.0400000e+00   -1.3800570741399987
   3.0500000e+00   -1.2818589796399986
   3.0600000e+00   -1.2025690096399986
   3.0700000e+00   -1.1220101881399986
   3.0800000e+00   -1.0244315021399986
   3.0900000e+00   -0.8925268671399986
   3.1000000e+00   -0.7170599271399987
   3.1100000e+00   -0.5147659171399986
   3.1200000e+00   -0.3418557021399986
   3.1300000e+00  -0.2853783306399986
   3.1400000e+00  -0.41522329413999864
   3.1500000e+00  -0.7202076791399986
   3.1600000e+00  -1.0883479191399987
   3.1700000e+00  -1.3597551741399987
   3.1800000e+00   -1.4148660951399987
   3.1900000e+00   -1.2345075711399986
   3.2000000e+00   -0.8945975411399987
   3.2100000e+00   -0.5110654661399987
   3.2200000e+00   -0.18775346613999871
   3.2300000e+00   0.0038396088600012868
   3.2400000e+00  0.03250568986000129
   3.2500000e+00  -0.09081124413999869
   3.2600000e+00  -0.3412472791399987
   3.2700000e+00  -0.7062944891399987
   3.2800000e+00  -1.1381926091399988
   3.2900000e+00  -1.4875301491399988
   3.3000000e+00   -1.5813965711399989
   3.3100000e+00   -1.427520098139999
   3.3200000e+00   -1.2754326366399988
   3.3300000e+00  -1.3959113201399989
   3.3400000e+00  -1.8217011901399989
   3.3500000e+00  -2.350501610139999
   3.3600000e+00  -2.762790000139999
   3.3700000e+00  -2.977858465139999
   3.3800000e+00   -3.031072959639999
   3.3900000e+00   -2.987728519139999
   3.4000000e+00   -2.913167852639999
   3.4100000e+00  -2.889933303139999
   3.4200000e+00  -3.011239810139999
   3.4300000e+00  -3.3243422251399988
   3.4400000e+00  -3.7761385801399987
   3.4500000e+00  -4.231495550139998
   3.4600000e+00  -4.555492415139998
   3.4700000e+00  -4.677505612639998
   3.4800000e+00   -4.595853505139998
   3.4900000e+00   -4.358158375139999
   3.5000000e+00   -4.040457205139998
   3.5100000e+00   -3.705920065139998
   3.5200000e+00   -3.355572620139998
   3.5300000e+00   -2.923180990139998
   3.5400000e+00   -2.327135895139998
   3.5500000e+00   -1.5397147551399977
   3.5600000e+00   -0.6307686151399977
   3.5700000e+00   0.25313585486000223
   3.5800000e+00   0.9854868698600022
   3.5900000e+00   1.5489746148600023
   3.6000000e+00   2.0028969848600022
   3.6100000e+00   2.368057779860002
   3.6200000e+00   2.598629809860002
   3.6300000e+00   2.676450171610002
   3.6400000e+00  2.6645462193600022
   3.6500000e+00  2.633889895360002
   3.6600000e+00  2.594687593860002
   3.6700000e+00  2.5382991253600022
   3.6800000e+00  2.491413668360002
   3.6900000e+00   2.477510271160002
   3.7000000e+00  2.4658857779600023
   3.7100000e+00  2.4160242414600024
   3.7200000e+00  2.3532939359600022
   3.7300000e+00   2.352455273460002
   3.7400000e+00   2.4493664959600023
   3.7500000e+00   2.5978030559600023
   3.7600000e+00   2.7090015639600025
   3.7700000e+00  2.7178990664600025
   3.7800000e+00  2.6277804509600022
   3.7900000e+00  2.5126753159600024
   3.8000000e+00  2.4595176485100025
   3.8100000e+00   2.4798536655600025
   3.8200000e+00  2.4873892930600023
   3.8300000e+00  2.3877833760600025
   3.8400000e+00  2.1835294310600024
   3.8500000e+00  1.9669435460600024
   3.8600000e+00  1.8208285065600025
   3.8700000e+00  1.7585558260600025
   3.8800000e+00   1.7548438060600025
   3.8900000e+00   1.7890221015600025
   3.9000000e+00   1.8406600005600025
   3.9100000e+00   1.8761157340600025
   3.9200000e+00  1.8655146375600025
   3.9300000e+00  1.7992863100600025
   3.9400000e+00  1.6765363830600024
   3.9500000e+00  1.4955591930600025
   3.9600000e+00  1.2676266230600026
   3.9700000e+00  1.0223414180600026
   3.9800000e+00  0.7876082080600025
   3.9900000e+00  0.5785687930600025
   4.0000000e+00  0.4098603830600025
   4.0100000e+00  0.29391681206000253
   4.0200000e+00  0.21552665856000253
   4.0300000e+00  0.13247823956000254
   4.0400000e+00  0.02095957306000254
   4.0500000e+00  -0.09427262193999746
   4.0600000e+00  -0.17163825593999746
   4.0700000e+00  -0.20500256943999745
   4.0800000e+00  -0.23235087993999745
   4.0900000e+00  -0.3015267509399975
   4.1000000e+00  -0.4368125259399975
   4.1100000e+00  -0.6270086409399975
   4.1200000e+00  -0.8289686809399975
   4.1300000e+00  -0.9850639559399975
   4.1400000e+00  -1.0541922024399975
   4.1500000e+00   -1.0386574274399973
   4.1600000e+00   -0.9850505099399973
   4.1700000e+00  -0.9578395545399974
   4.1800000e+00  -1.0017428191399973
   4.1900000e+00  -1.1091809631399974
   4.2000000e+00  -1.2096353556399975
   4.2100000e+00   -1.2000625666399976
   4.2200000e+00   -1.0122893551399976
   4.2300000e+00   -0.6685402151399975
   4.2400000e+00   -0.2696116451399975
   4.2500000e+00   0.07773337986000245
   4.2600000e+00   0.3245681798600024
   4.2700000e+00   0.48255650486000246
   4.2800000e+00   0.5836409178600025
   4.2900000e+00   0.6462212083600025
   4.3000000e+00   0.6709765741600026
   4.3100000e+00  0.6581902649600025
   4.3200000e+00  0.6256484664600026
   4.3300000e+00  0.6022245584600026
   4.3400000e+00  0.5933713426100026
   4.3500000e+00  0.5604713362600026
   4.3600000e+00  0.45773236376000254
   4.3700000e+00  0.2965210137600025
   4.3800000e+00  0.1562150337600025
   4.3900000e+00   0.12171238476000251
   4.4000000e+00   0.21978937076000252
   4.4100000e+00   0.4181390507600025
   4.4200000e+00   0.6670001807600026
   4.4300000e+00   0.9282833407600025
   4.4400000e+00   1.1764335907600025
   4.4500000e+00   1.3917130407600025
   4.4600000e+00   1.5617973507600025
   4.4700000e+00   1.6883673557600025
   4.4800000e+00   1.7848966907600026
   4.4900000e+00   1.8588540817600026
   4.5000000e+00   1.8963161222600025
   4.5100000e+00  1.8749442407600025
   4.5200000e+00  1.7939905497600026
   4.5300000e+00  1.6791234547600027
   4.5400000e+00  1.5564736197600026
   4.5500000e+00  1.4395761347600027
   4.5600000e+00  1.3456392907600028
   4.5700000e+00  1.3005968332600029
   4.5800000e+00   1.311925620760003
   4.5900000e+00   1.350045474760003
   4.6000000e+00   1.370654455760003
   4.6100000e+00  1.349299884760003
   4.6200000e+00  1.290589680260003
   4.6300000e+00  1.216108266260003
   4.6400000e+00  1.149047479760003
   4.6500000e+00  1.100393723260003
   4.6600000e+00  1.0652382637600029
   4.6700000e+00  1.036660723760003
   4.6800000e+00  1.0177817772600029
   4.6900000e+00   1.012679136360003
   4.7000000e+00   1.017772216310003
   4.7100000e+00   1.0378322691600028
   4.7200000e+00   1.099201141160003
   4.7300000e+00   1.2253514436600028
   4.7400000e+00   1.4012582586600029
   4.7500000e+00   1.576187013660003
   4.7600000e+00   1.698896949160003
   4.7700000e+00  1.741704105035003
   4.7800000e+00  1.7010684989100031
   4.7900000e+00  1.5919931024100031
   4.8000000e+00  1.4406768374100032
   4.8100000e+00  1.2716888474100032
   4.8200000e+00  1.1000498074100031
   4.8300000e+00  0.9364427124100032
   4.8400000e+00  0.7956108324100032
   4.8500000e+00  0.6985562289100032
   4.8600000e+00   0.6696935269100033
   4.8700000e+00   0.7270371234100033
   4.8800000e+00   0.8663580434100033
   4.8900000e+00   1.0582005234100034
   4.9000000e+00   1.2694761334100033
   4.9100000e+00   1.4848599184100033
   4.9200000e+00   1.7003251284100034
   4.9300000e+00   1.9046586334100033
   4.9400000e+00   2.0800356734100034
   4.9500000e+00   2.2140855884100032
   4.9600000e+00   2.2968653419100034
   4.9700000e+00  2.3105813624100033
   4.9800000e+00  2.240005279410003
   4.9900000e+00  2.0971823344100033
   5.0000000e+00  1.9252571544100032
   5.0100000e+00  1.7721983394100032
   5.0200000e+00  1.662027776410003
   5.0300000e+00  1.5861365614100031
   5.0400000e+00  1.511783354910003
   5.0500000e+00  1.399510450410003
   5.0600000e+00  1.226141190410003
   5.0700000e+00  1.001231460410003
   5.0800000e+00  0.758045985410003
   5.0900000e+00  0.521025565410003
   5.1000000e+00  0.28203739541000294
   5.1100000e+00  0.012987600410002964
   5.1200000e+00  -0.29946100958999705
   5.1300000e+00  -0.6364497745899971
   5.1400000e+00  -0.9606195845899971
   5.1500000e+00  -1.237793984589997
   5.1600000e+00  -1.446061444589997
   5.1700000e+00  -1.578037149589997
   5.1800000e+00  -1.644662002089997
   5.1900000e+00  -1.6717814430899969
   5.2000000e+00  -1.6845857885899969
   5.2100000e+00  -1.6961253650899968
   5.2200000e+00  -1.7134538740899967
   5.2300000e+00  -1.7501963150899966
   5.2400000e+00  -1.8285160865899965
   5.2500000e+00  -1.9702366065899966
   5.2600000e+00  -2.1849819765899965
   5.2700000e+00  -2.4603829315899963
   5.2800000e+00  -2.7628066765899963
   5.2900000e+00  -3.054924981589996
   5.3000000e+00  -3.315806031589996
   5.3100000e+00  -3.540283331589996
   5.3200000e+00  -3.721686606589996
   5.3300000e+00  -3.846936962589996
   5.3400000e+00  -3.912291060589996
   5.3500000e+00  -3.933550055989996
   5.3600000e+00   -3.9326913123899963
   5.3700000e+00   -3.9189527603899963
   5.3800000e+00   -3.888960254389996
   5.3900000e+00   -3.842470676889996
   5.4000000e+00   -3.792497556889996
   5.4100000e+00   -3.759456546389996
   5.4200000e+00  -3.756522303389996
   5.4300000e+00  -3.7797001323899964
   5.4400000e+00  -3.8106808958899965
   5.4500000e+00  -3.8278304153899967
   5.4600000e+00   -3.8134060763899966
   5.4700000e+00   -3.7548268773899967
   5.4800000e+00   -3.6485336883899966
   5.4900000e+00   -3.5042201583899963
   5.5000000e+00   -3.3349808483899963
   5.5100000e+00   -3.1382087583899962
   5.5200000e+00   -2.8959044683899964
   5.5300000e+00   -2.6006142033899966
   5.5400000e+00   -2.2718821233899966
   5.5500000e+00   -1.9393236333899966
   5.5600000e+00   -1.6175225233899966
   5.5700000e+00   -1.3036088133899966
   5.5800000e+00   -0.9882181983899965
   5.5900000e+00   -0.6598557933899964
   5.6000000e+00   -0.3096585733899964
   5.6100000e+00   0.05646443161000364
   5.6200000e+00   0.41768656661000364
   5.6300000e+00   0.7585416116100037
   5.6400000e+00   1.0813782716100038
   5.6500000e+00   1.3924782566100038
   5.6600000e+00   1.6865301716100038
   5.6700000e+00   1.952568126610004
   5.6800000e+00   2.185173531610004
   5.6900000e+00   2.3821126916100037
   5.7000000e+00   2.5400199116100035
   5.7100000e+00   2.6592691216100035
   5.7200000e+00   2.7451236126100036
   5.7300000e+00   2.7989426676100035
   5.7400000e+00  2.8158774048600037
   5.7500000e+00  2.795368644610004
   5.7600000e+00  2.747705767610004
   5.7700000e+00  2.688022449110004
   5.7800000e+00  2.628274596610004
   5.7900000e+00  2.5733092371100037
   5.8000000e+00  2.518921081610004
   5.8100000e+00  2.4563946616100036
   5.8200000e+00  2.3836641936100036
   5.8300000e+00  2.3066761886100036
   5.8400000e+00  2.2256539931100034
   5.8500000e+00  2.1298703711100035
   5.8600000e+00  2.0142323261100037
   5.8700000e+00  1.8927299161100037
   5.8800000e+00  1.7876952441100038
   5.8900000e+00  1.714305890110004
   5.9000000e+00  1.6819753768100039
   5.9100000e+00   1.697607905010004
   5.9200000e+00   1.7539280900100038
   5.9300000e+00   1.822642985510004
   5.9400000e+00   1.873699111510004
   5.9500000e+00   1.900269088010004
   5.9600000e+00   1.917062543510004
   5.9700000e+00   1.9371184105100039
   5.9800000e+00   1.9573457645100039
   5.9900000e+00  1.9640278843600039
   6.0000000e+00  1.945243205210004
   6.0100000e+00  1.8980070707100039
   6.0200000e+00  1.8280625097100038
   6.0300000e+00  1.7440281997100038
   6.0400000e+00  1.6503372982100037
   6.0500000e+00  1.5454231282100037
   6.0600000e+00  1.4267818732100037
   6.0700000e+00  1.2978227682100036
   6.0800000e+00  1.1700247632100036
   6.0900000e+00  1.0561930732100036
   6.1000000e+00  0.9567583312100035
   6.1100000e+00  0.8514862142100035
   6.1200000e+00  0.7100832792100035
   6.1300000e+00  0.5165386792100035
   6.1400000e+00  0.28325044421000356
   6.1500000e+00  0.03944299421000358
   6.1600000e+00  -0.1941408307899964
   6.1700000e+00  -0.4194469407899964
   6.1800000e+00  -0.6529518707899964
   6.1900000e+00  -0.9050192057899964
   6.2000000e+00  -1.1662404907899964
   6.2100000e+00  -1.4132713557899963
   6.2200000e+00  -1.6283886657899962
   6.2300000e+00  -1.8134584307899961
   6.2400000e+00  -1.985736615789996
   6.2500000e+00  -2.162218555789996
   6.2600000e+00  -2.348237835789996
   6.2700000e+00  -2.538198950789996
   6.2800000e+00  -2.724170375789996
   6.2900000e+00  -2.902213865789996
   6.3000000e+00  -3.070881455789996
   6.3100000e+00  -3.228305385789996
   6.3200000e+00  -3.377098775789996
   6.3300000e+00  -3.530319580789996
   6.3400000e+00  -3.702076865789996
   6.3500000e+00  -3.887792915789996
   6.3600000e+00  -4.061673705789996
   6.3700000e+00  -4.198357690789996
   6.3800000e+00  -4.289201615289996
   6.3900000e+00  -4.334316204289996
   6.4000000e+00   -4.333073540789996
   6.4100000e+00   -4.293856071789996
   6.4200000e+00   -4.241604316289996
   6.4300000e+00   -4.1982546177899955
   6.4400000e+00   -4.156648780289996
   6.4500000e+00   -4.085284573289996
   6.4600000e+00   -3.9609279197899956
   6.4700000e+00   -3.7909801147899955
   6.4800000e+00   -3.6025386947899953
   6.4900000e+00   -3.4123558747899954
   6.5000000e+00   -3.2095672847899954
   6.5100000e+00   -2.9694994647899953
   6.5200000e+00   -2.6835696847899952
   6.5300000e+00   -2.370412194789995
   6.5400000e+00   -2.057246034789995
   6.5500000e+00   -1.759874984789995
   6.5600000e+00   -1.484469779789995
   6.5700000e+00   -1.235110904789995
   6.5800000e+00   -1.007521109789995
   6.5900000e+00   -0.783523504789995
   6.6000000e+00   -0.544519389789995
   6.6100000e+00   -0.28895956978999504
   6.6200000e+00   -0.03183016478999501
   6.6300000e+00   0.208044090210005
   6.6400000e+00   0.418146695210005
   6.6500000e+00   0.599160705210005
   6.6600000e+00   0.7659425652100049
   6.6700000e+00   0.934196060210005
   6.6800000e+00   1.104755330210005
   6.6900000e+00   1.268428390210005
   6.7000000e+00   1.4236497552100051
   6.7100000e+00   1.5786958202100052
   6.7200000e+00   1.7398845402100052
   6.7300000e+00   1.9093039802100051
   6.7400000e+00   2.0890511502100053
   6.7500000e+00   2.2740516002100053
   6.7600000e+00   2.4465480752100053
   6.7700000e+00   2.593073180210005
   6.7800000e+00   2.721523200210005
   6.7900000e+00   2.846394510210005
   6.8000000e+00   2.964129055210005
   6.8100000e+00   3.0601809007100047
   6.8200000e+00   3.134165231710005
   6.8300000e+00   3.1993311442100048
   6.8400000e+00   3.2601063677100046
   6.8500000e+00   3.3060679432100044
   6.8600000e+00   3.3256174655600046
   6.8700000e+00  3.3126309344100044
   6.8800000e+00  3.2640811719100045
   6.8900000e+00  3.1842255819100043
   6.9000000e+00  3.0868256849100044
   6.9100000e+00  2.9803852949100045
   6.9200000e+00  2.8544263499100047
   6.9300000e+00  2.691731939910005
   6.9400000e+00  2.491625879910005
   6.9500000e+00  2.271843274910005
   6.9600000e+00  2.049789714910005
   6.9700000e+00  1.828487764910005
   6.9800000e+00  1.5969804049100051
   6.9900000e+00  1.3398872899100052
   7.0000000e+00  1.0541277199100052
   7.0100000e+00  0.7632272299100051
   7.0200000e+00  0.5070309549100052
   7.0300000e+00  0.3069866699100051
   7.0400000e+00  0.14540158491000513
   7.0500000e+00  -0.013806265089994857
   7.0600000e+00  -0.18917033008999484
   7.0700000e+00  -0.37348025008999486
   7.0800000e+00  -0.5530856600899948
   7.0900000e+00  -0.7222642400899948
   7.1000000e+00  -0.8815081350899948
   7.1100000e+00  -1.0351349050899947
   7.1200000e+00  -1.1926595000899947
   7.1300000e+00  -1.3627637050899948
   7.1400000e+00  -1.5429632650899947
   7.1500000e+00  -1.7217174500899948
   7.1600000e+00  -1.8911384600899948
   7.1700000e+00  -2.0498495300899946
   7.1800000e+00  -2.1929381850899947
   7.1900000e+00  -2.3091050245899947
   7.2000000e+00  -2.391982269089995
   7.2100000e+00  -2.4470815345899948
   7.2200000e+00  -2.4831874925899946
   7.2300000e+00  -2.5021868874399944
   7.2400000e+00   -2.5009672342899942
   7.2500000e+00   -2.4795117197899943
   7.2600000e+00   -2.4454707392899944
   7.2700000e+00   -2.414426781289994
   7.2800000e+00  -2.404487969439994
   7.2900000e+00  -2.422969569089994
   7.3000000e+00  -2.456114816089994
   7.3100000e+00  -2.477721017139994
   7.3200000e+00   -2.470509080189994
   7.3300000e+00   -2.435274831189994
   7.3400000e+00   -2.3787674356899937
   7.3500000e+00   -2.2987346001899938
   7.3600000e+00   -2.184740402189994
   7.3700000e+00   -2.0317082121899936
   7.3800000e+00   -1.8506721671899937
   7.3900000e+00   -1.6662810021899936
   7.4000000e+00   -1.5020020071899935
   7.4100000e+00   -1.3644497671899936
   7.4200000e+00   -1.2408293521899936
   7.4300000e+00   -1.1113670721899935
   7.4400000e+00   -0.9635581821899936
   7.4500000e+00   -0.7968001721899935
   7.4600000e+00   -0.6190750721899936
   7.4700000e+00   -0.44120067718999356
   7.4800000e+00   -0.2698761171899936
   7.4900000e+00   -0.10236810718999362
   7.5000000e+00   0.07156130281000639
   7.5100000e+00   0.2620263528100064
   7.5200000e+00   0.4740235278100064
   7.5300000e+00   0.7067544128100064
   7.5400000e+00   0.9513210378100064
   7.5500000e+00   1.1880606378100065
   7.5600000e+00   1.3930194778100065
   7.5700000e+00   1.5527987078100065
   7.5800000e+00   1.6725392978100064
   7.5900000e+00   1.7685402638100065
   7.6000000e+00   1.8554900273100066
   7.6100000e+00   1.9408076233100067
   7.6200000e+00   2.026118303810007
   7.6300000e+00   2.110253783310007
   7.6400000e+00   2.192130488810007
   7.6500000e+00   2.2724323293100066
   7.6600000e+00   2.3509845248100065
   7.6700000e+00   2.4213888218100066
   7.6800000e+00   2.4705114668100068
   7.6900000e+00  2.4860878916100067
   7.7000000e+00  2.4656037124100068
   7.7100000e+00  2.417553546910007
   7.7200000e+00  2.354011928910007
   7.7300000e+00  2.282168967910007
   7.7400000e+00  2.204282694410007
   7.7500000e+00  2.126442668410007
   7.7600000e+00  2.062988291410007
   7.7700000e+00  2.025200253410007
   7.7800000e+00  2.005372223910007
   7.7900000e+00  1.979872031910007
   7.8000000e+00  1.9322178359100068
   7.8100000e+00  1.8685624459100068
   7.8200000e+00  1.8073072334100067
   7.8300000e+00  1.7584847254100067
   7.8400000e+00  1.7169864124100067
   7.8500000e+00  1.6705639479100067
   7.8600000e+00  1.6086834184100067
   7.8700000e+00  1.5268969039100067
   7.8800000e+00  1.4290189414100067
   7.8900000e+00  1.3251549314100068
   7.9000000e+00  1.224118753910007
   7.9100000e+00  1.127608559410007
   7.9200000e+00  1.0331116024100069
   7.9300000e+00  0.9405266569100069
   7.9400000e+00  0.853350499410007
   7.9500000e+00  0.775182334910007
   7.9600000e+00  0.708845732910007
   7.9700000e+00  0.6584796859100069
   7.9800000e+00  0.627747781410007
   7.9900000e+00  0.613061358510007
   8.0000000e+00  0.6010131426100069
   8.0100000e+00  0.5770845151100069
   8.0200000e+00  0.5386976241100069
   8.0300000e+00  0.49867610811000684
   8.0400000e+00  0.47540054561000683
   8.0500000e+00   0.47972552411000685
   8.0600000e+00   0.5090488226100068
   8.0700000e+00   0.5495279721100068
   8.0800000e+00   0.5826094976100068
   8.0900000e+00  0.5933457982100068
   8.1000000e+00  0.5774857728100068
   8.1100000e+00  0.5423965223100068
   8.1200000e+00  0.5003193218100068
   8.1300000e+00  0.4596946178100068
   8.1400000e+00  0.4220278428100068
   8.1500000e+00  0.3853019988100068
   8.1600000e+00  0.3483754013100068
   8.1700000e+00  0.31178917031000686
   8.1800000e+00  0.2761177003100069
   8.1900000e+00  0.24116722531000687
   8.2000000e+00  0.20666999631000688
   8.2100000e+00  0.17344705231000687
   8.2200000e+00  0.14469125381000686
   8.2300000e+00  0.12605730231000686
   8.2400000e+00   0.12231696606000686
   8.2500000e+00   0.13243164831000687
   8.2600000e+00   0.14862856931000687
   8.2700000e+00   0.16004223501000686
   8.2800000e+00  0.15557732621000686
   8.2900000e+00  0.12573534071000686
   8.3000000e+00  0.06895328821000686
   8.3100000e+00  -0.0006329112899931405
   8.3200000e+00  -0.05659916628999314
   8.3300000e+00   -0.07711798371999314
   8.3400000e+00   -0.06081661864999313
   8.3500000e+00   -0.028760335649993134
   8.3600000e+00  -0.012717723994993133
   8.3700000e+00  -0.035665537839993135
   8.3800000e+00  -0.09463625883999315
   8.3900000e+00  -0.16211207983999315
   8.4000000e+00  -0.21030839583999317
   8.4100000e+00  -0.23512140483999316
   8.4200000e+00  -0.25426202733999315
   8.4300000e+00  -0.28666793033999316
   8.4400000e+00  -0.3390609993399932
   8.4500000e+00  -0.40636105783999316
   8.4600000e+00  -0.4752540643399932
   8.4700000e+00  -0.5294372863399932
   8.4800000e+00  -0.5605887283399932
   8.4900000e+00  -0.5757895043399932
   8.5000000e+00  -0.5908042178399933
   8.5100000e+00  -0.6177993763399933
   8.5200000e+00  -0.6612955348399933
   8.5300000e+00  -0.7198447903399933
   8.5400000e+00  -0.7862413128399932
   8.5500000e+00  -0.8509409683399932
   8.5600000e+00  -0.9117299483399932
   8.5700000e+00  -0.9780514688399933
   8.5800000e+00  -1.0612683713399933
   8.5900000e+00  -1.1609437858399934
   8.6000000e+00  -1.2617579793399933
   8.6100000e+00  -1.3424788308399933
   8.6200000e+00  -1.3889110843399932
   8.6300000e+00   -1.4022183578299932
   8.6400000e+00   -1.3958636168199932
   8.6500000e+00   -1.3826361988199931
   8.6600000e+00   -1.364901075819993
   8.6700000e+00   -1.337587165319993
   8.6800000e+00   -1.296168361819993
   8.6900000e+00   -1.238565459819993
   8.7000000e+00   -1.164156519819993
   8.7100000e+00   -1.076616656319993
   8.7200000e+00   -0.9846972848199931
   8.7300000e+00   -0.8940332728199931
   8.7400000e+00   -0.7988782688199931
   8.7500000e+00   -0.6863615538199931
   8.7600000e+00   -0.5495755088199931
   8.7700000e+00   -0.39641838381999306
   8.7800000e+00   -0.24863793881999305
   8.7900000e+00   -0.13131890281999306
   8.8000000e+00   -0.05497876281999306
   8.8100000e+00   -0.003790044819993059
   8.8200000e+00   0.05205437718000694
   8.8300000e+00   0.12777354518000694
   8.8400000e+00   0.21304077168000696
   8.8500000e+00   0.29106898568000694
   8.8600000e+00   0.35860061368000695
   8.8700000e+00   0.42244167968000695
   8.8800000e+00   0.48818410668000695
   8.8900000e+00   0.561361109680007
   8.9000000e+00   0.649523327680007
   8.9100000e+00   0.751999199180007
   8.9200000e+00   0.855063019180007
   8.9300000e+00   0.9478099201800071
   8.9400000e+00   1.0364606826800071
   8.9500000e+00   1.133303899180007
   8.9600000e+00   1.238016474180007
   8.9700000e+00   1.340230600680007
   8.9800000e+00   1.435505543680007
   8.9900000e+00   1.528442161680007
   9.0000000e+00   1.622483780680007
   9.0100000e+00   1.715378881680007
   9.0200000e+00   1.804712868180007
   9.0300000e+00   1.8919211756800072
   9.0400000e+00   1.9786022161800072
   9.0500000e+00   2.059907134180007
   9.0600000e+00   2.122876557680007
   9.0700000e+00   2.1544424201800068
   9.0800000e+00  2.1539597691800068
   9.0900000e+00  2.1360426351800066
   9.1000000e+00  2.1183069261800065
   9.1100000e+00  2.1079866095800064
   9.1200000e+00  2.101771044880006
   9.1300000e+00  2.094311270130006
   9.1400000e+00  2.083188648480006
   9.1500000e+00  2.068622048980006
   9.1600000e+00  2.052442664980006
   9.1700000e+00  2.0367851269800057
   9.1800000e+00  2.0221422819800057
   9.1900000e+00  2.0073535054800056
   9.2000000e+00  1.9917013584800056
   9.2100000e+00  1.9758228574800056
   9.2200000e+00  1.9604575919800056
   9.2300000e+00  1.9444901789800055
   9.2400000e+00  1.9228025864800056
   9.2500000e+00  1.8856941434800056
   9.2600000e+00  1.8228779059800055
   9.2700000e+00  1.7296676684800056
   9.2800000e+00  1.6088313184800056
   9.2900000e+00  1.4677381884800056
   9.3000000e+00  1.3159949234800057
   9.3100000e+00  1.1639770034800057
   9.3200000e+00  1.0192976084800056
   9.3300000e+00  0.8839848034800056
   9.3400000e+00  0.7569291634800056
   9.3500000e+00  0.6386995784800056
   9.3600000e+00  0.5330292824800056
   9.3700000e+00  0.4449084964800056
   9.3800000e+00  0.3768485834800056
   9.3900000e+00  0.3227795804800056
   9.4000000e+00  0.2643933324800056
   9.4100000e+00  0.17915380948000564
   9.4200000e+00  0.056934864480005634
   9.4300000e+00  -0.09207777051999437
   9.4400000e+00  -0.24688743551999437
   9.4500000e+00  -0.3910639355199944
   9.4600000e+00  -0.5200797855199945
   9.4700000e+00  -0.6396077955199945
   9.4800000e+00  -0.7596052505199945
   9.4900000e+00  -0.8865290705199945
   9.5000000e+00  -1.0175421855199946
   9.5100000e+00  -1.1427121455199947
   9.5200000e+00  -1.2542230205199947
   9.5300000e+00  -1.3528129390199948
   9.5400000e+00  -1.4445733815199948
   9.5500000e+00  -1.5325091330199947
   9.5600000e+00  -1.6126975775199948
   9.5700000e+00  -1.6793504380199948
   9.5800000e+00  -1.7330081355199949
   9.5900000e+00  -1.7818096790199949
   9.6000000e+00  -1.833090158019995
   9.6100000e+00  -1.884094032019995
   9.6200000e+00  -1.922069992019995
   9.6300000e+00   -1.9337885144699951
   9.6400000e+00   -1.9154910989199951
   9.6500000e+00   -1.875191038919995
   9.6600000e+00   -1.826432483419995
   9.6700000e+00   -1.779176295919995
   9.6800000e+00   -1.735421316419995
   9.6900000e+00   -1.692458955419995
   9.7000000e+00   -1.6486816024199948
   9.7100000e+00   -1.605088815419995
   9.7200000e+00   -1.5626442929199948
   9.7300000e+00   -1.520849417419995
   9.7400000e+00   -1.4791502919199948
   9.7500000e+00   -1.4378719059199947
   9.7600000e+00   -1.3972934174199947
   9.7700000e+00   -1.3572195834199947
   9.7800000e+00   -1.3176791409199946
   9.7900000e+00   -1.2778204949199945
   9.8000000e+00   -1.2326271544199945
   9.8100000e+00   -1.1733527904199945
   9.8200000e+00   -1.0958623874199944
   9.8300000e+00   -1.0092888509199944
   9.8400000e+00   -0.9322152139199944
   9.8500000e+00   -0.8773297354199944
   9.8600000e+00   -0.8416107639199943
   9.8700000e+00   -0.8128429754199944
   9.8800000e+00   -0.7824690949199944
   9.8900000e+00   -0.7498163364199943
   9.9000000e+00   -0.7175082174199944
   9.9100000e+00   -0.6869728204199944
   9.9200000e+00   -0.6575018039199945
   9.9300000e+00   -0.6276298894199944
   9.9400000e+00   -0.5975158619199944
   9.9500000e+00   -0.5682082334199944
   9.9600000e+00   -0.5361899159199943
   9.9700000e+00   -0.4931753604199943
   9.9800000e+00   -0.4380434819199943
   9.9900000e+00   -0.3846607029199943
   1.0000000e+01   -0.3480424019199943
   1.0010000e+01   -0.3261435719199943
   1.0020000e+01   -0.30721265091999433
   1.0030000e+01   -0.2920712549199943
   1.0040000e+01  -0.2938866124199943
   1.0050000e+01  -0.3157089654199943
   1.0060000e+01  -0.3437424364199943
   1.0070000e+01  -0.3658866819199943
   1.0080000e+01  -0.3836599619199943
   1.0090000e+01  -0.4028604094199943
   1.0100000e+01  -0.4251178909199943
   1.0110000e+01  -0.4521590359199943
   1.0120000e+01  -0.4866408614199943
   1.0130000e+01  -0.5241699849199943
   1.0140000e+01  -0.5538095784199943
   1.0150000e+01  -0.5708274769199944
   1.0160000e+01  -0.5821374969199944
   1.0170000e+01  -0.5960467794199944
   1.0180000e+01  -0.6116255949199944
   1.0190000e+01  -0.6199024119199944
   1.0200000e+01   -0.6116182279199944
   1.0210000e+01   -0.5825647179199944
   1.0220000e+01   -0.5338379954199944
   1.0230000e+01   -0.46886980941999445
   1.0240000e+01   -0.39210534241999445
   1.0250000e+01   -0.31185834541999446
   1.0260000e+01   -0.24106354391999446
   1.0270000e+01   -0.18986806791999447
   1.0280000e+01   -0.15738461991999447
   1.0290000e+01   -0.13347121991999447
   1.0300000e+01   -0.10696630191999447
   1.0310000e+01   -0.07020453491999447
   1.0320000e+01   -0.02093479241999447
   1.0330000e+01   0.03396629258000553
   1.0340000e+01   0.08044093508000552
   1.0350000e+01   0.11012182658000552
   1.0360000e+01   0.12966167258000552
   1.0370000e+01   0.1516540120800055
   1.0380000e+01   0.17819261258000552
   1.0390000e+01   0.1990878190800055
   1.0400000e+01  0.2051941491300055
   1.0410000e+01  0.1977204536800055
   1.0420000e+01  0.1835428826800055
   1.0430000e+01  0.1661842606800055
   1.0440000e+01  0.14524663068000548
   1.0450000e+01  0.12397751268000548
   1.0460000e+01  0.11316522008000549
   1.0470000e+01   0.12310599448000549
   1.0480000e+01   0.1518155244800055
   1.0490000e+01   0.1864557989800055
   1.0500000e+01   0.2189682979800055
   1.0510000e+01   0.2550385959800055
   1.0520000e+01   0.3029839424800055
   1.0530000e+01   0.3583787294800055
   1.0540000e+01   0.4060466399800055
   1.0550000e+01   0.43450174548000553
   1.0560000e+01  0.4422995028300055
   1.0570000e+01  0.4326775311800055
   1.0580000e+01  0.4087999946800055
   1.0590000e+01  0.3731742091800055
   1.0600000e+01  0.3264145451800055
   1.0610000e+01  0.2687653991800055
   1.0620000e+01  0.20758450018000552
   1.0630000e+01  0.15842014318000552
   1.0640000e+01  0.1309084406800055
   1.0650000e+01  0.11726863168000551
   1.0660000e+01  0.10268655018000551
   1.0670000e+01  0.0831051621800055
   1.0680000e+01  0.06432512168000551
   1.0690000e+01  0.04868232118000551
   1.0700000e+01  0.033320684180005514
   1.0710000e+01  0.01701061318000551
   1.0720000e+01  -0.00395079431999449
   1.0730000e+01  -0.043654900819994485
   1.0740000e+01  -0.11658514431999448
   1.0750000e+01  -0.21894016881999445
   1.0760000e+01  -0.33040820881999444
   1.0770000e+01  -0.43508932531999445
   1.0780000e+01  -0.5324618468199944
   1.0790000e+01  -0.6287888858199944
   1.0800000e+01  -0.7257933283199944
   1.0810000e+01  -0.8171077988199944
   1.0820000e+01  -0.8905861858199944
   1.0830000e+01  -0.9375699098199943
   1.0840000e+01  -0.9649022338199943
   1.0850000e+01  -0.9924750763199943
   1.0860000e+01  -1.0335575193199944
   1.0870000e+01  -1.0834800663199944
   1.0880000e+01  -1.1316427243199945
   1.0890000e+01  -1.1747247633199944
   1.0900000e+01  -1.2105115143199945
   1.0910000e+01  -1.2291080437699944
   1.0920000e+01   -1.2231605232199945
   1.0930000e+01   -1.2028618232199946
   1.0940000e+01   -1.1899309281699946
   1.0950000e+01  -1.1965012771199945
   1.0960000e+01  -1.2154183051199945
   1.0970000e+01  -1.2300384604699945
   1.0980000e+01   -1.2292048398199946
   1.0990000e+01   -1.2138162223199946
   1.1000000e+01   -1.1929004633199947
   1.1010000e+01   -1.1751790773199946
   1.1020000e+01   -1.1647869026699946
   1.1030000e+01  -1.1635476010199945
   1.1040000e+01  -1.1720796560199946
   1.1050000e+01  -1.1852203465199946
   1.1060000e+01   -1.1909640477199945
   1.1070000e+01   -1.1800268499199946
   1.1080000e+01   -1.1547061464199946
   1.1090000e+01   -1.1242579639199946
   1.1100000e+01   -1.0951305449199946
   1.1110000e+01   -1.0706490869199947
   1.1120000e+01   -1.0550742040699947
   1.1130000e+01   -1.0489420851199946
   1.1140000e+01   -1.0410651870199947
   1.1150000e+01   -1.0121025100199947
   1.1160000e+01   -0.9480834855199948
   1.1170000e+01   -0.8500640655199948
   1.1180000e+01   -0.7344206255199948
   1.1190000e+01   -0.6250752855199948
   1.1200000e+01   -0.5378547140199947
   1.1210000e+01   -0.46673427901999476
   1.1220000e+01   -0.39093835351999473
   1.1230000e+01   -0.30114657101999476
   1.1240000e+01   -0.21357165551999477
   1.1250000e+01   -0.15278627051999477
   1.1260000e+01   -0.12543307051999478
   1.1270000e+01   -0.11556674176999478
   1.1280000e+01   -0.10067097651999478
   1.1290000e+01   -0.06719133901999477
   1.1300000e+01   -0.015092631019994772
   1.1310000e+01   0.046206186980005226
   1.1320000e+01   0.10561552348000522
   1.1330000e+01   0.15517766748000522
   1.1340000e+01   0.18942441898000523
   1.1350000e+01   0.20782253098000522
   1.1360000e+01   0.22336987648000522
   1.1370000e+01   0.26070502548000524
   1.1380000e+01   0.33385843648000524
   1.1390000e+01   0.42782786898000524
   1.1400000e+01   0.5119243504800053
   1.1410000e+01   0.5707394284800053
   1.1420000e+01   0.6142296249800052
   1.1430000e+01   0.6591105779800052
   1.1440000e+01   0.7097338354800051
   1.1450000e+01   0.7585968889800051
   1.1460000e+01   0.7983413294800051
   1.1470000e+01   0.8297278234800052
   1.1480000e+01   0.8605154139800052
   1.1490000e+01   0.8983406989800052
   1.1500000e+01   0.9440669574800052
   1.1510000e+01   0.9913313049800052
   1.1520000e+01   1.0310757949800051
   1.1530000e+01   1.0555938079800051
   1.1540000e+01  1.061705054030005
   1.1550000e+01  1.055265582230005
   1.1560000e+01   1.052044000930005
   1.1570000e+01   1.0680366949800049
   1.1580000e+01   1.1050398989800048
   1.1590000e+01   1.1473431509800047
   1.1600000e+01   1.1751569169800047
   1.1610000e+01  1.1811471911800047
   1.1620000e+01  1.1731564388800046
   1.1630000e+01  1.1629416853300047
   1.1640000e+01  1.1557635472300047
   1.1650000e+01  1.1504287976300047
   1.1660000e+01  1.1436614340800046
   1.1670000e+01  1.1302066110800046
   1.1680000e+01  1.1021875270800046
   1.1690000e+01  1.0548031995800045
   1.1700000e+01  0.9932641960800045
   1.1710000e+01  0.9304022125800044
   1.1720000e+01  0.8767467055800044
   1.1730000e+01  0.8341502430800044
   1.1740000e+01  0.7969249810800044
   1.1750000e+01  0.7569921405800044
   1.1760000e+01  0.7112171625800044
   1.1770000e+01  0.6672008685800045
   1.1780000e+01  0.6387747850800045
   1.1790000e+01   0.6318452605300046
   1.1800000e+01   0.6370178083800045
   1.1810000e+01  0.6389006509300046
   1.1820000e+01  0.6294061950800046
   1.1830000e+01  0.6101296385800046
   1.1840000e+01  0.5877325325800046
   1.1850000e+01  0.5710789370800046
   1.1860000e+01   0.5665950571300046
   1.1870000e+01   0.5699554688300046
   1.1880000e+01  0.5659975734800046
   1.1890000e+01  0.5418087599800046
   1.1900000e+01  0.4963357359800046
   1.1910000e+01  0.43406263598000455
   1.1920000e+01  0.35638779398000453
   1.1930000e+01  0.2661617344800045
   1.1940000e+01  0.17561577898000452
   1.1950000e+01  0.10119844098000452
   1.1960000e+01  0.05027702048000453
   1.1970000e+01  0.016086788480004527
   1.1980000e+01  -0.014922354019995473
   1.1990000e+01  -0.051007261019995476
   1.2000000e+01  -0.08730724751999547
   1.2010000e+01  -0.10992899351999547
   1.2020000e+01   -0.11061327851999546
   1.2030000e+01   -0.09496440851999546
   1.2040000e+01   -0.07208561801999547
   1.2050000e+01   -0.042059469019995466
   1.2060000e+01   -0.003040686519995464
   1.2070000e+01   0.03467528848000454
   1.2080000e+01   0.056107428980004544
   1.2090000e+01   0.06350892558000454
   1.2100000e+01   0.07815621268000454
   1.2110000e+01   0.11676037618000454
   1.2120000e+01   0.17463518318000454
   1.2130000e+01   0.23425519268000455
   1.2140000e+01   0.28177987218000455
   1.2150000e+01   0.3115103591800045
   1.2160000e+01   0.3217872306150045
   1.2170000e+01  0.31457828605000454
   1.2180000e+01  0.29909518655000455
   1.2190000e+01  0.2898097540000046
   1.2200000e+01   0.2945851464500046
   1.2210000e+01   0.3043138335000046
   1.2220000e+01  0.30083183755000464
   1.2230000e+01  0.27876140055000465
   1.2240000e+01  0.25342877205000464
   1.2250000e+01  0.24270098255000463
   1.2260000e+01   0.24895299705000465
   1.2270000e+01   0.26600895605000463
   1.2280000e+01   0.29457842355000463
   1.2290000e+01   0.33903782205000466
   1.2300000e+01   0.39470340755000466
   1.2310000e+01   0.4502110655500047
   1.2320000e+01   0.4991547425500047
   1.2330000e+01   0.5395531665500047
   1.2340000e+01   0.5661686490500047
   1.2350000e+01  0.5746231613050048
   1.2360000e+01  0.5711739945600048
   1.2370000e+01   0.5682766333300049
   1.2380000e+01   0.5706554606500049
   1.2390000e+01   0.5734464440500049
   1.2400000e+01  0.5731901203500049
   1.2410000e+01   0.5725638865400049
   1.2420000e+01   0.5736174618800048
   1.2430000e+01  0.5744227972945048
   1.2440000e+01   0.5764498104590049
   1.2450000e+01   0.5896346128090049
   1.2460000e+01   0.6232028828090048
   1.2470000e+01   0.6718977453090048
   1.2480000e+01   0.7166671413090048
   1.2490000e+01   0.7409873428090048
   1.2500000e+01  0.7439331676090049
   1.2510000e+01  0.7368034310090048
   1.2520000e+01  0.7307892001090048
   1.2530000e+01  0.7289851149740049
   1.2540000e+01  0.7255189685890049
   1.2550000e+01  0.7094443203390048
   1.2560000e+01  0.6733433133390049
   1.2570000e+01  0.6214691003390049
   1.2580000e+01  0.5667428018390049
   1.2590000e+01  0.517856372839005
   1.2600000e+01  0.47282403733900497
   1.2610000e+01  0.42643273283900496
   1.2620000e+01  0.378686195839005
   1.2630000e+01  0.33267694233900497
   1.2640000e+01  0.288654109339005
   1.2650000e+01  0.24463999633900496
   1.2660000e+01  0.20044334333900496
   1.2670000e+01  0.15740326683900496
   1.2680000e+01  0.11623253183900496
   1.2690000e+01  0.07890896883900496
   1.2700000e+01  0.05121927083900496
   1.2710000e+01  0.03894474688900496
   1.2720000e+01   0.04103701868900496
   1.2730000e+01   0.04973758308900496
   1.2740000e+01   0.05802776938900496
   1.2750000e+01   0.06435044338900496
   1.2760000e+01   0.07008273948900497
   1.2770000e+01   0.07603102688900497
   1.2780000e+01   0.08234171408900497
   1.2790000e+01   0.08882253203900496
   1.2800000e+01   0.09465307323900496
   1.2810000e+01   0.09987775518900496
   1.2820000e+01   0.10556952953900496
   1.2830000e+01   0.10908935437400497
   1.2840000e+01  0.10266437550900497
   1.2850000e+01  0.08330729400900497
   1.2860000e+01  0.061652892009004964
   1.2870000e+01   0.05281591980900496
   1.2880000e+01   0.059340350109004965
   1.2890000e+01   0.07055048410900497
   1.2900000e+01   0.07753745965900496
   1.2910000e+01   0.08117189165900496
   1.2920000e+01   0.08595413805900495
   1.2930000e+01   0.09285885120900496
   1.2940000e+01   0.09854404460900495
   1.2950000e+01  0.09745025510900496
   1.2960000e+01  0.08550383740900495
   1.2970000e+01  0.06348819540900495
   1.2980000e+01  0.03343269740900495
   1.2990000e+01  -0.008913637090995054
   1.3000000e+01  -0.07157209359099506
   1.3010000e+01  -0.15417104009099505
   1.3020000e+01  -0.24454396709099502
   1.3030000e+01  -0.32925954109099503
   1.3040000e+01  -0.401392304090995
   1.3050000e+01  -0.457689804090995
   1.3060000e+01  -0.49706643259099503
   1.3070000e+01  -0.525089329090995
   1.3080000e+01  -0.5522908415909951
   1.3090000e+01  -0.5827700745909951
   1.3100000e+01  -0.608414947590995
   1.3110000e+01  -0.618948940490995
   1.3120000e+01   -0.616303426040995
   1.3130000e+01  -0.615351577440995
   1.3140000e+01  -0.629232319190995
   1.3150000e+01  -0.656067112190995
   1.3160000e+01  -0.6831167301909951
   1.3170000e+01  -0.7031120686909951
   1.3180000e+01  -0.721372051690995
   1.3190000e+01  -0.7454668601909951
   1.3200000e+01  -0.774088422190995
   1.3210000e+01  -0.8006551221909951
   1.3220000e+01  -0.8238984206909951
   1.3230000e+01  -0.8505217566909951
   1.3240000e+01  -0.889605522690995
   1.3250000e+01  -0.9456319656909951
   1.3260000e+01  -1.0121056161909951
   1.3270000e+01  -1.0700359736909952
   1.3280000e+01  -1.0988244131909952
   1.3290000e+01   -1.0930967996909953
   1.3300000e+01   -1.0658978326909954
   1.3310000e+01   -1.0339954231909954
   1.3320000e+01   -1.0046048231909954
   1.3330000e+01   -0.9769788516909954
   1.3340000e+01   -0.9488604836909954
   1.3350000e+01   -0.9159829986909954
   1.3360000e+01   -0.8705107891909954
   1.3370000e+01   -0.8073742616909955
   1.3380000e+01   -0.7322018986909955
   1.3390000e+01   -0.6594432541909955
   1.3400000e+01   -0.6022409166909954
   1.3410000e+01   -0.5647039141909954
   1.3420000e+01   -0.5413057951909954
   1.3430000e+01   -0.5203457766909955
   1.3440000e+01   -0.4889220526909955
   1.3450000e+01   -0.4392658961909955
   1.3460000e+01   -0.37363024519099547
   1.3470000e+01   -0.3022208856909955
   1.3480000e+01   -0.23402628719099547
   1.3490000e+01   -0.16988992619099547
   1.3500000e+01   -0.10661812569099546
   1.3510000e+01   -0.046973934190995464
   1.3520000e+01   -0.0009334741909954591
   1.3530000e+01   0.025305534309004542
   1.3540000e+01   0.03780867710900454
   1.3550000e+01   0.04852900040900454
   1.3560000e+01   0.06299173090900455
   1.3570000e+01   0.07854727940900455
   1.3580000e+01   0.09239515440900455
   1.3590000e+01   0.10554803190900455
   1.3600000e+01   0.11932613940900455
   1.3610000e+01   0.13317042490900455
   1.3620000e+01   0.14664334840900456
   1.3630000e+01   0.16012092040900455
   1.3640000e+01   0.17355328490900454
   1.3650000e+01   0.18683633690900453
   1.3660000e+01   0.19913586990900453
   1.3670000e+01   0.20485958404900453
   1.3680000e+01  0.19462867868900452
   1.3690000e+01  0.1657837416890045
   1.3700000e+01  0.1281584956890045
   1.3710000e+01  0.09338020968900451
   1.3720000e+01  0.06293120068900451
   1.3730000e+01  0.034333330689004515
   1.3740000e+01  0.014038791689004515
   1.3750000e+01   0.012983904689004514
   1.3760000e+01   0.030562291689004515
   1.3770000e+01   0.053424512689004514
   1.3780000e+01   0.07128326418900452
   1.3790000e+01   0.08571121518900451
   1.3800000e+01   0.10183655568900452
   1.3810000e+01   0.11784887268900451
   1.3820000e+01  0.12422313053900451
   1.3830000e+01  0.10914843988900451
   1.3840000e+01  0.0656572708890045
   1.3850000e+01  -0.0008161096109954996
   1.3860000e+01  -0.07128734911099549
   1.3870000e+01  -0.12496703961099548
   1.3880000e+01  -0.15567790811099547
   1.3890000e+01  -0.17586226811099548
   1.3900000e+01  -0.2030957086109955
   1.3910000e+01  -0.24267228511099548
   1.3920000e+01  -0.28415610161099547
   1.3930000e+01  -0.31570790061099546
   1.3940000e+01  -0.34032916811099545
   1.3950000e+01  -0.37425006711099545
   1.3960000e+01  -0.42861496861099546
   1.3970000e+01  -0.49748336461099546
   1.3980000e+01  -0.5666030186109955
   1.3990000e+01  -0.6293534026109955
   1.4000000e+01  -0.6894099021109955
   1.4010000e+01  -0.7507792561109955
   1.4020000e+01  -0.8104000696109955
   1.4030000e+01  -0.8598840536109955
   1.4040000e+01  -0.8918126006109955
   1.4050000e+01  -0.9057809984109956
   1.4060000e+01  -0.9101123135609955
   1.4070000e+01  -0.9156302035109956
   1.4080000e+01  -0.9270341906109956
   1.4090000e+01  -0.9435367466109955
   1.4100000e+01  -0.9670510956109956
   1.4110000e+01  -1.0022778396109955
   1.4120000e+01  -1.0459976611109956
   1.4130000e+01  -1.0837587176109955
   1.4140000e+01  -1.1027700968109955
   1.4150000e+01   -1.1030753097109955
   1.4160000e+01   -1.0910377134109956
   1.4170000e+01   -1.0673303979109956
   1.4180000e+01   -1.0279388039109956
   1.4190000e+01   -0.9731515089109956
   1.4200000e+01   -0.9089839779109956
   1.4210000e+01   -0.8414925224109956
   1.4220000e+01   -0.7739379884109956
   1.4230000e+01   -0.7076831699109956
   1.4240000e+01   -0.6430874914109955
   1.4250000e+01   -0.5814275009109955
   1.4260000e+01   -0.5267171339109955
   1.4270000e+01   -0.4822323699109955
   1.4280000e+01   -0.44504658291099547
   1.4290000e+01   -0.4084255034109955
   1.4300000e+01   -0.3696763964109955
   1.4310000e+01   -0.33089104341099546
   1.4320000e+01   -0.2924922364109955
   1.4330000e+01   -0.2515131799109955
   1.4340000e+01   -0.20597802241099547
   1.4350000e+01   -0.15616274841099548
   1.4360000e+01   -0.10274862991099548
   1.4370000e+01   -0.048583603910995476
   1.4380000e+01   -0.00020896891099547732
   1.4390000e+01   0.03784956158900452
   1.4400000e+01   0.06886491608900452
   1.4410000e+01   0.09981118758900452
   1.4420000e+01   0.13403726158900453
   1.4430000e+01   0.17208699158900453
   1.4440000e+01   0.21623812508900453
   1.4450000e+01   0.26852202458900454
   1.4460000e+01   0.32573471858900455
   1.4470000e+01   0.38090776658900455
   1.4480000e+01   0.42903826308900456
   1.4490000e+01   0.46876621908900457
   1.4500000e+01   0.5005627005890045
   1.4510000e+01   0.5269100655890046
   1.4520000e+01   0.5526071115890046
   1.4530000e+01   0.5800345825890045
   1.4540000e+01   0.6034204920890045
   1.4550000e+01  0.6120278960890045
   1.4560000e+01  0.6014990170890046
   1.4570000e+01  0.5793124815890045
   1.4580000e+01  0.5566204880890046
   1.4590000e+01  0.5376497650890045
   1.4600000e+01  0.5200516175890045
   1.4610000e+01  0.5019242100890046
   1.4620000e+01  0.4837590335890046
   1.4630000e+01  0.46603590058900457
   1.4640000e+01  0.44908245708900457
   1.4650000e+01  0.43233646008900456
   1.4660000e+01  0.41015549308900456
   1.4670000e+01  0.37309731608900454
   1.4680000e+01  0.3182148660890045
   1.4690000e+01  0.2537920930890045
   1.4700000e+01  0.1904869290890045
   1.4710000e+01  0.13418464908900452
   1.4720000e+01  0.09045897258900451
   1.4730000e+01  0.06589358908900451
   1.4740000e+01  0.058530375589004514
   1.4750000e+01  0.055855041189004515
   1.4760000e+01  0.048467518789004516
   1.4770000e+01  0.03711725228900452
   1.4780000e+01  0.02129142978900452
   1.4790000e+01  -0.00797732771099548
   1.4800000e+01  -0.055977500210995484
   1.4810000e+01  -0.11392842321099549
   1.4820000e+01  -0.16891006771099548
   1.4830000e+01  -0.2179866202109955
   1.4840000e+01  -0.2662498637109955
   1.4850000e+01  -0.31620063621099553
   1.4860000e+01  -0.36443087671099555
   1.4870000e+01  -0.40575062021099556
   1.4880000e+01  -0.4383305352109956
   1.4890000e+01  -0.46723996021099556
   1.4900000e+01  -0.5018473767109956
   1.4910000e+01  -0.5459762227109956
   1.4920000e+01  -0.5931369167109956
   1.4930000e+01  -0.6357598447109956
   1.4940000e+01  -0.6748184867109955
   1.4950000e+01  -0.7143136712109955
   1.4960000e+01  -0.7511712222109955
   1.4970000e+01  -0.7793217322109955
   1.4980000e+01  -0.8014067907109955
   1.4990000e+01  -0.8276728537109955
   1.5000000e+01  -0.8629902907109955
   1.5010000e+01  -0.9012871607109956
   1.5020000e+01  -0.9329117837109956
   1.5030000e+01  -0.9520148217109956
   1.5040000e+01   -0.9567504180609956
   1.5050000e+01   -0.9482619209109956
   1.5060000e+01   -0.9317191574109956
   1.5070000e+01   -0.9144262724109956
   1.5080000e+01   -0.9000922374109956
   1.5090000e+01   -0.8867365374109957
   1.5100000e+01   -0.8717013839109957
   1.5110000e+01   -0.8560553009109957
   1.5120000e+01   -0.8409137829109957
   1.5130000e+01   -0.8210243844109957
   1.5140000e+01   -0.7867687809109957
   1.5150000e+01   -0.7342021944109957
   1.5160000e+01   -0.6702721309109957
   1.5170000e+01   -0.6060327244109956
   1.5180000e+01   -0.5465367859109956
   1.5190000e+01   -0.4893097014109956
   1.5200000e+01   -0.4309558289109956
   1.5210000e+01   -0.3720970604109956
   1.5220000e+01   -0.3151268914109956
   1.5230000e+01   -0.2588698554109956
   1.5240000e+01   -0.1979374764109956
   1.5250000e+01   -0.1292484379109956
   1.5260000e+01   -0.05838989541099561
   1.5270000e+01   0.004313512589004392
   1.5280000e+01   0.0564291625890044
   1.5290000e+01   0.1095809410890044
   1.5300000e+01   0.1793370565890044
   1.5310000e+01   0.2691127820890044
   1.5320000e+01   0.3661860550890044
   1.5330000e+01   0.4531375365890044
   1.5340000e+01   0.5211923330890044
   1.5350000e+01   0.5731159170890043
   1.5360000e+01   0.6168011455890043
   1.5370000e+01   0.6584695965890044
   1.5380000e+01   0.7005926850890044
   1.5390000e+01   0.7429986110890044
   1.5400000e+01   0.7845021565890045
   1.5410000e+01   0.8245377525890044
   1.5420000e+01   0.8639328865890044
   1.5430000e+01   0.9034321180890044
   1.5440000e+01   0.9421892055890043
   1.5450000e+01   0.9795846470890043
   1.5460000e+01   1.0166227785890043
   1.5470000e+01   1.0506478795890042
   1.5480000e+01   1.0694297603390042
   1.5490000e+01  1.0579258920890042
   1.5500000e+01  1.0140817360890042
   1.5510000e+01  0.9528629920890042
   1.5520000e+01  0.8917967490890042
   1.5530000e+01  0.8367535980890042
   1.5540000e+01  0.7836869300890041
   1.5550000e+01  0.7290859220890041
   1.5560000e+01  0.6754436495890042
   1.5570000e+01  0.6290567975890041
   1.5580000e+01  0.5936463840890042
   1.5590000e+01  0.5644954785890042
   1.5600000e+01  0.5305804990890042
   1.5610000e+01  0.48544147058900416
   1.5620000e+01  0.43352323508900414
   1.5630000e+01  0.3830012725890041
   1.5640000e+01  0.3367591710890041
   1.5650000e+01  0.29461865158900413
   1.5660000e+01  0.2591807275890041
   1.5670000e+01  0.23324814608900413
   1.5680000e+01  0.21526155258900412
   1.5690000e+01  0.20299207128900412
   1.5700000e+01  0.19810803667900412
   1.5710000e+01   0.20162958681900411
   1.5720000e+01   0.2085575851690041
   1.5730000e+01   0.2127870720690041
   1.5740000e+01   0.2145799804690041
   1.5750000e+01   0.2178710555190041
   1.5760000e+01   0.2221404280690041
   1.5770000e+01  0.22167812381900412
   1.5780000e+01  0.21210582316900412
   1.5790000e+01  0.1944587146690041
   1.5800000e+01  0.1734237041690041
   1.5810000e+01  0.1534831231690041
   1.5820000e+01  0.13602238216900409
   1.5830000e+01  0.11916099966900409
   1.5840000e+01  0.10136258916900409
   1.5850000e+01  0.08534767866900408
   1.5860000e+01  0.07667244721900408
   1.5870000e+01   0.07802851221900409
   1.5880000e+01   0.08643430766900409
   1.5890000e+01   0.0962702826190041
   1.5900000e+01   0.1040026940690041
   1.5910000e+01   0.1101086568190041
   1.5920000e+01   0.1170664300190041
   1.5930000e+01   0.1253346199190041
   1.5940000e+01   0.13283584776900412
   1.5950000e+01   0.1412719056690041
   1.5960000e+01   0.1606412011690041
   1.5970000e+01   0.2000695371690041
   1.5980000e+01   0.25310412416900413
   1.5990000e+01   0.3008452851690041
   1.6000000e+01   0.3339928361690041
   1.6010000e+01   0.3638916421690041
   1.6020000e+01   0.4059687256690041
   1.6030000e+01   0.4599254676690041
   1.6040000e+01   0.5141286946690041
   1.6050000e+01   0.5628853731690041
   1.6060000e+01   0.6087901766690041
   1.6070000e+01   0.6508155311690041
   1.6080000e+01   0.6808445011690042
   1.6090000e+01   0.6938906983690042
   1.6100000e+01  0.6949077573190042
   1.6110000e+01  0.6928368430190043
   1.6120000e+01   0.6920654667300042
   1.6130000e+01  0.6919993359410043
   1.6140000e+01  0.6917676572010043
   1.6150000e+01   0.6917438489360043
   1.6160000e+01  0.6908070465610042
   1.6170000e+01  0.6848970998110042
   1.6180000e+01  0.6697611323610042
   1.6190000e+01  0.6442039438610042
   1.6200000e+01  0.6097647983610042
   1.6210000e+01  0.5685842793610042
   1.6220000e+01  0.5231908403610042
   1.6230000e+01  0.4771005818610042
   1.6240000e+01  0.4331496933610042
   1.6250000e+01  0.39131248686100417
   1.6260000e+01  0.34982771136100416
   1.6270000e+01  0.30819781036100413
   1.6280000e+01  0.26751232236100414
   1.6290000e+01  0.22823765586100414
   1.6300000e+01  0.18959597136100415
   1.6310000e+01  0.15121754486100414
   1.6320000e+01  0.11372391486100414
   1.6330000e+01  0.07736770436100414
   1.6340000e+01  0.04156486036100414
   1.6350000e+01  0.006145223361004135
   1.6360000e+01  -0.02830872413899587
   1.6370000e+01  -0.06173240263899587
   1.6380000e+01  -0.09477112813899588
   1.6390000e+01  -0.12737793713899587
   1.6400000e+01  -0.15882550063899586
   1.6410000e+01  -0.18940066813899586
   1.6420000e+01  -0.21998940063899586
   1.6430000e+01  -0.24914343363899585
   1.6440000e+01  -0.27248740563899587
   1.6450000e+01  -0.2863424774889959
   1.6460000e+01  -0.2913839477889959
   1.6470000e+01  -0.2931002406889959
   1.6480000e+01  -0.2994751321389959
   1.6490000e+01  -0.3159916416389959
   1.6500000e+01  -0.3399258556389959
   1.6510000e+01  -0.3610928536389959
   1.6520000e+01  -0.37122649933899593
   1.6530000e+01   -0.37081671308899594
   1.6540000e+01   -0.36426740328899593
   1.6550000e+01   -0.3522723124389959
   1.6560000e+01   -0.33303921593899594
   1.6570000e+01   -0.30637261643899594
   1.6580000e+01   -0.27084846693899595
   1.6590000e+01   -0.22137860443899593
   1.6600000e+01   -0.15643124893899593
   1.6610000e+01   -0.08431399043899593
   1.6620000e+01   -0.015579009438995914
   1.6630000e+01   0.04808179156100409
   1.6640000e+01   0.11153106206100409
   1.6650000e+01   0.1763478480610041
   1.6660000e+01   0.2399055730610041
   1.6670000e+01   0.3011081110610041
   1.6680000e+01   0.3597025285610041
   1.6690000e+01   0.4117375615610041
   1.6700000e+01   0.4529653330610041
   1.6710000e+01   0.48622556806100414
   1.6720000e+01   0.5188367720610041
   1.6730000e+01   0.552130108061004
   1.6740000e+01   0.5791757915610041
   1.6750000e+01   0.5939406785610041
   1.6760000e+01   0.597988911287004
   1.6770000e+01  0.596982489213004
   1.6780000e+01  0.595153316263004
   1.6790000e+01   0.595212960813004
   1.6800000e+01   0.599650935563004
   1.6810000e+01   0.608954737113004
   1.6820000e+01   0.620507967613004
   1.6830000e+01   0.631013268813004
   1.6840000e+01   0.638044825513004
   1.6850000e+01  0.638700283213004
   1.6860000e+01  0.630491750913004
   1.6870000e+01  0.615376424913004
   1.6880000e+01  0.599412475413004
   1.6890000e+01  0.5863553779130041
   1.6900000e+01  0.5746947519130041
   1.6910000e+01  0.5621395399130041
   1.6920000e+01  0.5482343934130042
   1.6930000e+01  0.5304108739130041
   1.6940000e+01  0.5035428359130041
   1.6950000e+01  0.4682224289130041
   1.6960000e+01  0.4345447884130041
   1.6970000e+01  0.4113517574130041
   1.6980000e+01  0.3946031729130041
   1.6990000e+01  0.3725941869130041
   1.7000000e+01  0.34086099941300413
   1.7010000e+01  0.30569565391300413
   1.7020000e+01  0.2737466089130041
   1.7030000e+01  0.2446889979130041
   1.7040000e+01  0.21530792141300412
   1.7050000e+01  0.18529066841300412
   1.7060000e+01  0.1562656769130041
   1.7070000e+01  0.1284616164130041
   1.7080000e+01  0.1009907669130041
   1.7090000e+01  0.0737592524130041
   1.7100000e+01  0.0472645034130041
   1.7110000e+01  0.0214823414130041
   1.7120000e+01  -0.003889385586995902
   1.7130000e+01  -0.0287757005869959
   1.7140000e+01  -0.053006399086995906
   1.7150000e+01  -0.0766940105869959
   1.7160000e+01  -0.0999419420869959
   1.7170000e+01  -0.1226429715869959
   1.7180000e+01  -0.1447556840869959
   1.7190000e+01  -0.1663898710869959
   1.7200000e+01  -0.1875617950869959
   1.7210000e+01  -0.20818621508699592
   1.7220000e+01  -0.22828161058699592
   1.7230000e+01  -0.2479266460869959
   1.7240000e+01  -0.2670963195869959
   1.7250000e+01  -0.28573936908699593
   1.7260000e+01  -0.3039021665869959
   1.7270000e+01  -0.3216291335869959
   1.7280000e+01  -0.3388762405869959
   1.7290000e+01  -0.3556255280869959
   1.7300000e+01  -0.3719363930869959
   1.7310000e+01  -0.3878204340869959
   1.7320000e+01  -0.4032246905869959
   1.7330000e+01  -0.4181643620869959
   1.7340000e+01  -0.4327033675869959
   1.7350000e+01  -0.4468172440869959
   1.7360000e+01  -0.4604531020869959
   1.7370000e+01  -0.47366667158699594
   1.7380000e+01  -0.48651527608699596
   1.7390000e+01  -0.49892801608699594
   1.7400000e+01  -0.5108678710869959
   1.7410000e+01  -0.522442726586996
   1.7420000e+01  -0.533679865586996
   1.7430000e+01  -0.544451064086996
   1.7440000e+01  -0.554768434586996
   1.7450000e+01  -0.564798716736996
   1.7460000e+01  -0.574493641736996
   1.7470000e+01  -0.583669904936996
   1.7480000e+01  -0.592450731636996
   1.7490000e+01  -0.601041928886996
   1.7500000e+01  -0.6092278848369961
   1.7510000e+01  -0.6168435877369961
   1.7520000e+01  -0.6243002556369961
   1.7530000e+01  -0.6312475038369961
   1.7540000e+01  -0.6347561659719961
   1.7550000e+01   -0.6305272630569961
   1.7560000e+01   -0.6169458476569961
   1.7570000e+01   -0.5977240161569961
   1.7580000e+01   -0.5804156766569961
   1.7590000e+01   -0.5717914080069961
   1.7600000e+01  -0.5725421617069961
   1.7610000e+01  -0.5751999757969961
   1.7620000e+01   -0.5695367930369961
   1.7630000e+01   -0.5528935045369961
   1.7640000e+01   -0.5340569860369961
   1.7650000e+01   -0.5238311792869962
   1.7660000e+01  -0.5219807550569961
   1.7670000e+01   -0.5163049090769961
   1.7680000e+01   -0.4950274305769961
   1.7690000e+01   -0.45776557407699614
   1.7700000e+01   -0.41364683257699614
   1.7710000e+01   -0.37113627457699616
   1.7720000e+01   -0.33182398607699615
   1.7730000e+01   -0.29304431857699614
   1.7740000e+01   -0.25344546007699614
   1.7750000e+01   -0.21418947707699615
   1.7760000e+01   -0.17610026257699615
   1.7770000e+01   -0.13846857757699615
   1.7780000e+01   -0.10096175807699616
   1.7790000e+01   -0.06387393007699615
   1.7800000e+01   -0.025252059576996153
   1.7810000e+01   0.018909500923003843
   1.7820000e+01   0.06855030942300384
   1.7830000e+01   0.11625106692300385
   1.7840000e+01   0.15456545742300387
   1.7850000e+01   0.18560382542300388
   1.7860000e+01   0.21865498642300388
   1.7870000e+01   0.25827863642300386
   1.7880000e+01   0.29942524642300383
   1.7890000e+01   0.33532949242300386
   1.7900000e+01   0.36565961692300386
   1.7910000e+01   0.39460725942300384
   1.7920000e+01   0.42459008792300384
   1.7930000e+01   0.45488388142300384
   1.7940000e+01   0.4843486589230038
   1.7950000e+01   0.5128750254230038
   1.7960000e+01   0.5409912514230037
   1.7970000e+01   0.5691238739230038
   1.7980000e+01   0.5963391454230038
   1.7990000e+01   0.6201630519230038
   1.8000000e+01   0.6397352609230038
   1.8010000e+01   0.6585843649230038
   1.8020000e+01   0.6813608689230037
   1.8030000e+01   0.7081134334230037
   1.8040000e+01   0.7348720939230037
   1.8050000e+01   0.7594370594230037
   1.8060000e+01   0.7831249219230036
   1.8070000e+01   0.8071501034230036
   1.8080000e+01   0.8309829999230036
   1.8090000e+01   0.8542129954230037
   1.8100000e+01   0.8763709064230036
   1.8110000e+01   0.8945875294230037
   1.8120000e+01   0.9045229710730037
   1.8130000e+01  0.9039374105730037
   1.8140000e+01  0.8932887529230037
   1.8150000e+01  0.8739251234230037
   1.8160000e+01  0.8484526254230037
   1.8170000e+01  0.8215067479230037
   1.8180000e+01  0.7967814174230037
   1.8190000e+01  0.7739009704230037
   1.8200000e+01  0.7506107024230037
   1.8210000e+01  0.7267517744230036
   1.8220000e+01  0.7036910009230036
   1.8230000e+01  0.6814724059230036
   1.8240000e+01  0.6592155089230036
   1.8250000e+01  0.6370776469230036
   1.8260000e+01  0.6156154584230036
   1.8270000e+01  0.5944717389230035
   1.8280000e+01  0.5733413184230035
   1.8290000e+01  0.5527246159230035
   1.8300000e+01  0.5326503809230034
   1.8310000e+01  0.5125584084230034
   1.8320000e+01  0.4927837634230034
   1.8330000e+01  0.4732267379230034
   1.8340000e+01  0.4504797904230034
   1.8350000e+01  0.42077698642300343
   1.8360000e+01  0.3870808099230034
   1.8370000e+01  0.3584028284230034
   1.8380000e+01  0.3395999169230034
   1.8390000e+01  0.3259927434230034
   1.8400000e+01  0.3106644009230034
   1.8410000e+01  0.2928769179230034
   1.8420000e+01  0.2760036494230034
   1.8430000e+01  0.26094233892300345
   1.8440000e+01  0.24582744342300344
   1.8450000e+01  0.23009194792300344
   1.8460000e+01  0.21489704142300345
   1.8470000e+01  0.20048946292300346
   1.8480000e+01  0.18606566492300347
   1.8490000e+01  0.17159253042300346
   1.8500000e+01  0.15759183992300346
   1.8510000e+01  0.14426653742300347
   1.8520000e+01  0.13332757937300346
   1.8530000e+01   0.12934585317300346
   1.8540000e+01   0.13538741102300345
   1.8550000e+01   0.14680141852300344
   1.8560000e+01   0.15292871398300345
   1.8570000e+01  0.14699177994300344
   1.8580000e+01  0.13220943294300344
   1.8590000e+01  0.11654696894300344
   1.8600000e+01  0.10381632544300344
   1.8610000e+01  0.09230933944300344
   1.8620000e+01  0.07998722144300344
   1.8630000e+01  0.06731963894300344
   1.8640000e+01  0.05527755344300344
   1.8650000e+01  0.04367052794300344
   1.8660000e+01  0.03281024144300344
   1.8670000e+01  0.025630282893003443
   1.8680000e+01   0.026712375993003443
   1.8690000e+01   0.03845780464300344
   1.8700000e+01   0.05826706014300344
   1.8710000e+01   0.08054239514300343
   1.8720000e+01   0.10209925814300344
   1.8730000e+01   0.12422249114300343
   1.8740000e+01   0.14807523714300344
   1.8750000e+01   0.16983626814300345
   1.8760000e+01   0.18288515044300346
   1.8770000e+01  0.18395327249300347
   1.8780000e+01  0.17509532824300347
   1.8790000e+01  0.16095591224300348
   1.8800000e+01  0.1468537497430035
   1.8810000e+01  0.1386269501930035
   1.8820000e+01   0.1404536688930035
   1.8830000e+01   0.1507087131430035
   1.8840000e+01   0.1611857780430035
   1.8850000e+01  0.1628747854430035
   1.8860000e+01  0.15426051344300348
   1.8870000e+01  0.14382575124300348
   1.8880000e+01   0.14247690564300347
   1.8890000e+01   0.15230915324300348
   1.8900000e+01   0.16407470714300348
   1.8910000e+01  0.16667365814300347
   1.8920000e+01  0.15746872324300348
   1.8930000e+01  0.1422199177430035
   1.8940000e+01  0.1273791582430035
   1.8950000e+01  0.11488258024300349
   1.8960000e+01  0.1031049472430035
   1.8970000e+01  0.0904967697430035
   1.8980000e+01  0.07821625174300349
   1.8990000e+01  0.0694163854930035
   1.9000000e+01  0.0649871754430035
   1.9010000e+01  0.0608820074930035
   1.9020000e+01  0.052208333343003496
   1.9030000e+01  0.0392614358430035
   1.9040000e+01  0.0263403123430035
   1.9050000e+01  0.015442999343003498
   1.9060000e+01  0.004959059843003499
   1.9070000e+01  -0.006146168656996503
   1.9080000e+01  -0.0170476826569965
   1.9090000e+01  -0.0275317606569965
   1.9100000e+01  -0.0380243261569965
   1.9110000e+01  -0.048090614106996506
   1.9120000e+01  -0.058569873556996506
   1.9130000e+01  -0.0735316290569965
   1.9140000e+01  -0.09577040205699651
   1.9150000e+01  -0.1219580735569965
   1.9160000e+01  -0.1470020075569965
   1.9170000e+01  -0.1722420670569965
