   0.0000000e+00   0.005904586
   1.0000000e-02   0.051203815
   2.0000000e-02   0.210711013
   3.0000000e-02   0.549060388
   4.0000000e-02   1.018937513
   5.0000000e-02   1.440191593
   6.0000000e-02   1.640055789
   7.0000000e-02  1.618938325
   8.0000000e-02  1.530251788
   9.0000000e-02   1.494778331
   1.0000000e-01   1.49781715355
   1.1000000e-01  1.4796825971
   1.2000000e-01  1.4425174226000002
   1.3000000e-01  1.4197283319000003
   1.4000000e-01  1.4034619582000003
   1.5000000e-01  1.3615015922000002
   1.6000000e-01  1.2912218042000003
   1.7000000e-01  1.2109742252000004
   1.8000000e-01  1.1238033047000004
   1.9000000e-01  1.0273366547000005
   2.0000000e-01  0.9388750177000005
   2.1000000e-01  0.8782242767000005
   2.2000000e-01  0.8387610692000005
   2.3000000e-01  0.7968112032000005
   2.4000000e-01  0.7373016497000006
   2.5000000e-01  0.6573678672000005
   2.6000000e-01  0.5605674427000005
   2.7000000e-01  0.4601808992000005
   2.8000000e-01  0.3752312797000005
   2.9000000e-01  0.3120833547000005
   3.0000000e-01  0.25689912770000045
   3.1000000e-01  0.18981205070000046
   3.2000000e-01  0.09881391670000045
   3.3000000e-01  -0.019003048299999548
   3.4000000e-01  -0.15631681329999955
   3.5000000e-01  -0.2920734432999995
   3.6000000e-01  -0.4008632007999995
   3.7000000e-01  -0.4732884937999995
   3.8000000e-01  -0.5229428037999995
   3.9000000e-01  -0.5714201537999994
   4.0000000e-01  -0.6314727402999994
   4.1000000e-01  -0.7043619737999994
   4.2000000e-01  -0.7850150707999994
   4.3000000e-01  -0.8664432957999995
   4.4000000e-01  -0.9450621892999995
   4.5000000e-01  -1.0247640362999995
   4.6000000e-01  -1.1119561222999994
   4.7000000e-01  -1.2060121797999994
   4.8000000e-01  -1.2994662587999994
   4.9000000e-01  -1.3878509062999995
   5.0000000e-01  -1.4736856077999996
   5.1000000e-01  -1.5599178402999996
   5.2000000e-01  -1.6452025532999996
   5.3000000e-01  -1.7275370962999996
   5.4000000e-01  -1.8078055862999995
   5.5000000e-01  -1.8873411512999996
   5.6000000e-01  -1.9645980567999997
   5.7000000e-01  -2.0349152837999998
   5.8000000e-01  -2.0916745877999996
   5.9000000e-01  -2.1295959147999994
   6.0000000e-01  -2.1508339532999994
   6.1000000e-01  -2.1660818227999994
   6.2000000e-01  -2.1854016292999994
   6.3000000e-01  -2.2112879867999995
   6.4000000e-01  -2.2474853972999993
   6.5000000e-01  -2.3098333612999995
   6.6000000e-01  -2.4145362412999996
   6.7000000e-01  -2.5533641862999996
   6.8000000e-01  -2.6934151412999996
   6.9000000e-01  -2.8078685402999994
   7.0000000e-01  -2.8972776382999994
   7.1000000e-01  -2.9748166682999995
   7.2000000e-01  -3.0424093272999997
   7.3000000e-01  -3.0924949238
   7.4000000e-01  -3.1256996533
   7.5000000e-01  -3.1533761067999997
   7.6000000e-01  -3.1822117007999995
   7.7000000e-01  -3.2032445342999996
   7.8000000e-01   -3.1987328082999995
   7.9000000e-01   -3.1622218487999993
   8.0000000e-01   -3.1170177572999993
   8.1000000e-01  -3.1129683037999993
   8.2000000e-01  -3.1937097052999994
   8.3000000e-01  -3.3595225152999992
   8.4000000e-01  -3.5639980102999993
   8.5000000e-01  -3.748793150299999
   8.6000000e-01  -3.881241405299999
   8.7000000e-01  -3.9638193452999992
   8.8000000e-01  -4.017247608799999
   8.9000000e-01  -4.0575959592999995
   9.0000000e-01  -4.084460324799999
   9.1000000e-01   -4.085790170299999
   9.2000000e-01   -4.051421384799999
   9.3000000e-01   -3.9811509127999996
   9.4000000e-01   -3.8830167082999996
   9.5000000e-01   -3.7691770182999997
   9.6000000e-01   -3.6540201282999996
   9.7000000e-01   -3.5534102802999996
   9.8000000e-01   -3.4870982097999996
   9.9000000e-01  -3.4833341112999996
   1.0000000e+00  -3.5721182102999998
   1.0100000e+00  -3.7599956402999997
   1.0200000e+00  -4.0086995803
   1.0300000e+00  -4.2472673003
   1.0400000e+00  -4.4123141402999995
   1.0500000e+00  -4.4794067598
   1.0600000e+00   -4.4608029362999995
   1.0700000e+00   -4.380659833299999
   1.0800000e+00   -4.256848508299999
   1.0900000e+00   -4.106202568299999
   1.1000000e+00   -3.9607803832999986
   1.1100000e+00   -3.8648136082999986
   1.1200000e+00  -3.8427284677999984
   1.1300000e+00  -3.8713716077999982
   1.1400000e+00  -3.8945402304999983
   1.1500000e+00   -3.8681533516999984
   1.1600000e+00   -3.7874076806999986
   1.1700000e+00   -3.6765221156999988
   1.1800000e+00   -3.569145251699999
   1.1900000e+00   -3.5024212156999988
   1.2000000e+00  -3.5107059246999985
   1.2100000e+00  -3.6041484656999985
   1.2200000e+00  -3.7517162856999984
   1.2300000e+00  -3.8962116256999986
   1.2400000e+00  -3.9926157116999987
   1.2500000e+00  -4.031361261199999
   1.2600000e+00   -4.025455366199999
   1.2700000e+00   -3.981355025199999
   1.2800000e+00   -3.887741937699999
   1.2900000e+00   -3.731499572699999
   1.3000000e+00   -3.520690457699999
   1.3100000e+00   -3.291496577699999
   1.3200000e+00   -3.093337867699999
   1.3300000e+00   -2.962209566699999
   1.3400000e+00   -2.900439308199999
   1.3500000e+00   -2.879971797749999
   1.3600000e+00   -2.868435476799999
   1.3700000e+00   -2.853062089299999
   1.3800000e+00   -2.838508015299999
   1.3900000e+00   -2.825888299799999
   1.4000000e+00   -2.801858200799999
   1.4100000e+00   -2.749593771299999
   1.4200000e+00   -2.663843144799999
   1.4300000e+00   -2.549614329799999
   1.4400000e+00   -2.407263644799999
   1.4500000e+00   -2.223511949799999
   1.4600000e+00   -1.979493864799999
   1.4700000e+00   -1.6666237647999989
   1.4800000e+00   -1.2953987547999988
   1.4900000e+00   -0.8955235447999987
   1.5000000e+00   -0.5125766247999988
   1.5100000e+00   -0.1961187197999988
   1.5200000e+00   0.024939665200001182
   1.5300000e+00   0.1601576667000012
   1.5400000e+00   0.24474042720000122
   1.5500000e+00   0.30895170370000125
   1.5600000e+00   0.36551646970000123
   1.5700000e+00   0.41955465270000125
   1.5800000e+00   0.47427950070000124
   1.5900000e+00   0.5271185872000013
   1.6000000e+00   0.5778459612000013
   1.6100000e+00   0.6466790817000013
   1.6200000e+00   0.7706791512000013
   1.6300000e+00   0.9721294612000013
   1.6400000e+00   1.2341869012000013
   1.6500000e+00   1.5101274112000014
   1.6600000e+00   1.7531716262000014
   1.6700000e+00   1.9417725562000014
   1.6800000e+00   2.0885510412000015
   1.6900000e+00   2.2300030462000016
   1.7000000e+00   2.4021741412000015
   1.7100000e+00   2.6201463712000015
   1.7200000e+00   2.8755152862000015
   1.7300000e+00   3.1447734412000017
   1.7400000e+00   3.3954162362000018
   1.7500000e+00   3.593448806200002
   1.7600000e+00   3.721473484200002
   1.7700000e+00   3.796033989700002
   1.7800000e+00   3.859804394700002
   1.7900000e+00   3.9465760072000022
   1.8000000e+00   4.0525286672000025
   1.8100000e+00   4.149898565700003
   1.8200000e+00   4.2355711892000025
   1.8300000e+00   4.361133879200002
   1.8400000e+00   4.602875424200002
   1.8500000e+00   4.997154604200002
   1.8600000e+00   5.508439584200002
   1.8700000e+00   6.058983574200003
   1.8800000e+00   6.581555304200003
   1.8900000e+00   7.044923814200002
   1.9000000e+00   7.4461263892000025
   1.9100000e+00   7.7948512392000024
   1.9200000e+00   8.104070514200002
   1.9300000e+00   8.383322364200001
   1.9400000e+00   8.634124854200001
   1.9500000e+00   8.853331949200001
   1.9600000e+00   9.041829344200002
   1.9700000e+00   9.206543899200001
   1.9800000e+00   9.3519920392
   1.9900000e+00   9.475366064200001
   2.0000000e+00   9.5793861857
   2.0100000e+00   9.6913536322
   2.0200000e+00   9.8578255622
   2.0300000e+00   10.108145437200001
   2.0400000e+00   10.4234675122
   2.0500000e+00   10.7486259972
   2.0600000e+00   11.0354495772
   2.0700000e+00   11.2730086522
   2.0800000e+00   11.4815966272
   2.0900000e+00   11.6848609472
   2.1000000e+00   11.885886757200002
   2.1100000e+00   12.065860372200001
   2.1200000e+00   12.210126872200002
   2.1300000e+00   12.338297492200002
   2.1400000e+00   12.497281547200002
   2.1500000e+00   12.713280352200002
   2.1600000e+00   12.958582432200002
   2.1700000e+00   13.179948927200002
   2.1800000e+00   13.357128657200002
   2.1900000e+00   13.523403712200002
   2.2000000e+00   13.734131102200003
   2.2100000e+00   14.026825127200002
   2.2200000e+00   14.403815992200002
   2.2300000e+00   14.831811042200002
   2.2400000e+00   15.251737977200001
   2.2500000e+00   15.601874182200001
   2.2600000e+00   15.842253997200002
   2.2700000e+00   15.959644135700001
   2.2800000e+00  15.957689939700002
   2.2900000e+00  15.856713670200001
   2.3000000e+00  15.706555900200001
   2.3100000e+00  15.588165709200002
   2.3200000e+00   15.587760580700001
   2.3300000e+00   15.755296568200002
   2.3400000e+00   16.0731289132
   2.3500000e+00   16.4588385732
   2.3600000e+00   16.8119460982
   2.3700000e+00   17.0809957532
   2.3800000e+00   17.2962153782
   2.3900000e+00   17.5315164782
   2.4000000e+00   17.8287965732
   2.4100000e+00   18.161193788200002
   2.4200000e+00   18.4682177582
   2.4300000e+00   18.7123194832
   2.4400000e+00   18.888575003200003
   2.4500000e+00   18.987021945200002
   2.4600000e+00  18.967818975700002
   2.4700000e+00  18.7864946042
   2.4800000e+00  18.439992074200003
   2.4900000e+00  17.981847739200003
   2.5000000e+00  17.4928505192
   2.5100000e+00  17.0363070742
   2.5200000e+00  16.6329791692
   2.5300000e+00  16.266921779199997
   2.5400000e+00  15.907318204199997
   2.5500000e+00  15.526125544199997
   2.5600000e+00  15.107792099199997
   2.5700000e+00  14.656472659199997
   2.5800000e+00  14.192202849199997
   2.5900000e+00  13.725408669199997
   2.6000000e+00  13.232302544199996
   2.6100000e+00  12.668906674199995
   2.6200000e+00  12.013064534199994
   2.6300000e+00  11.277077869199994
   2.6400000e+00  10.471581039199993
   2.6500000e+00  9.574313729199993
   2.6600000e+00  8.552641399199993
   2.6700000e+00  7.413363799199994
   2.6800000e+00  6.219231399199994
   2.6900000e+00  5.057327849199994
   2.7000000e+00  3.9961637891999935
   2.7100000e+00  3.0674859991999934
   2.7200000e+00  2.2765977191999935
   2.7300000e+00  1.6212866891999935
   2.7400000e+00  1.0970682291999934
   2.7500000e+00  0.6840584991999934
   2.7600000e+00  0.33624420919999337
   2.7700000e+00  -0.0012093808000066542
   2.7800000e+00  -0.35173251580000664
   2.7900000e+00  -0.6847223958000066
   2.8000000e+00  -0.9417319258000065
   2.8100000e+00  -1.0905103313000066
   2.8200000e+00  -1.1557746068000065
   2.8300000e+00  -1.2090538798000066
   2.8400000e+00  -1.3477547478000065
   2.8500000e+00  -1.6873793978000065
   2.8600000e+00  -2.3506448778000064
   2.8700000e+00  -3.432785307800007
   2.8800000e+00  -4.957121507800007
   2.8900000e+00  -6.854915457800008
   2.9000000e+00  -8.989094307800007
   2.9100000e+00  -11.211606057800008
   2.9200000e+00  -13.414490207800007
   2.9300000e+00  -15.534485207800007
   2.9400000e+00  -17.523078657800006
   2.9500000e+00  -19.337285607800005
   2.9600000e+00  -20.961928557800004
   2.9700000e+00  -22.404116657800003
   2.9800000e+00  -23.6323018578
   2.9900000e+00  -24.525725487800003
   3.0000000e+00  -24.901432175300002
   3.0100000e+00   -24.595811282800003
   3.0200000e+00   -23.536282232800005
   3.0300000e+00   -21.777084732800006
   3.0400000e+00   -19.504495632800005
   3.0500000e+00   -17.020045132800004
   3.0600000e+00   -14.711391132800003
   3.0700000e+00   -12.994516932800003
   3.0800000e+00   -12.185943787800003
   3.0900000e+00  -12.344168377800003
   3.1000000e+00  -13.238102112800002
   3.1100000e+00  -14.522671362800002
   3.1200000e+00  -15.958352212800003
   3.1300000e+00  -17.457577412800003
   3.1400000e+00  -18.9803627128
   3.1500000e+00  -20.471228112800002
   3.1600000e+00  -21.8957999628
   3.1700000e+00  -23.262319562800002
   3.1800000e+00  -24.5706362628
   3.1900000e+00  -25.7640553628
   3.2000000e+00  -26.738571452800002
   3.2100000e+00  -27.379361647800003
   3.2200000e+00   -27.6015096835
   3.2300000e+00   -27.3947216892
   3.2400000e+00   -26.831744404200002
   3.2500000e+00   -26.0134267092
   3.2600000e+00   -25.0258879742
   3.2700000e+00   -23.9888290242
   3.2800000e+00   -23.119703309200002
   3.2900000e+00   -22.671563259200003
   3.3000000e+00  -22.769669969200002
   3.3100000e+00  -23.337223964200003
   3.3200000e+00  -24.203087519200004
   3.3300000e+00  -25.252216124200004
   3.3400000e+00  -26.435901924200003
   3.3500000e+00  -27.654288324200003
   3.3600000e+00  -28.689414934200002
   3.3700000e+00  -29.294228109200002
   3.3800000e+00   -29.3396835692
   3.3900000e+00   -28.852754284200003
   3.4000000e+00   -27.918280254200003
   3.4100000e+00   -26.569028354200004
   3.4200000e+00   -24.768638604200003
   3.4300000e+00   -22.471795804200003
   3.4400000e+00   -19.6874885542
   3.4500000e+00   -16.4907239542
   3.4600000e+00   -12.9681684042
   3.4700000e+00   -9.1440451042
   3.4800000e+00   -4.9760923042
   3.4900000e+00   -0.4431090042000001
   3.5000000e+00   4.3739662958
   3.5100000e+00   9.297417895799999
   3.5200000e+00   14.093203595799999
   3.5300000e+00   18.4824423458
   3.5400000e+00   22.1741286458
   3.5500000e+00   24.9670475958
   3.5600000e+00   26.8326218458
   3.5700000e+00   27.8790888508
   3.5800000e+00   28.2503820628
   3.5900000e+00  28.0762469498
   3.6000000e+00  27.4869688198
   3.6100000e+00  26.6314209748
   3.6200000e+00  25.6701833798
   3.6300000e+00  24.746816214800003
   3.6400000e+00  23.944540204800003
   3.6500000e+00  23.264517844800004
   3.6600000e+00  22.662409744800005
   3.6700000e+00  22.108725604800004
   3.6800000e+00  21.606017094800002
   3.6900000e+00  21.165169259800003
   3.7000000e+00  20.7924920648
   3.7100000e+00  20.4951459748
   3.7200000e+00  20.2751665898
   3.7300000e+00  20.111054549800002
   3.7400000e+00  19.946617984800003
   3.7500000e+00  19.691613579800002
   3.7600000e+00  19.240163509800002
   3.7700000e+00  18.517017564800003
   3.7800000e+00  17.521739329800003
   3.7900000e+00  16.316093229800003
   3.8000000e+00  14.963724079800004
   3.8100000e+00  13.504033329800004
   3.8200000e+00  11.999090129800004
   3.8300000e+00  10.580049229800004
   3.8400000e+00  9.402187829800004
   3.8500000e+00  8.532477689800004
   3.8600000e+00  7.888144114800004
   3.8700000e+00  7.288374954800004
   3.8800000e+00  6.554071969800003
   3.8900000e+00  5.564053759800004
   3.9000000e+00  4.255731359800004
   3.9100000e+00  2.6062720098000036
   3.9200000e+00  0.6135506598000036
   3.9300000e+00  -1.7096597901999964
   3.9400000e+00  -4.3208276401999965
   3.9500000e+00  -7.150965290199997
   3.9600000e+00  -10.158269090199997
   3.9700000e+00  -13.358143440199997
   3.9800000e+00  -16.737842590199996
   3.9900000e+00  -20.136813840199995
   4.0000000e+00  -23.270197590199995
   4.0100000e+00  -25.885881590199993
   4.0200000e+00  -27.858359590199992
   4.0300000e+00  -29.14434096019999
   4.0400000e+00  -29.73047701519999
   4.0500000e+00   -29.651432125199992
   4.0600000e+00   -28.99527430519999
   4.0700000e+00   -27.84792476019999
   4.0800000e+00   -26.25713986019999
   4.0900000e+00   -24.266083360199993
   4.1000000e+00   -21.952159460199994
   4.1100000e+00   -19.415464510199993
   4.1200000e+00   -16.74539946019999
   4.1300000e+00   -14.000570260199991
   4.1400000e+00   -11.19761271019999
   4.1500000e+00   -8.31326466019999
   4.1600000e+00   -5.319263310199991
   4.1700000e+00   -2.2323279601999912
   4.1800000e+00   0.8705218898000089
   4.1900000e+00   3.8882963898000096
   4.2000000e+00   6.74783863980001
   4.2100000e+00   9.42597608980001
   4.2200000e+00   11.93051303980001
   4.2300000e+00   14.264447789800009
   4.2400000e+00   16.40704553980001
   4.2500000e+00   18.32401328980001
   4.2600000e+00   19.98577568980001
   4.2700000e+00   21.360477589800013
   4.2800000e+00   22.379509734800013
   4.2900000e+00   22.923928364800013
   4.3000000e+00  22.878831744800014
   4.3100000e+00  22.222063619800014
   4.3200000e+00  21.050497699800015
   4.3300000e+00  19.509832149800015
   4.3400000e+00  17.711562349800015
   4.3500000e+00  15.722468999800014
   4.3600000e+00  13.600931399800015
   4.3700000e+00  11.405617499800014
   4.3800000e+00  9.170411399800013
   4.3900000e+00  6.894367899800013
   4.4000000e+00  4.565133999800013
   4.4100000e+00  2.191426049800013
   4.4200000e+00  -0.18354280019998725
   4.4300000e+00  -2.501249100199987
   4.4400000e+00  -4.722506150199987
   4.4500000e+00  -6.826321700199987
   4.4600000e+00  -8.754976500199987
   4.4700000e+00  -10.378714500199987
   4.4800000e+00  -11.557832835199987
   4.4900000e+00  -12.253195190199987
   4.5000000e+00  -12.557608130199988
   4.5100000e+00   -12.617188179199987
   4.5200000e+00   -12.545102478199986
   4.5300000e+00   -12.419111793199987
   4.5400000e+00   -12.338988505699987
   4.5500000e+00  -12.455804923199988
   4.5600000e+00  -12.925727288199989
   4.5700000e+00  -13.827058303199989
   4.5800000e+00  -15.126212903199988
   4.5900000e+00  -16.731627403199987
   4.6000000e+00  -18.577462603199987
   4.6100000e+00  -20.654506303199987
   4.6200000e+00  -22.981748653199986
   4.6300000e+00  -25.567078303199985
   4.6400000e+00  -28.378477003199983
   4.6500000e+00  -31.328820353199983
   4.6600000e+00  -34.301075203199986
   4.6700000e+00  -37.21317540319998
   4.6800000e+00  -40.05347840319998
   4.6900000e+00  -42.84485410319998
   4.7000000e+00  -45.59564460319998
   4.7100000e+00  -48.29061855319998
   4.7200000e+00  -50.87861635319997
   4.7300000e+00  -53.22800005319997
   4.7400000e+00  -55.13265660319997
   4.7500000e+00  -56.42395163319997
   4.7600000e+00  -57.08013725319997
   4.7700000e+00   -57.20610972819997
   4.7800000e+00   -56.93424716819997
   4.7900000e+00   -56.38172060819997
   4.8000000e+00   -55.672510808199974
   4.8100000e+00   -54.93287332319997
   4.8200000e+00   -54.24497366319997
   4.8300000e+00   -53.62437253819997
   4.8400000e+00   -53.03967339319997
   4.8500000e+00   -52.43501154819997
   4.8600000e+00   -51.74574896819997
   4.8700000e+00   -50.92366602319997
   4.8800000e+00   -49.95235029319997
   4.8900000e+00   -48.82633174319997
   4.9000000e+00   -47.52053014319997
   4.9100000e+00   -45.99011964319997
   4.9200000e+00   -44.19040379319997
   4.9300000e+00   -42.090785143199966
   4.9400000e+00   -39.693294743199964
   4.9500000e+00   -37.05935569319996
   4.9600000e+00   -34.29868304319996
   4.9700000e+00   -31.49389654319996
   4.9800000e+00   -28.62579224319996
   4.9900000e+00   -25.58645184319996
   5.0000000e+00   -22.27171949319996
   5.0100000e+00   -18.66149999319996
   5.0200000e+00   -14.829534443199961
   5.0300000e+00   -10.90730429319996
   5.0400000e+00   -7.048990643199961
   5.0500000e+00   -3.4060450431999607
   5.0600000e+00   -0.09581829319996071
   5.0700000e+00   2.8298444568000396
   5.0800000e+00   5.38523035680004
   5.0900000e+00   7.61072995680004
   5.1000000e+00   9.53164575680004
   5.1100000e+00   11.161389906800041
   5.1200000e+00   12.536888406800042
   5.1300000e+00   13.731992756800041
   5.1400000e+00   14.832769056800041
   5.1500000e+00   15.91511570680004
   5.1600000e+00   17.047728256800042
   5.1700000e+00   18.287055756800044
   5.1800000e+00   19.641910156800044
   5.1900000e+00   21.052413206800043
   5.2000000e+00   22.431833256800044
   5.2100000e+00   23.738703306800044
   5.2200000e+00   25.001240556800045
   5.2300000e+00   26.273821106800046
   5.2400000e+00   27.578374556800046
   5.2500000e+00   28.880200056800046
   5.2600000e+00   30.101417006800045
   5.2700000e+00   31.156203936800043
   5.2800000e+00   31.993053351800043
   5.2900000e+00   32.61786612180004
   5.3000000e+00   33.072568271800044
   5.3100000e+00   33.385661161800044
   5.3200000e+00   33.54761501980004
   5.3300000e+00  33.53555529280004
   5.3400000e+00  33.34960495280004
   5.3500000e+00  33.012685562800044
   5.3600000e+00  32.539509817800045
   5.3700000e+00  31.922285202800044
   5.3800000e+00  31.155189497800045
   5.3900000e+00  30.265880857800045
   5.4000000e+00  29.313208457800044
   5.4100000e+00  28.353790357800044
   5.4200000e+00  27.415451727800043
   5.4300000e+00  26.502182417800043
   5.4400000e+00  25.621577027800043
   5.4500000e+00  24.812551627800044
   5.4600000e+00  24.154948087800044
   5.4700000e+00  23.747174017800045
   5.4800000e+00   23.654726175300045
   5.4900000e+00   23.863990587800046
   5.5000000e+00   24.283001922800047
   5.5100000e+00   24.789185202800045
   5.5200000e+00   25.277971047800044
   5.5300000e+00   25.674239772800043
   5.5400000e+00   25.917670847800043
   5.5500000e+00  25.957705146300043
   5.5600000e+00  25.76866749480004
   5.5700000e+00  25.36310470980004
   5.5800000e+00  24.785195314800042
   5.5900000e+00  24.09272469480004
   5.6000000e+00  23.34267766480004
   5.6100000e+00  22.57840192480004
   5.6200000e+00  21.81458627980004
   5.6300000e+00  21.03736309480004
   5.6400000e+00  20.23386582980004
   5.6500000e+00  19.425638749800036
   5.6600000e+00  18.666471694800038
   5.6700000e+00  18.01034223980004
   5.6800000e+00  17.49088867980004
   5.6900000e+00  17.12407357980004
   5.7000000e+00  16.90767454480004
   5.7100000e+00  16.810978400800042
   5.7200000e+00  16.780464853300042
   5.7300000e+00  16.76646128680004
   5.7400000e+00  16.74044311280004
   5.7500000e+00  16.68830716880004
   5.7600000e+00  16.60065322580004
   5.7700000e+00  16.474867900800042
   5.7800000e+00  16.316803165800042
   5.7900000e+00  16.133966365800042
   5.8000000e+00  15.930948540800042
   5.8100000e+00  15.710999350800043
   5.8200000e+00  15.473129605800043
   5.8300000e+00  15.204787975800043
   5.8400000e+00  14.884784385800042
   5.8500000e+00  14.499040705800041
   5.8600000e+00  14.053657400800041
   5.8700000e+00  13.574891600800042
   5.8800000e+00  13.099372255800041
   5.8900000e+00  12.659960875800042
   5.9000000e+00  12.275177160800043
   5.9100000e+00  11.957818195800042
   5.9200000e+00  11.745625970800042
   5.9300000e+00   11.722915394800042
   5.9400000e+00   11.996087438800043
   5.9500000e+00   12.632524228800042
   5.9600000e+00   13.617968713800042
   5.9700000e+00   14.869246513800043
   5.9800000e+00   16.276784013800043
   5.9900000e+00   17.72398031380004
   6.0000000e+00   19.07341861380004
   6.0100000e+00   20.16796576380004
   6.0200000e+00   20.88651179880004
   6.0300000e+00   21.21753912380004
   6.0400000e+00  21.26768549830004
   6.0500000e+00  21.18393973780004
   6.0600000e+00  21.067586942800038
   6.0700000e+00  20.95973529730004
   6.0800000e+00  20.88246562430004
   6.0900000e+00   20.86680559030004
   6.1000000e+00   20.94810306380004
   6.1100000e+00   21.15733739380004
   6.1200000e+00   21.51233287880004
   6.1300000e+00   21.99361049380004
   6.1400000e+00   22.53181927880004
   6.1500000e+00   23.04934648880004
   6.1600000e+00   23.52805941880004
   6.1700000e+00   24.02343398380004
   6.1800000e+00   24.60624831380004
   6.1900000e+00   25.29898851380004
   6.2000000e+00   26.06500300380004
   6.2100000e+00   26.84062974880004
   6.2200000e+00   27.57434346880004
   6.2300000e+00   28.25253220880004
   6.2400000e+00   28.89925230880004
   6.2500000e+00   29.54681432380004
   6.2600000e+00   30.202395508800038
   6.2700000e+00   30.842192958800037
   6.2800000e+00   31.429045218800038
   6.2900000e+00   31.926973748800037
   6.3000000e+00   32.30794950380004
   6.3100000e+00   32.561735618800036
   6.3200000e+00   32.69861153530004
   6.3300000e+00  32.727985449300036
   6.3400000e+00  32.63296825180004
   6.3500000e+00  32.38117509180004
   6.3600000e+00  31.96577864180004
   6.3700000e+00  31.41806885180004
   6.3800000e+00  30.76200644680004
   6.3900000e+00  29.96624014680004
   6.4000000e+00  28.96822914180004
   6.4100000e+00  27.75553319180004
   6.4200000e+00  26.406610541800042
   6.4300000e+00  25.03835884180004
   6.4400000e+00  23.72414264180004
   6.4500000e+00  22.472844391800038
   6.4600000e+00  21.26793854180004
   6.4700000e+00  20.098040741800038
   6.4800000e+00  18.952911441800037
   6.4900000e+00  17.819263991800035
   6.5000000e+00  16.692992841800034
   6.5100000e+00  15.582747141800034
   6.5200000e+00  14.495620291800034
   6.5300000e+00  13.429635791800033
   6.5400000e+00  12.381058791800033
   6.5500000e+00  11.342676191800033
   6.5600000e+00  10.285704741800032
   6.5700000e+00  9.152783191800031
   6.5800000e+00  7.879850241800032
   6.5900000e+00  6.4282426918000315
   6.6000000e+00  4.801465341800032
   6.6100000e+00  3.043071841800032
   6.6200000e+00  1.2262226918000323
   6.6300000e+00  -0.5562761081999679
   6.6400000e+00  -2.200384058199968
   6.6500000e+00  -3.607210258199968
   6.6600000e+00  -4.716027068199968
   6.6700000e+00  -5.537040373199968
   6.6800000e+00  -6.147971903199968
   6.6900000e+00  -6.647363298199968
   6.7000000e+00  -7.105961923199968
   6.7100000e+00  -7.5562087681999675
   6.7200000e+00  -8.010243383199967
   6.7300000e+00  -8.472919243199968
   6.7400000e+00  -8.943875273199968
   6.7500000e+00  -9.423759593199968
   6.7600000e+00  -9.920884613199968
   6.7700000e+00  -10.442512458199968
   6.7800000e+00  -10.981397703199967
   6.7900000e+00  -11.524841423199966
   6.8000000e+00  -12.081463468199965
   6.8100000e+00  -12.689660283199965
   6.8200000e+00  -13.395099648199965
   6.8300000e+00  -14.224258443199965
   6.8400000e+00  -15.176548308199964
   6.8500000e+00  -16.231035308199964
   6.8600000e+00  -17.363194708199963
   6.8700000e+00  -18.571122908199964
   6.8800000e+00  -19.888519758199966
   6.8900000e+00  -21.356663008199966
   6.9000000e+00  -22.973128008199968
   6.9100000e+00  -24.66895895819997
   6.9200000e+00  -26.33303215819997
   6.9300000e+00  -27.85570265819997
   6.9400000e+00  -29.165497108199972
   6.9500000e+00  -30.25025045819997
   6.9600000e+00  -31.14962129819997
   6.9700000e+00  -31.91557317319997
   6.9800000e+00  -32.57524161319997
   6.9900000e+00  -33.133551798199974
   7.0000000e+00  -33.60212692819997
   7.0100000e+00  -34.01291017319997
   7.0200000e+00  -34.40721299819997
   7.0300000e+00  -34.822104643199964
   7.0400000e+00  -35.284150618199966
   7.0500000e+00  -35.803517943199964
   7.0600000e+00  -36.36987978819997
   7.0700000e+00  -36.96122444319997
   7.0800000e+00  -37.566246853199964
   7.0900000e+00  -38.203467053199965
   7.1000000e+00  -38.915844013199965
   7.1100000e+00  -39.73779917319997
   7.1200000e+00  -40.660064248199966
   7.1300000e+00  -41.62141605819996
   7.1400000e+00  -42.52627795819996
   7.1500000e+00  -43.26948233319996
   7.1600000e+00  -43.76759397319996
   7.1700000e+00  -44.00007339819996
   7.1800000e+00   -44.02963874919996
   7.1900000e+00   -43.96673759519996
   7.2000000e+00   -43.90146560569996
   7.2100000e+00   -43.86396458619996
   7.2200000e+00   -43.83220572669996
   7.2300000e+00   -43.756229062199964
   7.2400000e+00   -43.57908051719996
   7.2500000e+00   -43.25871835219996
   7.2600000e+00   -42.782439092199965
   7.2700000e+00   -42.15904556719997
   7.2800000e+00   -41.401878997199965
   7.2900000e+00   -40.52431599719996
   7.3000000e+00   -39.539477152199964
   7.3100000e+00   -38.44954415219996
   7.3200000e+00   -37.24166055219996
   7.3300000e+00   -35.90868370219996
   7.3400000e+00   -34.47151375219996
   7.3500000e+00   -32.97137350219996
   7.3600000e+00   -31.44519955219996
   7.3700000e+00   -29.91876780219996
   7.3800000e+00   -28.41855135219996
   7.3900000e+00   -26.978796352199957
   7.4000000e+00   -25.639763002199956
   7.4100000e+00   -24.448019502199955
   7.4200000e+00   -23.454002587199955
   7.4300000e+00   -22.697325112199955
   7.4400000e+00   -22.191908732199956
   7.4500000e+00   -21.926741117199956
   7.4600000e+00  -21.872294460699955
   7.4700000e+00  -21.976824919199956
   7.4800000e+00  -22.165141689199956
   7.4900000e+00  -22.359728774199954
   7.5000000e+00  -22.507475599199953
   7.5100000e+00  -22.576644241699952
   7.5200000e+00   -22.529696589199954
   7.5300000e+00   -22.317252779199954
   7.5400000e+00   -21.908932564199954
   7.5500000e+00   -21.319790359199953
   7.5600000e+00   -20.593221854199953
   7.5700000e+00   -19.757695349199953
   7.5800000e+00   -18.803893954199953
   7.5900000e+00   -17.699451404199955
   7.6000000e+00   -16.419926004199954
   7.6100000e+00   -14.969536404199955
   7.6200000e+00   -13.381370854199956
   7.6300000e+00   -11.700882154199956
   7.6400000e+00   -9.965710954199956
   7.6500000e+00   -8.197032504199957
   7.6600000e+00   -6.405644454199956
   7.6700000e+00   -4.600584754199956
   7.6800000e+00   -2.790513454199956
   7.6900000e+00   -0.9858523041999561
   7.7000000e+00   0.7855446458000441
   7.7100000e+00   2.458657995800044
   7.7200000e+00   3.9382692458000434
   7.7300000e+00   5.144662995800044
   7.7400000e+00   6.063191940800044
   7.7500000e+00   6.749514515800044
   7.7600000e+00   7.287367160800044
   7.7700000e+00   7.742529835800044
   7.7800000e+00   8.149772690800043
   7.7900000e+00   8.531818320800044
   7.8000000e+00   8.927834240800044
   7.8100000e+00   9.405484570800043
   7.8200000e+00   10.037248070800043
   7.8300000e+00   10.852781250800042
   7.8400000e+00   11.814729375800042
   7.8500000e+00   12.848156775800042
   7.8600000e+00   13.891675325800042
   7.8700000e+00   14.917076575800042
   7.8800000e+00   15.911748590800043
   7.8900000e+00   16.85966400580004
   7.9000000e+00   17.74199087580004
   7.9100000e+00   18.54694021080004
   7.9200000e+00   19.27235381080004
   7.9300000e+00   19.91621668080004
   7.9400000e+00   20.46584990580004
   7.9500000e+00   20.90491206580004
   7.9600000e+00   21.23720420080004
   7.9700000e+00   21.49469916080004
   7.9800000e+00   21.711727200800038
   7.9900000e+00   21.898867540800037
   8.0000000e+00   22.053434140800036
   8.0100000e+00   22.187596885800037
   8.0200000e+00   22.332965665800035
   8.0300000e+00   22.521019750800036
   8.0400000e+00   22.763935110800038
   8.0500000e+00   23.042006175800037
   8.0600000e+00   23.299418560800035
   8.0700000e+00   23.463076044800037
   8.0800000e+00  23.476308621300035
   8.0900000e+00  23.308424938800034
   8.1000000e+00  22.933692198800035
   8.1100000e+00  22.325320053800034
   8.1200000e+00  21.484043033800035
   8.1300000e+00  20.457117778800033
   8.1400000e+00  19.316442078800033
   8.1500000e+00  18.129137628800034
   8.1600000e+00  16.953229378800035
   8.1700000e+00  15.835299528800036
   8.1800000e+00  14.787544328800035
   8.1900000e+00  13.777157228800034
   8.2000000e+00  12.761634828800034
   8.2100000e+00  11.736240628800033
   8.2200000e+00  10.735131943800033
   8.2300000e+00  9.790915303800032
   8.2400000e+00  8.914058798800031
   8.2500000e+00  8.11923644380003
   8.2600000e+00  7.45153582880003
   8.2700000e+00  6.9601505338000305
   8.2800000e+00  6.64161729880003
   8.2900000e+00  6.4253852038000305
   8.3000000e+00  6.226184103800031
   8.3100000e+00  6.00223008880003
   8.3200000e+00  5.75319817880003
   8.3300000e+00  5.47333293880003
   8.3400000e+00  5.12878305880003
   8.3500000e+00  4.68522633380003
   8.3600000e+00  4.14116811380003
   8.3700000e+00  3.52067362880003
   8.3800000e+00  2.83769677880003
   8.3900000e+00  2.07878000380003
   8.4000000e+00  1.2230987988000304
   8.4100000e+00  0.27230702380003036
   8.4200000e+00  -0.7441769711999698
   8.4300000e+00  -1.78842777119997
   8.4400000e+00  -2.83221777119997
   8.4500000e+00  -3.86139007119997
   8.4600000e+00  -4.87390627119997
   8.4700000e+00  -5.87211324119997
   8.4800000e+00  -6.83958634119997
   8.4900000e+00  -7.71445134119997
   8.5000000e+00  -8.39349767119997
   8.5100000e+00  -8.77526998619997
   8.5200000e+00   -8.80475145119997
   8.5300000e+00   -8.485096196199969
   8.5400000e+00   -7.864434956199968
   8.5500000e+00   -7.021661386199968
   8.5600000e+00   -6.054096741199968
   8.5700000e+00   -5.059621421199968
   8.5800000e+00   -4.119055126199968
   8.5900000e+00   -3.289782931199968
   8.6000000e+00   -2.609401631199968
   8.6100000e+00   -2.099411696199968
   8.6200000e+00   -1.7625312761999679
   8.6300000e+00   -1.5754451961999678
   8.6400000e+00   -1.4868593121999678
   8.6500000e+00   -1.4316781631999678
   8.6600000e+00   -1.3579880856999678
   8.6700000e+00   -1.2465785681999677
   8.6800000e+00   -1.1063606331999676
   8.6900000e+00   -0.9518287631999676
   8.7000000e+00   -0.7855870781999675
   8.7100000e+00   -0.6035197281999676
   8.7200000e+00   -0.4163374031999676
   8.7300000e+00   -0.25971225819996757
   8.7400000e+00   -0.17398830869996756
   8.7500000e+00  -0.17170236969996758
   8.7600000e+00  -0.22934803619996758
   8.7700000e+00  -0.3099040091999676
   8.7800000e+00  -0.3865834161999676
   8.7900000e+00  -0.4456205691999676
   8.8000000e+00  -0.47711029419996764
   8.8100000e+00   -0.4712153876999676
   8.8200000e+00   -0.42275249819996763
   8.8300000e+00   -0.33754525719996764
   8.8400000e+00   -0.23430559719996766
   8.8500000e+00   -0.14069742069996766
   8.8600000e+00   -0.08983104269996765
   8.8700000e+00  -0.12087716819996765
   8.8800000e+00  -0.27243525519996764
   8.8900000e+00  -0.5614839451999676
   8.9000000e+00  -0.9706701501999676
   8.9100000e+00  -1.4675605151999676
   8.9200000e+00  -2.0339280601999676
   8.9300000e+00  -2.6660675901999675
   8.9400000e+00  -3.352921725199968
   8.9500000e+00  -4.064709400199968
   8.9600000e+00  -4.747742100199968
   8.9700000e+00  -5.309256190199968
   8.9800000e+00  -5.626707980199968
   8.9900000e+00   -5.615778045199968
   9.0000000e+00   -5.298627975199968
   9.0100000e+00   -4.782430290199968
   9.0200000e+00   -4.170452590199968
   9.0300000e+00   -3.516399060199968
   9.0400000e+00   -2.856423010199968
   9.0500000e+00   -2.242584350199968
   9.0600000e+00   -1.725115035199968
   9.0700000e+00   -1.319569105199968
   9.0800000e+00   -1.000932100199968
   9.0900000e+00   -0.716423535199968
   9.1000000e+00   -0.402640560199968
   9.1100000e+00   -0.010596250199968016
   9.1200000e+00   0.47519255980003194
   9.1300000e+00   1.049389229800032
   9.1400000e+00   1.7176865348000323
   9.1500000e+00   2.5060640448000324
   9.1600000e+00   3.4384490448000324
   9.1700000e+00   4.513373644800033
   9.1800000e+00   5.699971344800033
   9.1900000e+00   6.946321244800033
   9.2000000e+00   8.189396894800034
   9.2100000e+00   9.360896444800034
   9.2200000e+00   10.386121294800034
   9.2300000e+00   11.187692869800035
   9.2400000e+00   11.713088699800036
   9.2500000e+00   11.973102759800035
   9.2600000e+00   12.045041510750035
   9.2700000e+00  12.024499604200036
   9.2800000e+00  11.973208549700036
   9.2900000e+00  11.913341699700036
   9.3000000e+00  11.854767361700036
   9.3100000e+00  11.806401839200037
   9.3200000e+00  11.760278143700036
   9.3300000e+00  11.680164150700037
   9.3400000e+00  11.515232000700037
   9.3500000e+00  11.224578510700036
   9.3600000e+00  10.792622315700036
   9.3700000e+00  10.232144035700037
   9.3800000e+00  9.578643250700036
   9.3900000e+00  8.876871605700035
   9.4000000e+00  8.164320725700035
   9.4100000e+00  7.461165390700035
   9.4200000e+00  6.769374515700035
   9.4300000e+00  6.076427550700035
   9.4400000e+00  5.363534850700034
   9.4500000e+00  4.620232265700034
   9.4600000e+00  3.8557703007000343
   9.4700000e+00  3.0939469107000344
   9.4800000e+00  2.3569953257000344
   9.4900000e+00  1.6591441357000343
   9.5000000e+00  1.0151490657000344
   9.5100000e+00  0.44586956570003444
   9.5200000e+00  -0.032141784299965614
   9.5300000e+00  -0.42224066429996565
   9.5400000e+00  -0.7510551592999657
   9.5500000e+00  -1.0582353192999656
   9.5600000e+00  -1.3844526692999657
   9.5700000e+00  -1.7657223392999657
   9.5800000e+00  -2.230566864299966
   9.5900000e+00  -2.7922739092999658
   9.6000000e+00  -3.438265369299966
   9.6100000e+00  -4.131302324299966
   9.6200000e+00  -4.830087814299967
   9.6300000e+00  -5.510668364299967
   9.6400000e+00  -6.161801509299967
   9.6500000e+00  -6.756846529299967
   9.6600000e+00  -7.234986084299967
   9.6700000e+00  -7.515118214299967
   9.6800000e+00   -7.532371769299967
   9.6900000e+00   -7.269511034299967
   9.7000000e+00   -6.761686229299967
   9.7100000e+00   -6.072131764299967
   9.7200000e+00   -5.260000614299967
   9.7300000e+00   -4.367491719299967
   9.7400000e+00   -3.425608634299967
   9.7500000e+00   -2.452435499299967
   9.7600000e+00   -1.4393987492999671
   9.7700000e+00   -0.3561131992999671
   9.7800000e+00   0.813697000700033
   9.7900000e+00   2.0431747507000333
   9.8000000e+00   3.2778664507000332
   9.8100000e+00   4.476765700700033
   9.8200000e+00   5.629208700700033
   9.8300000e+00   6.733522500700033
   9.8400000e+00   7.7722749157000335
   9.8500000e+00   8.720895490700034
   9.8600000e+00   9.582911865700034
   9.8700000e+00   10.406549835700034
   9.8800000e+00   11.253260805700034
   9.8900000e+00   12.147943860700034
   9.9000000e+00   13.065326120700034
   9.9100000e+00   13.956265165700033
   9.9200000e+00   14.766517390700033
   9.9300000e+00   15.428293525700033
   9.9400000e+00   15.858736000700032
   9.9500000e+00  15.985834048700033
   9.9600000e+00  15.772965811700033
   9.9700000e+00  15.217725066700032
   9.9800000e+00  14.340610616700031
   9.9900000e+00  13.179755316700032
   1.0000000e+01  11.783769966700032
   1.0010000e+01  10.200935366700032
   1.0020000e+01  8.477697916700032
   1.0030000e+01  6.664887216700032
   1.0040000e+01  4.821407466700032
   1.0050000e+01  3.026788666700032
   1.0060000e+01  1.410060416700032
   1.0070000e+01  0.15420176670003194
   1.0080000e+01  -0.569081863299968
   1.0090000e+01   -0.698712813299968
   1.0100000e+01   -0.32273700829996804
   1.0110000e+01   0.3823619517000319
   1.0120000e+01   1.248252381700032
   1.0130000e+01   2.165691806700032
   1.0140000e+01   3.077928251700032
   1.0150000e+01   3.960514351700032
   1.0160000e+01   4.8155041917000325
   1.0170000e+01   5.666454856700033
   1.0180000e+01   6.539711431700033
   1.0190000e+01   7.447809816700032
   1.0200000e+01   8.392683051700033
   1.0210000e+01   9.373906316700033
   1.0220000e+01   10.380899566700034
   1.0230000e+01   11.383355381700033
   1.0240000e+01   12.345429071700034
   1.0250000e+01   13.249864736700033
   1.0260000e+01   14.097927616700034
   1.0270000e+01   14.889659301700034
   1.0280000e+01   15.619672531700033
   1.0290000e+01   16.293215921700032
   1.0300000e+01   16.92995209670003
   1.0310000e+01   17.54055670170003
   1.0320000e+01   18.10114858170003
   1.0330000e+01   18.553672726700032
   1.0340000e+01   18.833159226700033
   1.0350000e+01  18.903183738200035
   1.0360000e+01  18.777920679700035
   1.0370000e+01  18.517061329700034
   1.0380000e+01  18.197498689700033
   1.0390000e+01  17.881585094700032
   1.0400000e+01  17.600644289700032
   1.0410000e+01  17.35848476970003
   1.0420000e+01  17.14667917470003
   1.0430000e+01  16.95741546970003
   1.0440000e+01  16.78500497970003
   1.0450000e+01  16.62173866970003
   1.0460000e+01  16.459622319700028
   1.0470000e+01  16.297419919700026
   1.0480000e+01  16.142931354700025
   1.0490000e+01  16.008980999700025
   1.0500000e+01  15.910368838200025
   1.0510000e+01  15.862619488700025
   1.0520000e+01   15.877265698200025
   1.0530000e+01   15.955206685700025
   1.0540000e+01   16.084916590700026
   1.0550000e+01   16.246289500700026
   1.0560000e+01   16.415932360700026
   1.0570000e+01   16.570601950700027
   1.0580000e+01   16.684082916200026
   1.0590000e+01  16.715459158200026
   1.0600000e+01  16.602222209700027
   1.0610000e+01  16.27818153470003
   1.0620000e+01  15.710915709700028
   1.0630000e+01  14.923707209700028
   1.0640000e+01  13.97765418970003
   1.0650000e+01  12.931744539700029
   1.0660000e+01  11.818855289700029
   1.0670000e+01  10.652699489700028
   1.0680000e+01  9.447783189700028
   1.0690000e+01  8.227317639700027
   1.0700000e+01  7.012387989700027
   1.0710000e+01  5.806153389700027
   1.0720000e+01  4.590489889700027
   1.0730000e+01  3.3375551897000273
   1.0740000e+01  2.0216494897000272
   1.0750000e+01  0.6183311897000272
   1.0760000e+01  -0.9026315602999728
   1.0770000e+01  -2.5731406602999725
   1.0780000e+01  -4.408909410299972
   1.0790000e+01  -6.3944038102999725
   1.0800000e+01  -8.484114110299972
   1.0810000e+01  -10.617459210299971
   1.0820000e+01  -12.73747701029997
   1.0830000e+01  -14.804328210299971
   1.0840000e+01  -16.79613446029997
   1.0850000e+01  -18.698870810299972
   1.0860000e+01  -20.499845810299973
   1.0870000e+01  -22.193766360299975
   1.0880000e+01  -23.790436060299974
   1.0890000e+01  -25.310865760299976
   1.0900000e+01  -26.774286310299974
   1.0910000e+01  -28.179825560299975
   1.0920000e+01  -29.479255960299973
   1.0930000e+01  -30.556928155299975
   1.0940000e+01  -31.256375795299974
   1.0950000e+01   -31.458002542299973
   1.0960000e+01   -31.143623964299973
   1.0970000e+01   -30.384955084299975
   1.0980000e+01   -29.280930484299976
   1.0990000e+01   -27.925991684299976
   1.1000000e+01   -26.435986884299975
   1.1010000e+01   -24.966797284299975
   1.1020000e+01   -23.662893234299975
   1.1030000e+01   -22.573431454299975
   1.1040000e+01   -21.639492554299974
   1.1050000e+01   -20.785685559299974
   1.1060000e+01   -20.018848209299975
   1.1070000e+01   -19.421694604299976
   1.1080000e+01   -19.062385664299978
   1.1090000e+01   -18.942120888149976
   1.1100000e+01  -19.031690146999974
   1.1110000e+01  -19.318220386999975
   1.1120000e+01  -19.787446966999976
   1.1130000e+01  -20.377824271999977
   1.1140000e+01  -20.976882171999975
   1.1150000e+01  -21.452740426999974
   1.1160000e+01  -21.672141865999972
   1.1170000e+01   -21.511274054999973
   1.1180000e+01   -20.898289124999973
   1.1190000e+01   -19.86466144999997
   1.1200000e+01   -18.53331324999997
   1.1210000e+01   -17.03488004999997
   1.1220000e+01   -15.436190699999969
   1.1230000e+01   -13.749061399999968
   1.1240000e+01   -11.98618184999997
   1.1250000e+01   -10.18734854999997
   1.1260000e+01   -8.399235449999969
   1.1270000e+01   -6.652816749999969
   1.1280000e+01   -4.964921499999969
   1.1290000e+01   -3.345275999999969
   1.1300000e+01   -1.792987549999969
   1.1310000e+01   -0.29614694999996916
   1.1320000e+01   1.154532050000031
   1.1330000e+01   2.5530423500000308
   1.1340000e+01   3.8817245500000306
   1.1350000e+01   5.12432700000003
   1.1360000e+01   6.275345750000031
   1.1370000e+01   7.34276105000003
   1.1380000e+01   8.34350937500003
   1.1390000e+01   9.29085533500003
   1.1400000e+01   10.18424259000003
   1.1410000e+01   11.01435971500003
   1.1420000e+01   11.77426692500003
   1.1430000e+01   12.45750334500003
   1.1440000e+01   13.050761120000029
   1.1450000e+01   13.54599881500003
   1.1460000e+01   13.965936525000028
   1.1470000e+01   14.367047070000028
   1.1480000e+01   14.810583915000029
   1.1490000e+01   15.333507975000028
   1.1500000e+01   15.942686405000028
   1.1510000e+01   16.621886715000027
   1.1520000e+01   17.339432265000028
   1.1530000e+01   18.06048509000003
   1.1540000e+01   18.76076291500003
   1.1550000e+01   19.427813850000028
   1.1560000e+01   20.05300553500003
   1.1570000e+01   20.63176890000003
   1.1580000e+01   21.17021881500003
   1.1590000e+01   21.679090445000032
   1.1600000e+01   22.155623675000033
   1.1610000e+01   22.575953495000032
   1.1620000e+01   22.90702829000003
   1.1630000e+01   23.12318070500003
   1.1640000e+01   23.21249765050003
   1.1650000e+01  23.17168197600003
   1.1660000e+01  22.99644492600003
   1.1670000e+01  22.678011761000032
   1.1680000e+01  22.210518706000034
   1.1690000e+01  21.597894426000035
   1.1700000e+01  20.847574296000037
   1.1710000e+01  19.961072426000037
   1.1720000e+01  18.939742931000037
   1.1730000e+01  17.79907248100004
   1.1740000e+01  16.56916313100004
   1.1750000e+01  15.279784281000039
   1.1760000e+01  13.947998031000038
   1.1770000e+01  12.577445581000038
   1.1780000e+01  11.166589481000038
   1.1790000e+01  9.721680831000038
   1.1800000e+01  8.262068081000038
   1.1810000e+01  6.805297281000038
   1.1820000e+01  5.348218181000037
   1.1830000e+01  3.873205631000037
   1.1840000e+01  2.3685566810000367
   1.1850000e+01  0.8261929810000364
   1.1860000e+01  -0.7773697189999635
   1.1870000e+01  -2.4801158189999635
   1.1880000e+01  -4.320599568999963
   1.1890000e+01  -6.337733968999963
   1.1900000e+01  -8.548499918999962
   1.1910000e+01  -10.862456218999963
   1.1920000e+01  -13.016470718999964
   1.1930000e+01  -14.664688218999963
   1.1940000e+01  -15.588238533999963
   1.1950000e+01   -15.817479744999963
   1.1960000e+01   -15.552374295999963
   1.1970000e+01   -14.995502620999963
   1.1980000e+01   -14.266818245999962
   1.1990000e+01   -13.429499280999963
   1.2000000e+01   -12.544088940999963
   1.2010000e+01   -11.682512455999962
   1.2020000e+01   -10.899740715999963
   1.2030000e+01   -10.209414115999962
   1.2040000e+01   -9.607625515999962
   1.2050000e+01   -9.123106615999962
   1.2060000e+01   -8.820417590999963
   1.2070000e+01  -8.743359015499962
   1.2080000e+01  -8.881740524999962
   1.2090000e+01  -9.211762154999962
   1.2100000e+01  -9.742895274999961
   1.2110000e+01  -10.500147944999961
   1.2120000e+01  -11.48056713999996
   1.2130000e+01  -12.65200583999996
   1.2140000e+01  -13.97689703999996
   1.2150000e+01  -15.41252628999996
   1.2160000e+01  -16.90381678999996
   1.2170000e+01  -18.40301113999996
   1.2180000e+01  -19.890511439999962
   1.2190000e+01  -21.360032439999962
   1.2200000e+01  -22.79291223999996
   1.2210000e+01  -24.16279153999996
   1.2220000e+01  -25.45908098999996
   1.2230000e+01  -26.695764489999963
   1.2240000e+01  -27.90389093999996
   1.2250000e+01  -29.11914318999996
   1.2260000e+01  -30.36159228999996
   1.2270000e+01  -31.61234038999996
   1.2280000e+01  -32.80718833999996
   1.2290000e+01  -33.85203586499996
   1.2300000e+01  -34.647319774999964
   1.2310000e+01  -35.11774088499996
   1.2320000e+01   -35.24134146899996
   1.2330000e+01   -35.05038219299996
   1.2340000e+01   -34.59303264299996
   1.2350000e+01   -33.896208442999956
   1.2360000e+01   -32.97130525799996
   1.2370000e+01   -31.845758307999958
   1.2380000e+01   -30.57394435799996
   1.2390000e+01   -29.21421495799996
   1.2400000e+01   -27.79583435799996
   1.2410000e+01   -26.30701035799996
   1.2420000e+01   -24.72323740799996
   1.2430000e+01   -23.05763785799996
   1.2440000e+01   -21.37531730799996
   1.2450000e+01   -19.74540270799996
   1.2460000e+01   -18.19135975799996
   1.2470000e+01   -16.70841505799996
   1.2480000e+01   -15.317203807999961
   1.2490000e+01   -14.071128657999962
   1.2500000e+01   -13.013520567999961
   1.2510000e+01   -12.153505937999961
   1.2520000e+01   -11.484133787999962
   1.2530000e+01   -10.998785352999962
   1.2540000e+01   -10.683048717999961
   1.2550000e+01   -10.50801342799996
   1.2560000e+01   -10.43839124399996
   1.2570000e+01  -10.43788455299996
   1.2580000e+01  -10.467690480999961
   1.2590000e+01  -10.49276943149996
   1.2600000e+01   -10.49147351399996
   1.2610000e+01   -10.45026089099996
   1.2620000e+01   -10.35004837099996
   1.2630000e+01   -10.167576430999961
   1.2640000e+01   -9.890596255999961
   1.2650000e+01   -9.524187570999961
   1.2660000e+01   -9.083236405999962
   1.2670000e+01   -8.586888970999961
   1.2680000e+01   -8.059550155999961
   1.2690000e+01   -7.527534055999961
   1.2700000e+01   -7.011110600999961
   1.2710000e+01   -6.5245224559999615
   1.2720000e+01   -6.084120725999962
   1.2730000e+01   -5.708812610999962
   1.2740000e+01   -5.406883060999962
   1.2750000e+01   -5.163675655999962
   1.2760000e+01   -4.944328945999962
   1.2770000e+01   -4.708608335999962
   1.2780000e+01   -4.426642890999962
   1.2790000e+01   -4.089050145999962
   1.2800000e+01   -3.7079485759999615
   1.2810000e+01   -3.3065693259999613
   1.2820000e+01   -2.9046458659999614
   1.2830000e+01   -2.5154996809999615
   1.2840000e+01   -2.1592802559999615
   1.2850000e+01   -1.8732158209999614
   1.2860000e+01   -1.6979715609999615
   1.2870000e+01  -1.6490142719999614
   1.2880000e+01  -1.7055500514999615
   1.2890000e+01  -1.8310818699999616
   1.2900000e+01  -2.0005851949999616
   1.2910000e+01  -2.2035507299999617
   1.2920000e+01  -2.4275586149999615
   1.2930000e+01  -2.6521677799999614
   1.2940000e+01  -2.8630982849999613
   1.2950000e+01  -3.0644035049999614
   1.2960000e+01  -3.2693497949999615
   1.2970000e+01  -3.4813118049999616
   1.2980000e+01  -3.6876790549999616
   1.2990000e+01  -3.8687341349999618
   1.3000000e+01  -4.004448814999962
   1.3010000e+01  -4.071724426999962
   1.3020000e+01   -4.0435095744999625
   1.3030000e+01   -3.8994975699999626
   1.3040000e+01   -3.6407405449999626
   1.3050000e+01   -3.2936833299999626
   1.3060000e+01   -2.8993532299999627
   1.3070000e+01   -2.495668739999963
   1.3080000e+01   -2.104363624999963
   1.3090000e+01   -1.7293904949999632
   1.3100000e+01   -1.3641687249999632
   1.3110000e+01   -0.9980966849999633
   1.3120000e+01   -0.6175872649999633
   1.3130000e+01   -0.2078499149999633
   1.3140000e+01   0.2390421850000367
   1.3150000e+01   0.7165958100000367
   1.3160000e+01   1.2068980350000367
   1.3170000e+01   1.6925185450000366
   1.3180000e+01   2.1672419300000367
   1.3190000e+01   2.6398063300000367
   1.3200000e+01   3.130817440000037
   1.3210000e+01   3.6643152750000367
   1.3220000e+01   4.257349545000037
   1.3230000e+01   4.912933800000037
   1.3240000e+01   5.618670720000036
   1.3250000e+01   6.349203640000036
   1.3260000e+01   7.071324945000036
   1.3270000e+01   7.751852475000036
   1.3280000e+01   8.366379060000035
   1.3290000e+01   8.905460955000036
   1.3300000e+01   9.374861410000037
   1.3310000e+01   9.787552300000037
   1.3320000e+01   10.151850220000037
   1.3330000e+01   10.467439920000038
   1.3340000e+01   10.732611620000037
   1.3350000e+01   10.948152040000037
   1.3360000e+01   11.107720620000038
   1.3370000e+01   11.190767152500037
   1.3380000e+01  11.177023307000036
   1.3390000e+01  11.069146984000037
   1.3400000e+01  10.894485794000037
   1.3410000e+01  10.686820504000037
   1.3420000e+01  10.475174784000037
   1.3430000e+01  10.287849119000038
   1.3440000e+01  10.153313159000039
   1.3450000e+01  10.089911221000039
   1.3460000e+01   10.098540329000038
   1.3470000e+01   10.167186789000038
   1.3480000e+01   10.279028613000039
   1.3490000e+01   10.416642963000038
   1.3500000e+01   10.563040598000038
   1.3510000e+01   10.697907333000037
   1.3520000e+01   10.788280920500037
   1.3530000e+01  10.785847263000038
   1.3540000e+01  10.643171533000038
   1.3550000e+01  10.337128628000038
   1.3560000e+01  9.874331353000038
   1.3570000e+01  9.275281113000037
   1.3580000e+01  8.559163843000038
   1.3590000e+01  7.7430623230000375
   1.3600000e+01  6.847046648000037
   1.3610000e+01  5.896975048000037
   1.3620000e+01  4.9303342680000375
   1.3630000e+01  4.004918973000038
   1.3640000e+01  3.194002348000038
   1.3650000e+01  2.560340108000038
   1.3660000e+01  2.130212623000038
   1.3670000e+01  1.893262998000038
   1.3680000e+01   1.823961458850038
   1.3690000e+01   1.900215389700038
   1.3700000e+01   2.1089592097000383
   1.3710000e+01   2.4457166247000384
   1.3720000e+01   2.9097521547000382
   1.3730000e+01   3.4917944947000383
   1.3740000e+01   4.1644095397000385
   1.3750000e+01   4.888704574700038
   1.3760000e+01   5.630019024700038
   1.3770000e+01   6.363836409700038
   1.3780000e+01   7.072519519700038
   1.3790000e+01   7.747733444700039
   1.3800000e+01   8.39629729470004
   1.3810000e+01   9.034183784700039
   1.3820000e+01   9.67264258470004
   1.3830000e+01   10.31518138970004
   1.3840000e+01   10.96423115970004
   1.3850000e+01   11.619845474700039
   1.3860000e+01   12.272415284700038
   1.3870000e+01   12.908096459700038
   1.3880000e+01   13.523463849700038
   1.3890000e+01   14.125077159700037
   1.3900000e+01   14.712533994700037
   1.3910000e+01   15.271759909700037
   1.3920000e+01   15.788470234700037
   1.3930000e+01   16.259899929700037
   1.3940000e+01   16.689869289700038
   1.3950000e+01   17.08085009470004
   1.3960000e+01   17.43694255970004
   1.3970000e+01   17.769103419700038
   1.3980000e+01   18.09018937470004
   1.3990000e+01   18.40549872470004
   1.4000000e+01   18.71198563470004
   1.4010000e+01   19.00563147470004
   1.4020000e+01   19.28447308470004
   1.4030000e+01   19.54206092970004
   1.4040000e+01   19.760975064700038
   1.4050000e+01   19.915883964700036
   1.4060000e+01   19.980576847200037
   1.4070000e+01  19.928490124700037
   1.4080000e+01  19.731116459700036
   1.4090000e+01  19.366235264700038
   1.4100000e+01  18.830405914700037
   1.4110000e+01  18.137985519700038
   1.4120000e+01  17.30854593970004
   1.4130000e+01  16.36300481470004
   1.4140000e+01  15.330684999700042
   1.4150000e+01  14.248005749700042
   1.4160000e+01  13.146306699700041
   1.4170000e+01  12.049016799700041
   1.4180000e+01  10.981298949700042
   1.4190000e+01  9.970162189700043
   1.4200000e+01  9.029659404700043
   1.4210000e+01  8.155318469700044
   1.4220000e+01  7.339787154700043
   1.4230000e+01  6.588295014700043
   1.4240000e+01  5.9145673547000435
   1.4250000e+01  5.328488709700044
   1.4260000e+01  4.834526824700044
   1.4270000e+01  4.437613364700043
   1.4280000e+01  4.141117569700043
   1.4290000e+01  3.936766429700043
   1.4300000e+01  3.8018951097000433
   1.4310000e+01  3.7110676922000434
   1.4320000e+01  3.649202298700043
   1.4330000e+01  3.610682791200043
   1.4340000e+01  3.587969923700043
   1.4350000e+01  3.566550913700043
   1.4360000e+01  3.531649512200043
   1.4370000e+01  3.475323741700043
   1.4380000e+01  3.395794906200043
   1.4390000e+01  3.293963093700043
   1.4400000e+01  3.172497493700043
   1.4410000e+01  3.036010503700043
   1.4420000e+01  2.891532768700043
   1.4430000e+01  2.750226148700043
   1.4440000e+01  2.627083823700043
   1.4450000e+01  2.537172864700043
   1.4460000e+01  2.495206850700043
   1.4470000e+01   2.520060748700043
   1.4480000e+01   2.6315588317000427
   1.4490000e+01   2.8345698567000426
   1.4500000e+01   3.1105164767000426
   1.4510000e+01   3.4337037617000425
   1.4520000e+01   3.7945481717000424
   1.4530000e+01   4.198716441700043
   1.4540000e+01   4.644736006700043
   1.4550000e+01   5.112583651700043
   1.4560000e+01   5.578083161700043
   1.4570000e+01   6.032049711700043
   1.4580000e+01   6.480282126700042
   1.4590000e+01   6.928756831700042
   1.4600000e+01   7.375490121700042
   1.4610000e+01   7.816993801700042
   1.4620000e+01   8.256486456700042
   1.4630000e+01   8.701773931700043
   1.4640000e+01   9.157808126700044
   1.4650000e+01   9.624554071700043
   1.4660000e+01   10.098983641700043
   1.4670000e+01   10.573994891700043
   1.4680000e+01   11.036465756700043
   1.4690000e+01   11.470952216700043
   1.4700000e+01   11.864916501700044
   1.4710000e+01   12.207217471700044
   1.4720000e+01   12.484432651700045
   1.4730000e+01   12.685471896700045
   1.4740000e+01   12.810728834700045
   1.4750000e+01   12.872867884200046
   1.4760000e+01  12.888802981250047
   1.4770000e+01  12.873578866300047
   1.4780000e+01  12.839068888300046
   1.4790000e+01  12.791811692800046
   1.4800000e+01  12.729975353800047
   1.4810000e+01  12.645160943800047
   1.4820000e+01  12.528714744800046
   1.4830000e+01  12.375603779800047
   1.4840000e+01  12.182654094800046
   1.4850000e+01  11.945918869800046
   1.4860000e+01  11.663326399800045
   1.4870000e+01  11.341569429800046
   1.4880000e+01  10.998350589800046
   1.4890000e+01  10.653606664800046
   1.4900000e+01  10.316316504800046
   1.4910000e+01  9.980581694800046
   1.4920000e+01  9.634340119800045
   1.4930000e+01  9.270183974800045
   1.4940000e+01  8.889143599800045
   1.4950000e+01  8.498825579800044
   1.4960000e+01  8.110297659800045
   1.4970000e+01  7.734863019800045
   1.4980000e+01  7.381219419800045
   1.4990000e+01  7.0534095148000455
   1.5000000e+01  6.748620979800045
   1.5010000e+01  6.4561072348000454
   1.5020000e+01  6.160745969800045
   1.5030000e+01  5.849477474800045
   1.5040000e+01  5.514076829800045
   1.5050000e+01  5.149953319800045
   1.5060000e+01  4.757025624800045
   1.5070000e+01  4.342475089800045
   1.5080000e+01  3.918723539800045
   1.5090000e+01  3.496719914800045
   1.5100000e+01  3.081791044800045
   1.5110000e+01  2.674183214800045
   1.5120000e+01  2.270549159800045
   1.5130000e+01  1.865649899800045
   1.5140000e+01  1.455100839800045
   1.5150000e+01  1.0359514898000448
   1.5160000e+01  0.6038528048000449
   1.5170000e+01  0.1524528548000449
   1.5180000e+01  -0.3226300601999551
   1.5190000e+01  -0.8224177801999553
   1.5200000e+01  -1.3497043051999553
   1.5210000e+01  -1.9123921101999555
   1.5220000e+01  -2.5170924801999557
   1.5230000e+01  -3.1589727751999557
   1.5240000e+01  -3.8206744201999556
   1.5250000e+01  -4.4831396051999555
   1.5260000e+01  -5.136368260199956
   1.5270000e+01  -5.776447675199956
   1.5280000e+01  -6.391179960199955
   1.5290000e+01  -6.951879265199955
   1.5300000e+01  -7.421559175199955
   1.5310000e+01  -7.769512605199955
   1.5320000e+01  -7.979730355199955
   1.5330000e+01  -8.054952754199954
   1.5340000e+01   -8.019350846699954
   1.5350000e+01   -7.911720660199954
   1.5360000e+01   -7.768274015199954
   1.5370000e+01   -7.6126826901999545
   1.5380000e+01   -7.462677575199955
   1.5390000e+01   -7.336393415199955
   1.5400000e+01   -7.2449036646999545
   1.5410000e+01   -7.184510204699954
   1.5420000e+01   -7.143184326199954
   1.5430000e+01   -7.1110320956999535
   1.5440000e+01   -7.081746247199954
   1.5450000e+01   -7.0514786471999535
   1.5460000e+01   -7.022920294699953
   1.5470000e+01   -7.006843567499954
   1.5480000e+01  -7.015445076799954
   1.5490000e+01  -7.056673971299953
   1.5500000e+01  -7.136076116299954
   1.5510000e+01  -7.259859738799954
   1.5520000e+01  -7.434992933799954
   1.5530000e+01  -7.669430368799954
   1.5540000e+01  -7.970679703799954
   1.5550000e+01  -8.339263638799954
   1.5560000e+01  -8.765165513799953
   1.5570000e+01  -9.235681758799954
   1.5580000e+01  -9.744839163799954
   1.5590000e+01  -10.289912213799955
   1.5600000e+01  -10.860475053799956
   1.5610000e+01  -11.436269243799956
   1.5620000e+01  -11.995917738799955
   1.5630000e+01  -12.526127803799955
   1.5640000e+01  -13.026296563799955
   1.5650000e+01  -13.508426073799955
   1.5660000e+01  -13.989662293799954
   1.5670000e+01  -14.479951178799954
   1.5680000e+01  -14.977209493799954
   1.5690000e+01  -15.475673588799953
   1.5700000e+01  -15.975500323799952
   1.5710000e+01  -16.48098676379995
   1.5720000e+01  -16.99133673379995
   1.5730000e+01  -17.49641604379995
   1.5740000e+01  -17.98260831879995
   1.5750000e+01  -18.44366861879995
   1.5760000e+01  -18.88630986879995
   1.5770000e+01  -19.32295095879995
   1.5780000e+01  -19.75688634879995
   1.5790000e+01  -20.175710418799948
   1.5800000e+01  -20.55962398379995
   1.5810000e+01  -20.89309821379995
   1.5820000e+01  -21.16836850379995
   1.5830000e+01  -21.38333005879995
   1.5840000e+01  -21.53850348879995
   1.5850000e+01  -21.63112573179995
   1.5860000e+01   -21.65067385179995
   1.5870000e+01   -21.58710613879995
   1.5880000e+01   -21.44674920379995
   1.5890000e+01   -21.25366118379995
   1.5900000e+01   -21.031884293799948
   1.5910000e+01   -20.791909853799947
   1.5920000e+01   -20.535922853799946
   1.5930000e+01   -20.267119903799944
   1.5940000e+01   -19.988154648799945
   1.5950000e+01   -19.696539308799945
   1.5960000e+01   -19.387612453799946
   1.5970000e+01   -19.059502823799946
   1.5980000e+01   -18.712727948799944
   1.5990000e+01   -18.348430813799943
   1.6000000e+01   -17.969738098799944
   1.6010000e+01   -17.584146683799943
   1.6020000e+01   -17.205822263799945
   1.6030000e+01   -16.857135828799944
   1.6040000e+01   -16.563812198799944
   1.6050000e+01   -16.342944708799944
   1.6060000e+01   -16.195689758799944
   1.6070000e+01   -16.112576417299945
   1.6080000e+01   -16.082221673599946
   1.6090000e+01  -16.093414050399947
   1.6100000e+01  -16.135025756399948
   1.6110000e+01  -16.199274986899947
   1.6120000e+01  -16.283186295399947
   1.6130000e+01  -16.385595565399946
   1.6140000e+01  -16.506164835399947
   1.6150000e+01  -16.647128705399947
   1.6160000e+01  -16.810553780399946
   1.6170000e+01  -16.992523745399946
   1.6180000e+01  -17.182973140399948
   1.6190000e+01  -17.369806815399947
   1.6200000e+01  -17.539770165399947
   1.6210000e+01  -17.678265475399947
   1.6220000e+01  -17.772161359899947
   1.6230000e+01  -17.808646241449946
   1.6240000e+01   -17.768035982499946
   1.6250000e+01   -17.625682506499945
   1.6260000e+01   -17.368808741499944
   1.6270000e+01   -17.006220756499943
   1.6280000e+01   -16.55468316649994
   1.6290000e+01   -16.02146892149994
   1.6300000e+01   -15.407175771499942
   1.6310000e+01   -14.719192081499942
   1.6320000e+01   -13.973113986499943
   1.6330000e+01   -13.183779261499943
   1.6340000e+01   -12.361936011499942
   1.6350000e+01   -11.518022136499942
   1.6360000e+01   -10.664538481499942
   1.6370000e+01   -9.816163726499942
   1.6380000e+01   -8.989284006499943
   1.6390000e+01   -8.197039236499943
   1.6400000e+01   -7.4410438564999435
   1.6410000e+01   -6.710454086499944
   1.6420000e+01   -5.992053556499943
   1.6430000e+01   -5.279882546499943
   1.6440000e+01   -4.573923751499943
   1.6450000e+01   -3.872243196499943
   1.6460000e+01   -3.167998956499943
   1.6470000e+01   -2.4549071364999433
   1.6480000e+01   -1.7337124814999432
   1.6490000e+01   -1.010789701499943
   1.6500000e+01   -0.29058953149994304
   1.6510000e+01   0.4270574985000569
   1.6520000e+01   1.1413829535000568
   1.6530000e+01   1.8476530285000567
   1.6540000e+01   2.542147098500057
   1.6550000e+01   3.222750258500057
   1.6560000e+01   3.8771718185000568
   1.6570000e+01   4.474371338500057
   1.6580000e+01   4.974616118500057
   1.6590000e+01   5.346295443500057
   1.6600000e+01   5.570640523500057
   1.6610000e+01  5.6398646154000565
   1.6620000e+01  5.562761057300056
   1.6630000e+01  5.369093877300056
   1.6640000e+01  5.096852297300056
   1.6650000e+01  4.773042832300056
   1.6660000e+01  4.411502897300056
   1.6670000e+01  4.0252185673000564
   1.6680000e+01  3.630295257300056
   1.6690000e+01  3.236909417300056
   1.6700000e+01  2.8451488623000563
   1.6710000e+01  2.4544323823000562
   1.6720000e+01  2.0739051173000562
   1.6730000e+01  1.7208009123000563
   1.6740000e+01  1.4093312523000563
   1.6750000e+01  1.1416313073000564
   1.6760000e+01  0.9087183173000564
   1.6770000e+01  0.6997633923000564
   1.6780000e+01  0.5099370373000564
   1.6790000e+01  0.33930679730005636
   1.6800000e+01  0.18706427730005637
   1.6810000e+01  0.05070586230005636
   1.6820000e+01  -0.06976700769994365
   1.6830000e+01  -0.17142159019994366
   1.6840000e+01  -0.25438626569994366
   1.6850000e+01  -0.3267356811999437
   1.6860000e+01  -0.4021602971999437
   1.6870000e+01  -0.49287500069994367
   1.6880000e+01  -0.6041159056999437
   1.6890000e+01  -0.7341283506999436
   1.6900000e+01  -0.8780488906999436
   1.6910000e+01  -1.0295093706999436
   1.6920000e+01  -1.1768827206999437
   1.6930000e+01  -1.3006120006999438
   1.6940000e+01  -1.3795782341999439
   1.6950000e+01   -1.4027232715999438
   1.6960000e+01   -1.3744376409999437
   1.6970000e+01   -1.3108615644999437
   1.6980000e+01   -1.2340093969999437
   1.6990000e+01   -1.1659434479999438
   1.7000000e+01   -1.1192609784999437
   1.7010000e+01   -1.0884968464999436
   1.7020000e+01   -1.0540096869999436
   1.7030000e+01   -0.9965908454999436
   1.7040000e+01   -0.9059192074999436
   1.7050000e+01   -0.7761576624999436
   1.7060000e+01   -0.6021128074999436
   1.7070000e+01   -0.3852982424999436
   1.7080000e+01   -0.1385690924999436
   1.7090000e+01   0.12186493750005639
   1.7100000e+01   0.3867297275000564
   1.7110000e+01   0.6515983575000563
   1.7120000e+01   0.9090443475000564
   1.7130000e+01   1.1508586375000565
   1.7140000e+01   1.3771874125000565
   1.7150000e+01   1.5965078025000565
   1.7160000e+01   1.8154214425000565
   1.7170000e+01   2.0328051775000566
   1.7180000e+01   2.244136567500057
   1.7190000e+01   2.447353202500057
   1.7200000e+01   2.644034772500057
   1.7210000e+01   2.8384975625000566
   1.7220000e+01   3.0367909925000567
   1.7230000e+01   3.2443909525000567
   1.7240000e+01   3.463234752500057
   1.7250000e+01   3.689058362500057
   1.7260000e+01   3.908782622500057
   1.7270000e+01   4.101952267500057
   1.7280000e+01   4.250701982500057
   1.7290000e+01   4.350176410000056
   1.7300000e+01   4.406068135000057
   1.7310000e+01   4.424439050030057
   1.7320000e+01  4.412459144560057
   1.7330000e+01  4.389177505060057
   1.7340000e+01   4.384282154560057
   1.7350000e+01   4.420106748060057
   1.7360000e+01   4.500205605560057
   1.7370000e+01   4.617386710560058
   1.7380000e+01   4.764582775560058
   1.7390000e+01   4.934853330560058
   1.7400000e+01   5.120575490560058
   1.7410000e+01   5.319660810560058
   1.7420000e+01   5.537816160560058
   1.7430000e+01   5.781269535560058
   1.7440000e+01   6.052395635560058
   1.7450000e+01   6.354264255560057
   1.7460000e+01   6.692938040560057
   1.7470000e+01   7.072195715560057
   1.7480000e+01   7.490058655560057
   1.7490000e+01   7.9409686755600575
   1.7500000e+01   8.416504875560058
   1.7510000e+01   8.903732875560058
   1.7520000e+01   9.386540070560057
   1.7530000e+01   9.846547080560057
   1.7540000e+01   10.258907860560058
   1.7550000e+01   10.592837610560057
   1.7560000e+01   10.825615260560056
   1.7570000e+01   10.956149928560055
   1.7580000e+01   11.000552268810056
   1.7590000e+01  10.977541730560056
   1.7600000e+01  10.902455453060055
   1.7610000e+01  10.789286316060055
   1.7620000e+01  10.649211461060055
   1.7630000e+01  10.487910951060055
   1.7640000e+01  10.310019836060055
   1.7650000e+01  10.124525581060055
   1.7660000e+01  9.940289011060056
   1.7670000e+01  9.757538056060056
   1.7680000e+01  9.569464546060056
   1.7690000e+01  9.372780091060056
   1.7700000e+01  9.172433611060056
   1.7710000e+01  8.974783151060056
   1.7720000e+01  8.780408486060056
   1.7730000e+01  8.588040406060056
   1.7740000e+01  8.405522961060056
   1.7750000e+01  8.253778301060056
   1.7760000e+01  8.158363743060056
   1.7770000e+01   8.138193026560057
   1.7780000e+01   8.201356078060057
   1.7790000e+01   8.345247683060057
   1.7800000e+01   8.554642498060057
   1.7810000e+01   8.801817478060057
   1.7820000e+01   9.055739893060057
   1.7830000e+01   9.294641938060057
   1.7840000e+01   9.510098688060056
   1.7850000e+01   9.703459603060056
   1.7860000e+01   9.885552958060055
   1.7870000e+01   10.079649908060055
   1.7880000e+01   10.314849473060056
   1.7890000e+01   10.607854713060055
   1.7900000e+01   10.951721808060055
   1.7910000e+01   11.326128063060056
   1.7920000e+01   11.716572033060055
   1.7930000e+01   12.119276168060056
   1.7940000e+01   12.531051743060056
   1.7950000e+01   12.944103713060056
   1.7960000e+01   13.352892863060056
   1.7970000e+01   13.757723088060056
   1.7980000e+01   14.156991363060056
   1.7990000e+01   14.542870708060056
   1.8000000e+01   14.910777703060056
   1.8010000e+01   15.267678953060056
   1.8020000e+01   15.623639653060057
   1.8030000e+01   15.977720243060057
   1.8040000e+01   16.318291433060057
   1.8050000e+01   16.635664993060058
   1.8060000e+01   16.929082488060057
   1.8070000e+01   17.201333288060056
   1.8080000e+01   17.449536778060057
   1.8090000e+01   17.66085485306006
   1.8100000e+01   17.81548854306006
   1.8110000e+01   17.89441603556006
   1.8120000e+01  17.885394916060058
   1.8130000e+01  17.78301552406006
   1.8140000e+01  17.587057234060058
   1.8150000e+01  17.30367760406006
   1.8160000e+01  16.94505502406006
   1.8170000e+01  16.52427336406006
   1.8180000e+01  16.05298667406006
   1.8190000e+01  15.545905034060063
   1.8200000e+01  15.021711239060062
   1.8210000e+01  14.494662994060063
   1.8220000e+01  13.970005539060063
   1.8230000e+01  13.452285009060063
   1.8240000e+01  12.952503249060063
   1.8250000e+01  12.481061189060064
   1.8260000e+01  12.038345669060064
   1.8270000e+01  11.617700774060063
   1.8280000e+01  11.212852864060062
   1.8290000e+01  10.817957969060062
   1.8300000e+01  10.427472784060063
   1.8310000e+01  10.043247904060063
   1.8320000e+01  9.676682934060063
   1.8330000e+01  9.337627979060063
   1.8340000e+01  9.026857454060062
   1.8350000e+01  8.745836184060062
   1.8360000e+01  8.506247604060063
   1.8370000e+01  8.319436649060062
   1.8380000e+01  8.180492519060062
   1.8390000e+01  8.072115107560062
   1.8400000e+01  7.9803806240600625
   1.8410000e+01  7.8970671995600625
   1.8420000e+01  7.810512267560062
   1.8430000e+01  7.706520093060062
   1.8440000e+01  7.578438308060062
   1.8450000e+01  7.427197303060062
   1.8460000e+01  7.252666758060062
   1.8470000e+01  7.054569168060063
   1.8480000e+01  6.840617248060062
   1.8490000e+01  6.623617388060063
   1.8500000e+01  6.410856728060063
   1.8510000e+01  6.204674093060063
   1.8520000e+01  6.010059988060062
   1.8530000e+01  5.829466678060062
   1.8540000e+01  5.650733748060063
   1.8550000e+01  5.4522732630600625
   1.8560000e+01  5.222115563060062
   1.8570000e+01  4.963138958060062
   1.8580000e+01  4.680232568060062
   1.8590000e+01  4.372928418060062
   1.8600000e+01  4.041918883060062
   1.8610000e+01  3.6933865880600623
   1.8620000e+01  3.3343948980600624
   1.8630000e+01  2.9704151130600622
   1.8640000e+01  2.607786568060062
   1.8650000e+01  2.251401558060062
   1.8660000e+01  1.8981751830600622
   1.8670000e+01  1.5382243730600622
   1.8680000e+01  1.1642291180600624
   1.8690000e+01  0.7756554630600623
   1.8700000e+01  0.37310990306006225
   1.8710000e+01  -0.04623239193993778
   1.8720000e+01  -0.48423262193993777
   1.8730000e+01  -0.9355185619399378
   1.8740000e+01  -1.3888801719399377
   1.8750000e+01  -1.8331293919399376
   1.8760000e+01  -2.2569922469399377
   1.8770000e+01  -2.642755051939938
   1.8780000e+01  -2.965918786939938
   1.8790000e+01  -3.207225181939938
   1.8800000e+01  -3.365535271939938
   1.8810000e+01  -3.457419156939938
   1.8820000e+01  -3.5069400244399382
   1.8830000e+01  -3.539743577439938
   1.8840000e+01  -3.584245161939938
   1.8850000e+01  -3.670293550939938
   1.8860000e+01  -3.821406295939938
   1.8870000e+01  -4.048028835939938
   1.8880000e+01  -4.348092385939938
   1.8890000e+01  -4.7124904709399384
   1.8900000e+01  -5.130193255939939
   1.8910000e+01  -5.5903671409399385
   1.8920000e+01  -6.081568130939939
   1.8930000e+01  -6.590761830939939
   1.8940000e+01  -7.105625485939939
   1.8950000e+01  -7.618588430939939
   1.8960000e+01  -8.12675605593994
   1.8970000e+01  -8.627088730939938
   1.8980000e+01  -9.113603310939938
   1.8990000e+01  -9.579911390939937
   1.9000000e+01  -10.021832575939937
   1.9010000e+01  -10.435919730939938
   1.9020000e+01  -10.817348700939938
   1.9030000e+01  -11.160735535939939
   1.9040000e+01  -11.461565540939938
   1.9050000e+01  -11.715944845939939
   1.9060000e+01  -11.920846510939938
   1.9070000e+01  -12.076094570939938
   1.9080000e+01  -12.185489264439939
   1.9090000e+01  -12.256064351439939
   1.9100000e+01  -12.297527429439938
   1.9110000e+01  -12.321295418939938
   1.9120000e+01  -12.336322130439937
   1.9130000e+01  -12.344021465889938
   1.9140000e+01   -12.338663583839939
   1.9150000e+01   -12.31415571133994
   1.9160000e+01   -12.27088187433994
   1.9170000e+01   -12.21705004383994
   1.9180000e+01   -12.16449244033994
   1.9190000e+01   -12.12260731883994
   1.9200000e+01   -12.09523310483994
   1.9210000e+01   -12.08230545503994
   1.9220000e+01  -12.08155484733994
   1.9230000e+01  -12.08494524633994
   1.9240000e+01   -12.07469084573994
   1.9250000e+01   -12.02914475223994
   1.9260000e+01   -11.93688388723994
   1.9270000e+01   -11.80401617223994
   1.9280000e+01   -11.64654473723994
   1.9290000e+01   -11.47718942723994
   1.9300000e+01   -11.30011599723994
   1.9310000e+01   -11.11599730223994
   1.9320000e+01   -10.93004510223994
   1.9330000e+01   -10.754474602239942
   1.9340000e+01   -10.602445187239942
   1.9350000e+01   -10.479904842239943
   1.9360000e+01   -10.385151463239943
   1.9370000e+01   -10.315563674239943
   1.9380000e+01   -10.270566940239943
   1.9390000e+01   -10.247025794239944
   1.9400000e+01   -10.236281508339944
   1.9410000e+01   -10.228355728289944
   1.9420000e+01   -10.215744808139945
   1.9430000e+01   -10.190088611639945
   1.9440000e+01   -10.136982217639945
   1.9450000e+01   -10.037020716139946
   1.9460000e+01   -9.873680446139945
   1.9470000e+01   -9.643030071139945
   1.9480000e+01   -9.357885961139946
   1.9490000e+01   -9.039966846139945
   1.9500000e+01   -8.704636636139945
   1.9510000e+01   -8.354474776139945
   1.9520000e+01   -7.988882956139945
   1.9530000e+01   -7.615936446139945
   1.9540000e+01   -7.251841706139945
   1.9550000e+01   -6.912369966139945
   1.9560000e+01   -6.607662876139945
   1.9570000e+01   -6.341285676139945
   1.9580000e+01   -6.110293986139945
   1.9590000e+01   -5.908342161139945
   1.9600000e+01   -5.731030326139945
   1.9610000e+01   -5.576452596139945
   1.9620000e+01   -5.440830206139945
   1.9630000e+01   -5.318037781139945
   1.9640000e+01   -5.203947671139945
   1.9650000e+01   -5.096363481139945
   1.9660000e+01   -4.990077556139945
   1.9670000e+01   -4.877873506139945
   1.9680000e+01   -4.758602631139945
   1.9690000e+01   -4.640050121139946
   1.9700000e+01   -4.533119050139946
   1.9710000e+01   -4.448513631639946
   1.9720000e+01   -4.399953081139945
   1.9730000e+01  -4.403107245639945
   1.9740000e+01  -4.465685068639945
   1.9750000e+01  -4.580688124139945
   1.9760000e+01  -4.731758724139945
   1.9770000e+01  -4.902176634139945
   1.9780000e+01  -5.077042049139945
   1.9790000e+01  -5.2422394941399455
   1.9800000e+01  -5.3875627691399455
   1.9810000e+01  -5.510351464139945
   1.9820000e+01  -5.612361787139945
   1.9830000e+01  -5.692960709639945
   1.9840000e+01  -5.747563167639945
   1.9850000e+01  -5.772612738839945
   1.9860000e+01   -5.770623163539946
   1.9870000e+01   -5.7505328470399455
   1.9880000e+01   -5.723392777039946
   1.9890000e+01   -5.695572221039946
   1.9900000e+01   -5.663985071039946
   1.9910000e+01   -5.618873788039946
   1.9920000e+01   -5.553501924039946
   1.9930000e+01   -5.471459064039946
   1.9940000e+01   -5.384071663039946
   1.9950000e+01   -5.302346043039946
   1.9960000e+01   -5.233720880539946
   1.9970000e+01   -5.185424856539946
   1.9980000e+01   -5.166101381489946
   1.9990000e+01  -5.180187033439946
   2.0000000e+01  -5.220321962439946
   2.0010000e+01  -5.266058637939945
   2.0020000e+01  -5.289838069739946
   2.0030000e+01   -5.2654389780399455
   2.0040000e+01   -5.175206559039945
   2.0050000e+01   -5.0138971990399455
   2.0060000e+01   -4.786900664039946
   2.0070000e+01   -4.5041199490399455
   2.0080000e+01   -4.175189629039945
   2.0090000e+01   -3.808735609039945
   2.0100000e+01   -3.4123674490399454
   2.0110000e+01   -2.9918579440399453
   2.0120000e+01   -2.5530110190399453
   2.0130000e+01   -2.1064133990399454
   2.0140000e+01   -1.6687608290399454
   2.0150000e+01   -1.2575532790399453
   2.0160000e+01   -0.8841709440399452
   2.0170000e+01   -0.5506206290399451
   2.0180000e+01   -0.24997272903994516
   2.0190000e+01   0.030536805960054814
   2.0200000e+01   0.3042279909600548
   2.0210000e+01   0.5808213059600549
   2.0220000e+01   0.8662053709600549
   2.0230000e+01   1.162910895960055
   2.0240000e+01   1.467887250960055
   2.0250000e+01   1.771295365960055
   2.0260000e+01   2.059820145960055
   2.0270000e+01   2.319518565960055
   2.0280000e+01   2.533971570960055
   2.0290000e+01   2.684456630960055
   2.0300000e+01   2.7588335749600548
   2.0310000e+01  2.7611577704600547
   2.0320000e+01  2.709218342460055
   2.0330000e+01  2.6228657954600547
   2.0340000e+01  2.5181502529600546
   2.0350000e+01  2.4117080429600546
   2.0360000e+01  2.3241465994600548
   2.0370000e+01  2.2746547629600546
   2.0380000e+01   2.2734839229600547
   2.0390000e+01   2.3211667009600547
   2.0400000e+01   2.413506475960055
   2.0410000e+01   2.5462889609600547
   2.0420000e+01   2.716713335960055
   2.0430000e+01   2.9214388459600547
   2.0440000e+01   3.1530713909600547
   2.0450000e+01   3.399726450960055
   2.0460000e+01   3.649779805960055
   2.0470000e+01   3.895699485960055
   2.0480000e+01   4.131025470960055
   2.0490000e+01   4.346222355960055
   2.0500000e+01   4.532196185960055
   2.0510000e+01   4.687200375960055
   2.0520000e+01   4.816705990960055
   2.0530000e+01   4.9274914359600555
   2.0540000e+01   5.023876232460055
   2.0550000e+01   5.105585640960055
   2.0560000e+01   5.164907263960055
   2.0570000e+01   5.189550911310055
   2.0580000e+01  5.173000899160055
   2.0590000e+01  5.119664279660055
   2.0600000e+01  5.038174022660056
   2.0610000e+01  4.935583256660056
   2.0620000e+01  4.821021456660056
   2.0630000e+01  4.707182671660056
   2.0640000e+01  4.602085676660056
   2.0650000e+01  4.504032441660056
   2.0660000e+01  4.407905178660056
   2.0670000e+01  4.310233919660056
   2.0680000e+01  4.205527478660056
   2.0690000e+01  4.085407483660056
   2.0700000e+01  3.945117893660056
   2.0710000e+01  3.784601698660056
   2.0720000e+01  3.601288728660056
   2.0730000e+01  3.389073888660056
   2.0740000e+01  3.146596188660056
   2.0750000e+01  2.880330878660056
   2.0760000e+01  2.598320963660056
   2.0770000e+01  2.306673778660056
   2.0780000e+01  2.0134211136600557
   2.0790000e+01  1.7322820786600557
   2.0800000e+01  1.4834084486600556
   2.0810000e+01  1.2917017736600556
   2.0820000e+01  1.1779943081600557
   2.0830000e+01   1.1456525496100556
   2.0840000e+01   1.1788041885600555
   2.0850000e+01   1.2565666860600555
   2.0860000e+01   1.3640568765600556
   2.0870000e+01   1.4884321115600556
   2.0880000e+01   1.6139497765600557
   2.0890000e+01   1.7275743715600558
   2.0900000e+01   1.8253639020600558
   2.0910000e+01   1.911367390560056
   2.0920000e+01   1.995551793560056
   2.0930000e+01   2.0926182085600558
   2.0940000e+01   2.214995218560056
   2.0950000e+01   2.365703393560056
   2.0960000e+01   2.543833163560056
   2.0970000e+01   2.754596798560056
   2.0980000e+01   3.004719288560056
   2.0990000e+01   3.288581368560056
   2.1000000e+01   3.587677003560056
   2.1010000e+01   3.8832501285600562
   2.1020000e+01   4.161591853560056
   2.1030000e+01   4.408860413560056
   2.1040000e+01   4.610903448560056
   2.1050000e+01   4.7603115785600565
   2.1060000e+01   4.858574024060056
   2.1070000e+01   4.912388013560056
   2.1080000e+01   4.932594926560056
   2.1090000e+01  4.9333662918600565
   2.1100000e+01  4.9253505986600565
   2.1110000e+01  4.910810832160056
   2.1120000e+01  4.8904645146600565
   2.1130000e+01  4.872254157160056
   2.1140000e+01   4.867210884160056
   2.1150000e+01   4.878590235160057
   2.1160000e+01   4.9009067151600565
   2.1170000e+01   4.927968414660056
   2.1180000e+01   4.955868142660057
   2.1190000e+01   4.9791416371600565
   2.1200000e+01   4.990654322160056
   2.1210000e+01  4.9870668176600566
   2.1220000e+01  4.9705302836600564
   2.1230000e+01  4.943358252660056
   2.1240000e+01  4.903352820160056
   2.1250000e+01  4.845110425660057
   2.1260000e+01  4.763184909160056
   2.1270000e+01  4.652126943160057
   2.1280000e+01  4.505648528160057
   2.1290000e+01  4.319560138160057
   2.1300000e+01  4.096466788160057
   2.1310000e+01  3.845262473160057
   2.1320000e+01  3.574707933160057
   2.1330000e+01  3.289779068160057
   2.1340000e+01  2.996234243160057
   2.1350000e+01  2.705542893160057
   2.1360000e+01  2.430387738160057
   2.1370000e+01  2.176080928160057
   2.1380000e+01  1.940978303160057
   2.1390000e+01  1.724488508160057
   2.1400000e+01  1.528670523160057
   2.1410000e+01  1.351447543160057
   2.1420000e+01  1.185004553160057
   2.1430000e+01  1.023631848160057
   2.1440000e+01  0.867794863160057
   2.1450000e+01  0.717513543160057
   2.1460000e+01  0.566934853160057
   2.1470000e+01  0.409388458160057
   2.1480000e+01  0.24350775816005696
   2.1490000e+01  0.06986966316005694
   2.1500000e+01  -0.11530503183994306
   2.1510000e+01  -0.31855933183994306
   2.1520000e+01  -0.5430770068399431
   2.1530000e+01  -0.7880651718399431
   2.1540000e+01  -1.0534738168399431
   2.1550000e+01  -1.3419259968399433
   2.1560000e+01  -1.6552904568399434
   2.1570000e+01  -1.9911446268399433
   2.1580000e+01  -2.3435955368399433
   2.1590000e+01  -2.7071846218399434
   2.1600000e+01  -3.0796342768399434
   2.1610000e+01  -3.4608324168399434
   2.1620000e+01  -3.8488736618399435
   2.1630000e+01  -4.235965651839943
   2.1640000e+01  -4.606993261839943
   2.1650000e+01  -4.942955521839942
   2.1660000e+01  -5.229260196839943
   2.1670000e+01  -5.463272881839942
   2.1680000e+01  -5.652853886839942
   2.1690000e+01  -5.8062333068399425
   2.1700000e+01  -5.925263256839942
   2.1710000e+01  -6.010438216339942
   2.1720000e+01  -6.069755054339942
   2.1730000e+01  -6.1185991788399425
   2.1740000e+01  -6.1712459483399424
   2.1750000e+01  -6.2347132578399425
   2.1760000e+01  -6.309223425839942
   2.1770000e+01  -6.390488455839942
   2.1780000e+01  -6.470984234839942
   2.1790000e+01  -6.542391030839942
   2.1800000e+01  -6.599241629839941
   2.1810000e+01  -6.6402616268399415
   2.1820000e+01  -6.666426184839941
   2.1830000e+01  -6.678412786839941
   2.1840000e+01   -6.675235546339941
   2.1850000e+01   -6.654060637339941
   2.1860000e+01   -6.611174678839941
   2.1870000e+01   -6.543181299339941
   2.1880000e+01   -6.447235251839941
   2.1890000e+01   -6.322082466839941
   2.1900000e+01   -6.171810731839941
   2.1910000e+01   -6.007844686839941
   2.1920000e+01   -5.8430664468399405
   2.1930000e+01   -5.682569496839941
   2.1940000e+01   -5.522899896839941
   2.1950000e+01   -5.360621236839941
   2.1960000e+01   -5.197174396839941
   2.1970000e+01   -5.033363696839941
   2.1980000e+01   -4.863450001839941
   2.1990000e+01   -4.678778591839941
   2.2000000e+01   -4.475675301839941
   2.2010000e+01   -4.257092446839941
   2.2020000e+01   -4.027949086839941
   2.2030000e+01   -3.791624481839941
   2.2040000e+01   -3.550387826839941
   2.2050000e+01   -3.3066066868399413
   2.2060000e+01   -3.0627445368399413
   2.2070000e+01   -2.8211331218399414
   2.2080000e+01   -2.5837675918399414
   2.2090000e+01   -2.3510804868399413
   2.2100000e+01   -2.1205902518399413
   2.2110000e+01   -1.8880765868399414
   2.2120000e+01   -1.6507562518399415
   2.2130000e+01   -1.4078300718399415
   2.2140000e+01   -1.1568620618399414
   2.2150000e+01   -0.8915430718399415
   2.2160000e+01   -0.6052156718399415
   2.2170000e+01   -0.2954529368399415
   2.2180000e+01   0.036795273160058484
   2.2190000e+01   0.3908718881600585
   2.2200000e+01   0.7660806281600585
   2.2210000e+01   1.1582323081600585
   2.2220000e+01   1.5593779581600584
   2.2230000e+01   1.9613493531600583
   2.2240000e+01   2.358042078160058
   2.2250000e+01   2.744528553160058
   2.2260000e+01   3.1157453981600582
   2.2270000e+01   3.4667648931600583
   2.2280000e+01   3.7942625081600583
   2.2290000e+01   4.098095058160058
   2.2300000e+01   4.381611148160058
   2.2310000e+01   4.650232758160058
   2.2320000e+01   4.910417188160058
   2.2330000e+01   5.170750043160058
   2.2340000e+01   5.442576443160058
   2.2350000e+01   5.736700483160058
   2.2360000e+01   6.058476868160057
   2.2370000e+01   6.407297903160058
   2.2380000e+01   6.781089808160058
   2.2390000e+01   7.179163018160057
   2.2400000e+01   7.598810653160058
   2.2410000e+01   8.030672653160059
   2.2420000e+01   8.46110915316006
   2.2430000e+01   8.87983092816006
   2.2440000e+01   9.28166284316006
   2.2450000e+01   9.65921495816006
   2.2460000e+01   9.99819555316006
   2.2470000e+01   10.283954833160061
   2.2480000e+01   10.510038733160062
   2.2490000e+01   10.676849933160062
   2.2500000e+01   10.785301209660062
   2.2510000e+01   10.837010827160062
   2.2520000e+01  10.838900528660062
   2.2530000e+01  10.802149464660062
   2.2540000e+01  10.736165014660061
   2.2550000e+01  10.645959404160061
   2.2560000e+01  10.533604339160062
   2.2570000e+01  10.398406884160062
   2.2580000e+01  10.235921694160062
   2.2590000e+01  10.039389424160062
   2.2600000e+01  9.80269921416006
   2.2610000e+01  9.52237533916006
   2.2620000e+01  9.19935478916006
   2.2630000e+01  8.84061840916006
   2.2640000e+01  8.457906054160059
   2.2650000e+01  8.063594964160059
   2.2660000e+01  7.667969909160059
   2.2670000e+01  7.279999034160059
   2.2680000e+01  6.909603359160059
   2.2690000e+01  6.569065159160059
   2.2700000e+01  6.271947229160059
   2.2710000e+01  6.028681899160059
   2.2720000e+01  5.841784034160059
   2.2730000e+01  5.705633224160059
   2.2740000e+01  5.610076113660059
   2.2750000e+01  5.54226642616006
   2.2760000e+01  5.48630206416006
   2.2770000e+01  5.42546952116006
   2.2780000e+01  5.346551837660059
   2.2790000e+01  5.2403559321600595
   2.2800000e+01  5.098874217160059
   2.2810000e+01  4.9157569771600595
   2.2820000e+01  4.69036749716006
   2.2830000e+01  4.42841217716006
   2.2840000e+01  4.13786599216006
   2.2850000e+01  3.8266627371600594
   2.2860000e+01  3.5040382121600597
   2.2870000e+01  3.1799811671600597
   2.2880000e+01  2.8609620621600595
   2.2890000e+01  2.5475268571600598
   2.2900000e+01  2.2373094171600596
   2.2910000e+01  1.9299225921600596
   2.2920000e+01  1.6289727521600597
   2.2930000e+01  1.3402263871600597
   2.2940000e+01  1.0676107921600597
   2.2950000e+01  0.8100218971600597
   2.2960000e+01  0.5623299471600597
   2.2970000e+01  0.3207296721600597
   2.2980000e+01  0.0874136371600597
   2.2990000e+01  -0.1304777878399403
   2.3000000e+01  -0.32638655283994034
   2.3010000e+01  -0.49812804283994033
   2.3020000e+01  -0.6462229628399403
   2.3030000e+01  -0.7702553528399403
   2.3040000e+01  -0.8695660383399403
   2.3050000e+01  -0.9478836153399403
   2.3060000e+01  -1.0138305938399403
   2.3070000e+01  -1.0740084713399403
   2.3080000e+01  -1.1275998298399403
   2.3090000e+01  -1.1707834328399402
   2.3100000e+01  -1.2043569193399402
   2.3110000e+01  -1.23320983483994
   2.3120000e+01  -1.26055044733994
   2.3130000e+01  -1.28810927683994
   2.3140000e+01  -1.32108108033994
   2.3150000e+01  -1.36696088083994
   2.3160000e+01  -1.4290729843399401
   2.3170000e+01  -1.50615985633994
   2.3180000e+01  -1.59823369283994
   2.3190000e+01  -1.70710541783994
   2.3200000e+01  -1.83028203783994
   2.3210000e+01  -1.9601349078399402
   2.3220000e+01  -2.0916276528399402
   2.3230000e+01  -2.2268572478399404
   2.3240000e+01  -2.3695046228399406
   2.3250000e+01  -2.5178784728399406
   2.3260000e+01  -2.6661462028399407
   2.3270000e+01  -2.810711037839941
   2.3280000e+01  -2.952696502839941
   2.3290000e+01  -3.093934102839941
   2.3300000e+01  -3.231970752839941
   2.3310000e+01  -3.360499887839941
   2.3320000e+01  -3.474732037839941
   2.3330000e+01  -3.574111033839941
   2.3340000e+01  -3.658356054839941
   2.3350000e+01  -3.723923530339941
   2.3360000e+01  -3.767802225839941
   2.3370000e+01  -3.791928005839941
   2.3380000e+01   -3.799048702289941
   2.3390000e+01   -3.7867516072399408
   2.3400000e+01   -3.751502720739941
   2.3410000e+01   -3.6968842787399407
   2.3420000e+01   -3.6317395057399406
   2.3430000e+01   -3.5614837552399408
   2.3440000e+01   -3.487142779239941
   2.3450000e+01   -3.411566734739941
   2.3460000e+01   -3.340798203739941
   2.3470000e+01   -3.280800208239941
   2.3480000e+01   -3.238072759239941
   2.3490000e+01   -3.220911799339941
   2.3500000e+01  -3.233974078939941
   2.3510000e+01  -3.2733044174399413
   2.3520000e+01  -3.3310709324399412
   2.3530000e+01  -3.4019028834399414
   2.3540000e+01  -3.4806355704399414
   2.3550000e+01  -3.5594059579399415
   2.3560000e+01  -3.6334024694399414
   2.3570000e+01  -3.7056495944399415
   2.3580000e+01  -3.7804152544399416
   2.3590000e+01  -3.8551543344399417
   2.3600000e+01  -3.9235567809399416
   2.3610000e+01  -3.9830054234399417
   2.3620000e+01  -4.0345144984399415
   2.3630000e+01  -4.0776260279399414
   2.3640000e+01  -4.108002068939942
   2.3650000e+01   -4.117772014189942
   2.3660000e+01   -4.097633753939942
   2.3670000e+01   -4.042394622939941
   2.3680000e+01   -3.9554900574399414
   2.3690000e+01   -3.8454194724399415
   2.3700000e+01   -3.7186188674399414
   2.3710000e+01   -3.5788254824399415
   2.3720000e+01   -3.4305642324399415
   2.3730000e+01   -3.2779669474399413
   2.3740000e+01   -3.1221517124399414
   2.3750000e+01   -2.965158097439941
   2.3760000e+01   -2.814720737439941
   2.3770000e+01   -2.679962567439941
   2.3780000e+01   -2.564122512439941
   2.3790000e+01   -2.466495053939941
   2.3800000e+01   -2.389614544939941
   2.3810000e+01   -2.339264333939941
   2.3820000e+01   -2.3183393211399412
   2.3830000e+01  -2.3246467453399413
   2.3840000e+01  -2.3533933498399415
   2.3850000e+01  -2.3984940363399416
   2.3860000e+01  -2.453334886839942
   2.3870000e+01  -2.513988984339942
   2.3880000e+01  -2.5812110398399417
   2.3890000e+01  -2.6577845338399415
   2.3900000e+01  -2.7452741123399416
   2.3910000e+01  -2.8435116418399415
   2.3920000e+01  -2.9501267668399414
   2.3930000e+01  -3.059694271839941
   2.3940000e+01  -3.165754051839941
   2.3950000e+01  -3.263007296839941
   2.3960000e+01  -3.344416884839941
   2.3970000e+01  -3.3987436423399413
   2.3980000e+01   -3.417304822129941
   2.3990000e+01   -3.402302524919941
   2.4000000e+01   -3.361685652419941
   2.4010000e+01   -3.295826663919941
   2.4020000e+01   -3.196513575419941
   2.4030000e+01   -3.060596210419941
   2.4040000e+01   -2.898206150419941
   2.4050000e+01   -2.724665295419941
   2.4060000e+01   -2.548217270419941
   2.4070000e+01   -2.367441190419941
   2.4080000e+01   -2.177346215419941
   2.4090000e+01   -1.975914230419941
   2.4100000e+01   -1.7657516804199411
   2.4110000e+01   -1.550265820419941
   2.4120000e+01   -1.3294696204199412
   2.4130000e+01   -1.101758390419941
   2.4140000e+01   -0.8686726404199411
   2.4150000e+01   -0.633247705419941
   2.4160000e+01   -0.393397785419941
   2.4170000e+01   -0.142992480419941
   2.4180000e+01   0.117542229580059
   2.4190000e+01   0.37604331958005904
   2.4200000e+01   0.6171441445800591
   2.4210000e+01   0.833008739580059
   2.4220000e+01   1.023652219580059
   2.4230000e+01   1.190517374580059
   2.4240000e+01   1.333605694580059
   2.4250000e+01   1.453731169580059
   2.4260000e+01   1.554463996080059
   2.4270000e+01   1.640591467580059
   2.4280000e+01   1.714775864080059
   2.4290000e+01   1.776553507080059
   2.4300000e+01   1.8261272635800592
   2.4310000e+01   1.8691764425800592
   2.4320000e+01   1.9156572630800592
   2.4330000e+01   1.9728613765800593
   2.4340000e+01   2.0413013610800594
   2.4350000e+01   2.1172257185800594
   2.4360000e+01   2.1959792485800596
   2.4370000e+01   2.2728534535800597
   2.4380000e+01   2.34542945308006
   2.4390000e+01   2.41736038708006
   2.4400000e+01   2.49691730808006
   2.4410000e+01   2.5905547595800598
   2.4420000e+01   2.7001239245800597
   2.4430000e+01   2.82496738458006
   2.4440000e+01   2.96177717458006
   2.4450000e+01   3.1031324895800596
   2.4460000e+01   3.2417431195800597
   2.4470000e+01   3.37551283458006
   2.4480000e+01   3.50326093958006
   2.4490000e+01   3.61821116958006
   2.4500000e+01   3.71337886308006
   2.4510000e+01   3.79120985958006
   2.4520000e+01   3.85921649208006
   2.4530000e+01   3.91763340858006
   2.4540000e+01   3.9605059860800598
   2.4550000e+01   3.9882984475800596
   2.4560000e+01   4.01048812408006
   2.4570000e+01   4.034860200580059
   2.4580000e+01   4.060718450580059
   2.4590000e+01   4.082546480580059
   2.4600000e+01   4.094695828330059
   2.4610000e+01  4.0925606900800595
   2.4620000e+01  4.073646458080059
   2.4630000e+01  4.0382634320800594
   2.4640000e+01  3.9879284135800592
   2.4650000e+01  3.9237146475800593
   2.4660000e+01  3.845420798080059
   2.4670000e+01  3.750218410080059
   2.4680000e+01  3.633796460080059
   2.4690000e+01  3.4954440250800594
   2.4700000e+01  3.3392903250800594
   2.4710000e+01  3.1684247800800596
   2.4720000e+01  2.9831766000800597
   2.4730000e+01  2.7886090050800596
   2.4740000e+01  2.5968035750800595
   2.4750000e+01  2.4168211050800594
   2.4760000e+01  2.2497186800800595
   2.4770000e+01  2.0989840600800593
   2.4780000e+01  1.9774528800800593
   2.4790000e+01  1.8961408660800592
   2.4800000e+01  1.8528306775800591
   2.4810000e+01  1.8387560794800593
   2.4820000e+01   1.8497150648800593
   2.4830000e+01   1.8826799948800592
   2.4840000e+01   1.9276002013800593
   2.4850000e+01   1.9720997668800593
   2.4860000e+01   2.011989556880059
   2.4870000e+01   2.050308711880059
   2.4880000e+01   2.087606620380059
   2.4890000e+01   2.118404258880059
   2.4900000e+01   2.136423033880059
   2.4910000e+01  2.140180256730059
   2.4920000e+01  2.134217827230059
   2.4930000e+01  2.1258702552800592
   2.4940000e+01  2.1192935789800593
   2.4950000e+01  2.113232071180059
   2.4960000e+01  2.1073542551300593
   2.4970000e+01   2.108670047480059
   2.4980000e+01   2.126038356780059
   2.4990000e+01   2.1590039547800592
   2.5000000e+01   2.1986412147800594
   2.5010000e+01   2.2401084222800596
   2.5020000e+01   2.2875972057800595
   2.5030000e+01   2.3451646247800597
   2.5040000e+01   2.40971752878006
   2.5050000e+01   2.47649053428006
   2.5060000e+01   2.5452753382800597
   2.5070000e+01   2.61665992978006
   2.5080000e+01   2.68721828928006
   2.5090000e+01   2.75383330528006
   2.5100000e+01   2.81867369478006
   2.5110000e+01   2.88348182628006
   2.5120000e+01   2.94171364528006
   2.5130000e+01   2.98358804428006
   2.5140000e+01   3.0076596512800604
   2.5150000e+01   3.0198340001300603
   2.5160000e+01  3.0216190353800605
   2.5170000e+01  3.0086142962800606
   2.5180000e+01  2.9821485647800605
   2.5190000e+01  2.9526997302800604
   2.5200000e+01  2.9279572637800606
   2.5210000e+01  2.9060201102800605
   2.5220000e+01  2.8845751142800604
   2.5230000e+01  2.8682224782800603
   2.5240000e+01  2.86146522773006
   2.5250000e+01   2.86217787148006
   2.5260000e+01   2.86741185143006
   2.5270000e+01   2.87859197358006
   2.5280000e+01   2.8962849450800596
   2.5290000e+01   2.9176359310800595
   2.5300000e+01   2.9441465940800593
   2.5310000e+01   2.983923228580059
   2.5320000e+01   3.039929571580059
   2.5330000e+01   3.1027992755800593
   2.5340000e+01   3.1614160360800594
   2.5350000e+01   3.2148421710800594
   2.5360000e+01   3.2682776840800596
   2.5370000e+01   3.3228522835800596
   2.5380000e+01   3.3757145675800597
   2.5390000e+01   3.4264006695800595
   2.5400000e+01   3.4766905930800593
   2.5410000e+01   3.5247450350800595
   2.5420000e+01   3.5627975060800594
   2.5430000e+01   3.5800795679800594
   2.5440000e+01  3.5658879193800592
   2.5450000e+01  3.5106316423800594
   2.5460000e+01  3.4068607498800594
   2.5470000e+01  3.2518220748800593
   2.5480000e+01  3.0501375848800594
   2.5490000e+01  2.8130948648800596
   2.5500000e+01  2.5535103848800595
   2.5510000e+01  2.2812784948800595
   2.5520000e+01  2.0048055648800593
   2.5530000e+01  1.7346197598800592
   2.5540000e+01  1.4816648598800592
   2.5550000e+01  1.2518120598800593
   2.5560000e+01  1.0446707348800592
   2.5570000e+01  0.8573603848800593
   2.5580000e+01  0.6863478348800592
   2.5590000e+01  0.5259794748800593
   2.5600000e+01  0.36941580488005926
   2.5610000e+01  0.21302608988005925
   2.5620000e+01  0.05819226488005924
   2.5630000e+01  -0.09252931511994075
   2.5640000e+01  -0.24070755511994074
   2.5650000e+01  -0.3932433301199407
   2.5660000e+01  -0.5575916851199407
   2.5670000e+01  -0.7344990801199407
   2.5680000e+01  -0.9161058851199406
   2.5690000e+01  -1.0931628301199405
   2.5700000e+01  -1.2633085701199405
   2.5710000e+01  -1.4299772851199404
   2.5720000e+01  -1.5950633851199403
   2.5730000e+01  -1.7568916251199402
   2.5740000e+01  -1.9144549901199404
   2.5750000e+01  -2.0689066651199406
   2.5760000e+01  -2.2206891901199404
   2.5770000e+01  -2.3685582101199403
   2.5780000e+01  -2.5104647351199403
   2.5790000e+01  -2.64234201511994
   2.5800000e+01  -2.7587949901199402
   2.5810000e+01  -2.85914391911994
   2.5820000e+01  -2.9490998846199403
   2.5830000e+01  -3.0313744546199404
   2.5840000e+01  -3.0998571716199406
   2.5850000e+01  -3.1512052236199404
   2.5860000e+01  -3.1978982716199402
   2.5870000e+01  -3.2588945861199403
   2.5880000e+01  -3.3375588296199403
   2.5890000e+01  -3.41789081361994
