   0.0000000e+00  -0.022353875
   2.0000000e-02  -0.08091232500000001
   4.0000000e-02  -0.158942193
   6.0000000e-02  -0.24707629900000003
   8.0000000e-02  -0.321165754
   1.0000000e-01  -0.36543887
   1.2000000e-01  -0.39195369500000005
   1.4000000e-01  -0.40876862850000006
   1.6000000e-01   -0.41005111820000006
   1.8000000e-01  -0.4328233894000001
   2.0000000e-01  -0.5390535174000001
   2.2000000e-01  -0.6828597144
   2.4000000e-01  -0.8001331214
   2.6000000e-01  -0.9220092654
   2.8000000e-01  -1.0925168454
   3.0000000e-01  -1.2521500194000001
   3.2000000e-01   -1.2496932624000001
   3.4000000e-01   -1.0102242814000002
   3.6000000e-01   -0.5937129114000002
   3.8000000e-01   -0.18955044140000016
   4.0000000e-01  -0.03403460370000014
   4.2000000e-01  -0.19670924600000012
   4.4000000e-01  -0.4941247260000001
   4.6000000e-01  -0.6736999840000001
   4.8000000e-01   -0.7031821380000001
   5.0000000e-01   -0.671321307
   5.2000000e-01   -0.6024640480000001
   5.4000000e-01   -0.5007799980000001
   5.6000000e-01   -0.38332346500000003
   5.8000000e-01   -0.19499582000000004
   6.0000000e-01   0.13487637999999996
   6.2000000e-01   0.427454234
   6.4000000e-01  0.377605148
   6.6000000e-01  -0.01034932200000005
   6.8000000e-01  -0.5407675120000001
   7.0000000e-01  -1.0249821220000002
   7.2000000e-01   -0.9470537520000002
   7.4000000e-01   -0.23851262200000023
   7.6000000e-01   0.3443114779999997
   7.8000000e-01  0.3974501619999997
   8.0000000e-01  0.11736732599999972
   8.2000000e-01  -0.24674398400000025
   8.4000000e-01  -0.5545871840000003
   8.6000000e-01   -0.6315315800000003
   8.8000000e-01   -0.4185276760000003
   9.0000000e-01   -0.12558278600000028
   9.2000000e-01   0.07861882899999972
   9.4000000e-01   0.35416823399999975
   9.6000000e-01   0.7745017039999997
   9.8000000e-01   1.1164847439999996
   1.0000000e+00   1.2421516046999996
   1.0200000e+00  1.1078243653999995
   1.0400000e+00  0.6475936253999994
   1.0600000e+00  0.052343515399999374
   1.0800000e+00   -0.14512334460000065
   1.1000000e+00   0.09589312539999936
   1.1200000e+00   0.37409844539999937
   1.1400000e+00   0.5542668303999994
   1.1600000e+00   0.6615278343999994
   1.1800000e+00   0.7283069713999994
   1.2000000e+00   0.7840367733999994
   1.2200000e+00   0.9704163773999994
   1.2400000e+00   1.2363834573999994
   1.2600000e+00  1.2739200213999995
   1.2800000e+00  0.9737984353999996
   1.3000000e+00  0.6195484053999996
   1.3200000e+00   0.5827928433999996
   1.3400000e+00   0.8859749913999996
   1.3600000e+00   1.4229137713999995
   1.3800000e+00   2.0634615913999994
   1.4000000e+00   2.5892163513999993
   1.4200000e+00  2.7872659393999992
   1.4400000e+00  2.681466630399999
   1.4600000e+00  2.453472493399999
   1.4800000e+00  2.1795636733999992
   1.5000000e+00  1.9566030883999992
   1.5200000e+00  1.774458613399999
   1.5400000e+00  1.571913143399999
   1.5600000e+00  1.429327066399999
   1.5800000e+00   1.393056851199999
   1.6000000e+00   1.4749326209999991
   1.6200000e+00   1.726773158999999
   1.6400000e+00   1.9239971239999991
   1.6600000e+00  1.7950332189999991
   1.6800000e+00  1.4400432989999992
   1.7000000e+00   1.3545156889999992
   1.7200000e+00   2.0076405889999993
   1.7400000e+00   3.1038341789999997
   1.7600000e+00   3.983955579
   1.7800000e+00  4.2919433179999995
   1.8000000e+00  4.119798836999999
   1.8200000e+00  3.5499049569999994
   1.8400000e+00  2.5968382869999993
   1.8600000e+00  1.8349405769999994
   1.8800000e+00   1.8412351069999993
   1.9000000e+00   2.2819606069999994
   1.9200000e+00   2.6708318969999993
   1.9400000e+00   2.9002970229999994
   1.9600000e+00   3.0032467249999995
   1.9800000e+00   3.1074476509999993
   2.0000000e+00  3.1573926996999995
   2.0200000e+00   3.2379997303999994
   2.0400000e+00   3.3377053573999995
   2.0600000e+00  3.1142187323999995
   2.0800000e+00  2.3483666023999996
   2.1000000e+00  1.5078823823999996
   2.1200000e+00   1.3934493523999996
   2.1400000e+00   2.1088968623999995
   2.1600000e+00   3.0382454223999993
   2.1800000e+00   3.6842039623999994
   2.2000000e+00   3.9718881453999995
   2.2200000e+00  3.536271428399999
   2.2400000e+00  2.1570667483999992
   2.2600000e+00  0.609124618399999
   2.2800000e+00  -0.16872547160000106
   2.3000000e+00   -0.09995891160000106
   2.3200000e+00   0.403916278399999
   2.3400000e+00   1.212562048399999
   2.3600000e+00   2.347169068399999
   2.3800000e+00   3.451919518399999
   2.4000000e+00   4.270719408399999
   2.4200000e+00   4.875024568399999
   2.4400000e+00   5.3490063883999985
   2.4600000e+00  5.514090193399999
   2.4800000e+00  5.146737338399999
   2.5000000e+00  4.306444968399998
   2.5200000e+00  3.1156692583999983
   2.5400000e+00  2.030476478399998
   2.5600000e+00  1.378142898399998
   2.5800000e+00  1.0182922283999978
   2.6000000e+00  0.7643427083999978
   2.6200000e+00   0.6522952563999979
   2.6400000e+00   1.020603674399998
   2.6600000e+00   2.017929364399998
   2.6800000e+00   3.260255974399998
   2.7000000e+00   4.376676314399997
   2.7200000e+00   5.320474424399997
   2.7400000e+00   6.256942264399997
   2.7600000e+00   7.422482974399997
   2.7800000e+00   8.785936884399996
   2.8000000e+00   9.989422384399996
   2.8200000e+00  10.315566994399996
   2.8400000e+00  9.599268574399996
   2.8600000e+00  8.358923194399996
   2.8800000e+00  6.847231954399995
   2.9000000e+00  5.277448154399995
   2.9200000e+00  4.032613244399995
   2.9400000e+00   3.759004034399995
   2.9600000e+00   4.531403914399995
   2.9800000e+00   5.902872114399995
   3.0000000e+00   7.459442094399995
   3.0200000e+00   8.687604154399995
   3.0400000e+00   9.641034464399995
   3.0600000e+00   10.314286664399996
   3.0800000e+00   10.719756664399995
   3.1000000e+00   11.087485694399994
   3.1200000e+00   11.444797134399995
   3.1400000e+00   11.681921408399994
   3.1600000e+00  11.672831510399995
   3.1800000e+00  11.380775158399995
   3.2000000e+00  10.763737168399995
   3.2200000e+00  9.889337148399996
   3.2400000e+00  8.716218198399996
   3.2600000e+00  6.991296098399996
   3.2800000e+00  4.977496908399996
   3.3000000e+00  3.8889717383999955
   3.3200000e+00   4.226935378399996
   3.3400000e+00   5.336732378399995
   3.3600000e+00   6.501998088399995
   3.3800000e+00   7.353592458399995
   3.4000000e+00   7.812866208399996
   3.4200000e+00  7.848532547399995
   3.4400000e+00  7.6628404063999955
   3.4600000e+00  7.465281639399995
   3.4800000e+00  7.124249622399995
   3.5000000e+00  6.512889022399995
   3.5200000e+00  5.761635262399995
   3.5400000e+00  5.017121602399995
   3.5600000e+00  4.324931152399995
   3.5800000e+00  3.538894122399995
   3.6000000e+00  2.169164552399995
   3.6200000e+00  -0.2954369576000051
   3.6400000e+00  -3.8095197576000053
   3.6600000e+00  -8.061072357600006
   3.6800000e+00  -12.878195757600007
   3.7000000e+00  -18.135934657600007
   3.7200000e+00  -23.85728875760001
   3.7400000e+00  -30.26811645760001
   3.7600000e+00  -37.61854275760001
   3.7800000e+00  -45.78502235760001
   3.8000000e+00  -54.26637215760002
   3.8200000e+00  -62.28459585760002
   3.8400000e+00  -68.71429395760002
   3.8600000e+00  -72.94095485760002
   3.8800000e+00  -75.10891093760002
   3.9000000e+00   -75.50132047760002
   3.9200000e+00   -74.46432497760001
   3.9400000e+00   -72.70638929760001
   3.9600000e+00   -71.09921857760001
   3.9800000e+00   -70.23235168760002
   4.0000000e+00  -70.24351236760002
   4.0200000e+00   -70.23084570760003
   4.0400000e+00   -68.80687057760002
   4.0600000e+00   -65.47841327760003
   4.0800000e+00   -60.58811617760003
   4.1000000e+00   -55.396290377600025
   4.1200000e+00   -51.692191977600025
   4.1400000e+00   -50.23766877760003
   4.1600000e+00  -50.49575359760003
   4.1800000e+00  -51.46210098760003
   4.2000000e+00  -52.76910982760003
   4.2200000e+00  -53.92630682760003
   4.2400000e+00   -53.16296105760003
   4.2600000e+00   -49.27407315760003
   4.2800000e+00   -42.417305157600026
   4.3000000e+00   -32.664304457600025
   4.3200000e+00   -20.663344957600025
   4.3400000e+00   -8.375368257600025
   4.3600000e+00   2.499391942399976
   4.3800000e+00   12.136281442399977
   4.4000000e+00   19.438439642399977
   4.4200000e+00  21.723375562399976
   4.4400000e+00  19.148801182399975
   4.4600000e+00  13.330459282399975
   4.4800000e+00  5.865076282399976
   4.5000000e+00  -1.1644618176000243
   4.5200000e+00  -5.228323357600024
   4.5400000e+00   -5.235946127600024
   4.5600000e+00   -2.219798857600024
   4.5800000e+00   2.472020442399976
   4.6000000e+00   7.782236642399976
   4.6200000e+00   12.798309442399976
   4.6400000e+00   17.418412042399975
   4.6600000e+00   21.927362442399975
   4.6800000e+00   25.471389442399975
   4.7000000e+00   28.011217042399974
   4.7200000e+00   30.108731502399973
   4.7400000e+00   32.07325126239997
   4.7600000e+00   34.17543896239997
   4.7800000e+00   36.20624309239997
   4.8000000e+00   38.190220522399976
   4.8200000e+00   40.41802722239998
   4.8400000e+00   43.23859752239998
   4.8600000e+00   46.666852822399974
   4.8800000e+00   50.444377622399976
   4.9000000e+00   54.07182022239998
   4.9200000e+00   57.32282432239998
   4.9400000e+00   60.03092902239998
   4.9600000e+00   61.33957898239998
   4.9800000e+00  61.12081664239998
   5.0000000e+00  59.10524284239998
   5.0200000e+00  54.34915104239998
   5.0400000e+00  46.88182364239998
   5.0600000e+00  37.36786464239998
   5.0800000e+00  26.75209464239998
   5.1000000e+00  15.75456104239998
   5.1200000e+00  4.9245430423999785
   5.1400000e+00  -5.26420815760002
   5.1600000e+00  -14.83845425760002
   5.1800000e+00  -23.89175065760002
   5.2000000e+00  -32.19331935760002
   5.2200000e+00  -39.51931755760002
   5.2400000e+00  -46.09625255760002
   5.2600000e+00  -52.044682757600015
   5.2800000e+00  -57.11875495760002
   5.3000000e+00  -61.06982905760002
   5.3200000e+00  -63.67676958760002
   5.3400000e+00   -64.28525933760002
   5.3600000e+00   -61.26468105760002
   5.3800000e+00   -53.01282575760003
   5.4000000e+00   -40.718367557600025
   5.4200000e+00   -28.011728657600024
   5.4400000e+00   -16.679970657600023
   5.4600000e+00   -6.125283757600023
   5.4800000e+00   4.030180242399977
   5.5000000e+00   13.973074842399978
   5.5200000e+00   23.84495074239998
   5.5400000e+00   33.50723894239998
   5.5600000e+00   43.07655614239998
   5.5800000e+00   52.49713404239998
   5.6000000e+00   61.76525794239998
   5.6200000e+00   70.84776804239998
   5.6400000e+00   78.43552974239998
   5.6600000e+00   83.60216694239998
   5.6800000e+00   86.33307149239998
   5.7000000e+00  86.53021314239999
   5.7200000e+00  84.68150324239998
   5.7400000e+00  80.52296574239999
   5.7600000e+00  72.91810784239999
   5.7800000e+00  62.17771254239999
   5.8000000e+00  50.623582342399985
   5.8200000e+00  40.874970542399986
   5.8400000e+00  35.06053124239999
   5.8600000e+00   33.92440273239999
   5.8800000e+00   36.02581172239999
   5.9000000e+00   39.445279022399994
   5.9200000e+00   42.457964822399994
   5.9400000e+00   43.65139300639999
   5.9600000e+00  42.550786090399995
   5.9800000e+00  39.0662725904
   6.0000000e+00  33.649000690399994
   6.0200000e+00  27.69215739039999
   6.0400000e+00  22.070260890399993
   6.0600000e+00  16.862525890399994
   6.0800000e+00  11.616490390399992
   6.1000000e+00  5.655244790399992
   6.1200000e+00  -0.4282517096000076
   6.1400000e+00  -4.676908009600008
   6.1600000e+00   -6.009048070600008
   6.1800000e+00   -5.106470581600007
   6.2000000e+00   -2.725392731600007
   6.2200000e+00   0.6883067683999933
   6.2400000e+00   4.593433168399994
   6.2600000e+00   8.015274868399993
   6.2800000e+00   9.821186928399994
   6.3000000e+00  9.545692278399994
   6.3200000e+00  7.197641668399994
   6.3400000e+00  3.877573568399994
   6.3600000e+00  1.750555348399994
   6.3800000e+00   1.982006008399994
   6.4000000e+00   4.373422588399994
   6.4200000e+00   7.5926214883999945
   6.4400000e+00   9.889417608399995
   6.4600000e+00   10.865133398399996
   6.4800000e+00  10.788035188399995
   6.5000000e+00  9.494806648399996
   6.5200000e+00  7.068058688399995
   6.5400000e+00  3.982754988399995
   6.5600000e+00  0.5445413883999946
   6.5800000e+00  -3.1125431116000053
   6.6000000e+00  -6.663320611600006
   6.6200000e+00  -9.363361111600007
   6.6400000e+00  -10.485626071600008
   6.6600000e+00   -9.745604051600008
   6.6800000e+00   -7.4297302716000075
   6.7000000e+00   -4.172735271600008
   6.7200000e+00   -0.4645261716000073
   6.7400000e+00   3.250653428399993
   6.7600000e+00   6.621641928399993
   6.7800000e+00   9.500794928399992
   6.8000000e+00   11.686184668399992
   6.8200000e+00   13.030315058399992
   6.8400000e+00  13.201037418399991
   6.8600000e+00  11.59410792839999
   6.8800000e+00  8.758841728399991
   6.9000000e+00  6.123282828399992
   6.9200000e+00  4.261910918399992
   6.9400000e+00  3.186503988399992
   6.9600000e+00   3.265372428399992
   6.9800000e+00   4.916082588399992
   7.0000000e+00   7.618008888399992
   7.0200000e+00   10.807958688399992
   7.0400000e+00   14.319733588399993
   7.0600000e+00   17.766121788399992
   7.0800000e+00   20.94692008839999
   7.1000000e+00   23.582452388399993
   7.1200000e+00   24.92374733839999
   7.1400000e+00  24.45209325839999
   7.1600000e+00  22.59253992839999
   7.1800000e+00  19.91771042839999
   7.2000000e+00  16.77705902839999
   7.2200000e+00  13.686044028399989
   7.2400000e+00  11.18580282839999
   7.2600000e+00  9.280372248399988
   7.2800000e+00  7.369947868399988
   7.3000000e+00  4.773677868399988
   7.3200000e+00  1.282985968399987
   7.3400000e+00  -2.640334031600013
   7.3600000e+00  -6.399383531600012
   7.3800000e+00  -9.320396331600012
   7.4000000e+00  -10.785462881600012
   7.4200000e+00   -10.903383821600011
   7.4400000e+00   -10.586949361600011
   7.4600000e+00  -11.017802251600012
   7.4800000e+00  -12.679021591600012
   7.5000000e+00  -14.971171691600013
   7.5200000e+00  -17.23436749160001
   7.5400000e+00  -18.93920613160001
   7.5600000e+00   -19.50196367160001
   7.5800000e+00   -18.97162924160001
   7.6000000e+00   -18.08396673160001
   7.6200000e+00   -17.615931842600013
   7.6400000e+00  -17.950149153600012
   7.6600000e+00  -19.132206123600014
   7.6800000e+00  -21.044403073600012
   7.7000000e+00  -23.451061673600012
   7.7200000e+00  -26.00001387360001
   7.7400000e+00  -28.36258817360001
   7.7600000e+00  -30.36766826360001
   7.7800000e+00  -32.02422794360001
   7.8000000e+00  -33.28837604360001
   7.8200000e+00  -34.03195471360001
   7.8400000e+00  -34.39430329360001
   7.8600000e+00  -34.566983167600014
   7.8800000e+00   -34.40230213160002
   7.9000000e+00   -33.82817107160002
   7.9200000e+00   -33.13256680160002
   7.9400000e+00   -32.61917744160002
   7.9600000e+00  -32.571282861600025
   7.9800000e+00  -33.251076761600025
   8.0000000e+00  -34.59220159160002
   8.0200000e+00  -36.32364784160002
   8.0400000e+00  -38.14464737160002
   8.0600000e+00  -39.458960081600026
   8.0800000e+00   -39.729124471600024
   8.1000000e+00   -38.788564031600025
   8.1200000e+00   -36.548761921600025
   8.1400000e+00   -33.016222321600026
   8.1600000e+00   -28.717751021600026
   8.1800000e+00   -24.519096221600027
   8.2000000e+00   -21.144678521600028
   8.2200000e+00   -19.505468231600027
   8.2400000e+00  -19.826532911600026
   8.2600000e+00  -21.275662931600024
   8.2800000e+00  -23.088920311600024
   8.3000000e+00  -24.503428221600025
   8.3200000e+00   -24.758468601600025
   8.3400000e+00   -23.449598001600027
   8.3600000e+00   -20.794614401600025
   8.3800000e+00   -17.689629001600025
   8.4000000e+00   -14.691580601600025
   8.4200000e+00   -11.715272601600024
   8.4400000e+00   -8.628221301600023
   8.4600000e+00   -5.084534601600023
   8.4800000e+00   -0.847280401600023
   8.5000000e+00   3.9500678983999773
   8.5200000e+00   9.182233198399977
   8.5400000e+00   14.620249898399978
   8.5600000e+00   19.827783698399976
   8.5800000e+00   23.737340898399978
   8.6000000e+00   25.347405828399978
   8.6200000e+00  25.032406818399977
   8.6400000e+00  23.459074678399976
   8.6600000e+00  20.719341378399974
   8.6800000e+00  16.856314978399976
   8.7000000e+00  12.250821678399976
   8.7200000e+00  7.531737378399977
   8.7400000e+00  2.8927968783999765
   8.7600000e+00  -2.446185721600023
   8.7800000e+00  -8.504078021600023
   8.8000000e+00  -13.867741921600024
   8.8200000e+00  -17.394086721600022
   8.8400000e+00   -18.50512526260002
   8.8600000e+00   -17.954807023600022
   8.8800000e+00   -16.61212149360002
   8.9000000e+00   -14.687291843600022
   8.9200000e+00   -12.288701843600021
   8.9400000e+00   -9.11919944360002
   8.9600000e+00   -5.131202243600021
   8.9800000e+00   -0.4583660436000203
   9.0000000e+00   4.73613305639998
   9.0200000e+00   10.41830005639998
   9.0400000e+00   16.46575415639998
   9.0600000e+00   22.72913245639998
   9.0800000e+00   29.10769675639998
   9.1000000e+00   35.00941255639998
   9.1200000e+00   38.52787010639998
   9.1400000e+00  38.44354791639998
   9.1600000e+00  35.83961487639998
   9.1800000e+00  31.48028097639998
   9.2000000e+00  25.47191307639998
   9.2200000e+00  18.281449376399976
   9.2400000e+00  10.779172376399977
   9.2600000e+00  3.269185576399977
   9.2800000e+00  -3.898644923600023
   9.3000000e+00  -9.274510923600022
   9.3200000e+00  -12.766961923600022
   9.3400000e+00  -14.996222883600021
   9.3600000e+00  -16.08257235360002
   9.3800000e+00  -16.39794622470002
   9.4000000e+00   -16.187840555800022
   9.4200000e+00   -15.551191575800022
   9.4400000e+00   -14.322454145800021
   9.4600000e+00   -12.371485865800022
   9.4800000e+00   -9.929750365800022
   9.5000000e+00   -7.540771265800021
   9.5200000e+00   -5.674991165800021
   9.5400000e+00   -4.517583465800021
   9.5600000e+00   -4.01399398580002
   9.5800000e+00  -4.092610975800021
   9.6000000e+00  -4.510727275800021
   9.6200000e+00  -4.830769357800021
   9.6400000e+00   -4.839418507800021
   9.6600000e+00   -4.649109871800021
   9.6800000e+00   -4.541217291300021
   9.7000000e+00  -4.710634234800021
   9.7200000e+00  -5.266672844800021
   9.7400000e+00  -6.05647212480002
   9.7600000e+00  -6.83532070480002
   9.7800000e+00  -7.556646564800021
   9.8000000e+00  -8.34791594480002
   9.8200000e+00  -9.32058744480002
   9.8400000e+00  -10.42424528480002
   9.8600000e+00  -11.28572149480002
   9.8800000e+00   -11.41265170480002
   9.9000000e+00   -10.58101576480002
   9.9200000e+00   -8.91410634480002
   9.9400000e+00   -6.81655214480002
   9.9600000e+00   -4.692427744800019
   9.9800000e+00   -2.7610501148000193
   1.0000000e+01   -1.0898825248000192
   1.0020000e+01   0.31760879519998086
   1.0040000e+01   1.4676039951999809
   1.0060000e+01   2.5151499151999808
   1.0080000e+01   3.671489925199981
   1.0100000e+01   4.918596715199981
   1.0120000e+01   6.023966415199981
   1.0140000e+01   6.704736485199981
   1.0160000e+01  6.855085965199981
   1.0180000e+01  6.6502137751999815
   1.0200000e+01  6.378918595199981
   1.0220000e+01   6.278333258199981
   1.0240000e+01   6.429035521199982
   1.0260000e+01   6.718392361199982
   1.0280000e+01   6.948058368199981
   1.0300000e+01  6.990179677199981
   1.0320000e+01  6.942490367199981
   1.0340000e+01   7.040307075199981
   1.0360000e+01   7.446382865199981
   1.0380000e+01   8.13157983519998
   1.0400000e+01   8.94668509519998
   1.0420000e+01   9.70229066519998
   1.0440000e+01   10.20196168519998
   1.0460000e+01  10.35524466219998
   1.0480000e+01  10.24175932919998
   1.0500000e+01  10.01230840919998
   1.0520000e+01  9.84190393919998
   1.0540000e+01   9.88972116619998
   1.0560000e+01   10.21030761319998
   1.0580000e+01   10.71882196319998
   1.0600000e+01   11.25456320319998
   1.0620000e+01   11.714187923199981
   1.0640000e+01   12.067806023199982
   1.0660000e+01   12.312955737199982
   1.0680000e+01   12.471452253199981
   1.0700000e+01   12.596905720199981
   1.0720000e+01   12.687104106199982
   1.0740000e+01  12.653847658199982
   1.0760000e+01  12.410330409199982
   1.0780000e+01  11.919461769199982
   1.0800000e+01  11.210666449199982
   1.0820000e+01  10.407568839199982
   1.0840000e+01  9.644552229199983
   1.0860000e+01  9.062320279199982
   1.0880000e+01  8.769065353199982
   1.0900000e+01   8.718953230199983
   1.0920000e+01  8.727520235199982
   1.0940000e+01  8.627593064199983
   1.0960000e+01  8.358405031199982
   1.0980000e+01  7.956292681199982
   1.1000000e+01  7.529636681199982
   1.1020000e+01  7.132392781199981
   1.1040000e+01  6.739662751199981
   1.1060000e+01  6.299080971199982
   1.1080000e+01  5.7613830611999814
   1.1100000e+01  5.0523451211999815
   1.1120000e+01  4.117509361199981
   1.1140000e+01  3.043526911199981
   1.1160000e+01  2.1233328211999813
   1.1180000e+01  1.6904339581999812
   1.1200000e+01   1.7140765051999811
   1.1220000e+01   1.878176835199981
   1.1240000e+01  1.866736695199981
   1.1260000e+01  1.450917865199981
   1.1280000e+01  0.6005925551999809
   1.1300000e+01  -0.5411365348000192
   1.1320000e+01  -1.7211449948000193
   1.1340000e+01  -2.6666418448000195
   1.1360000e+01  -3.2086275148000194
   1.1380000e+01  -3.4411528418000192
   1.1400000e+01  -3.6135961998000194
   1.1420000e+01  -3.9519124708000195
   1.1440000e+01  -4.69117749080002
   1.1460000e+01  -5.94526037080002
   1.1480000e+01  -7.70122766080002
   1.1500000e+01  -9.88749766080002
   1.1520000e+01  -12.34503856080002
   1.1540000e+01  -14.92194196080002
   1.1560000e+01  -17.49701926080002
   1.1580000e+01  -19.94670496080002
   1.1600000e+01  -22.08433083080002
   1.1620000e+01  -23.612180580800022
   1.1640000e+01  -24.34879968080002
   1.1660000e+01   -24.38293024080002
   1.1680000e+01   -23.986951680800022
   1.1700000e+01   -23.41403862080002
   1.1720000e+01   -22.81949890080002
   1.1740000e+01   -22.315488970800022
   1.1760000e+01   -21.941468520800022
   1.1780000e+01   -21.641966920800023
   1.1800000e+01   -21.294765320800025
   1.1820000e+01   -20.816182560800026
   1.1840000e+01   -20.213989540800025
   1.1860000e+01   -19.561524120800026
   1.1880000e+01   -18.902237800800027
   1.1900000e+01   -18.248425740800027
   1.1920000e+01   -17.621637300800028
   1.1940000e+01   -17.02750362080003
   1.1960000e+01   -16.45993795080003
   1.1980000e+01   -15.914980300800028
   1.2000000e+01   -15.385670180800028
   1.2020000e+01   -14.842370490800029
   1.2040000e+01   -14.212844290800028
   1.2060000e+01   -13.425231700800028
   1.2080000e+01   -12.475673810800028
   1.2100000e+01   -11.390237370800028
   1.2120000e+01   -10.230700010800028
   1.2140000e+01   -9.027286780800027
   1.2160000e+01   -7.771787340800027
   1.2180000e+01   -6.507547370800027
   1.2200000e+01   -5.3630860308000265
   1.2220000e+01   -4.478101350800026
   1.2240000e+01   -3.8532401408000263
   1.2260000e+01   -3.357181120800026
   1.2280000e+01   -2.7973921108000264
   1.2300000e+01   -1.9766819708000263
   1.2320000e+01   -0.7745294408000263
   1.2340000e+01   0.7599390091999738
   1.2360000e+01   2.4663945391999738
   1.2380000e+01   4.183212029199973
   1.2400000e+01   5.8265939791999735
   1.2420000e+01   7.405178559199973
   1.2440000e+01   8.956356619199973
   1.2460000e+01   10.538952299199973
   1.2480000e+01   12.204100199199974
   1.2500000e+01   13.969630209199973
   1.2520000e+01   15.785151479199973
   1.2540000e+01   17.454164179199974
   1.2560000e+01   18.532366229199976
   1.2580000e+01  18.685445219199977
   1.2600000e+01  18.156061729199976
   1.2620000e+01  17.354289629199975
   1.2640000e+01  16.514812859199974
   1.2660000e+01  15.786007119199974
   1.2680000e+01  15.224473429199975
   1.2700000e+01  14.819328499199974
   1.2720000e+01  14.501463319199974
   1.2740000e+01  14.157063219199975
   1.2760000e+01  13.694724099199975
   1.2780000e+01  13.108221309199976
   1.2800000e+01  12.401907739199975
   1.2820000e+01  11.558192929199976
   1.2840000e+01  10.557456459199976
   1.2860000e+01  9.396910399199976
   1.2880000e+01  8.138003339199976
   1.2900000e+01  6.869274369199976
   1.2920000e+01  5.655428229199976
   1.2940000e+01  4.4978226991999755
   1.2960000e+01  3.3501816791999754
   1.2980000e+01  2.1286208991999755
   1.3000000e+01  0.7658676091999754
   1.3020000e+01  -0.7332376808000245
   1.3040000e+01  -2.3459406508000242
   1.3060000e+01  -3.969618830800024
   1.3080000e+01  -5.428469380800024
   1.3100000e+01  -6.610586960800024
   1.3120000e+01  -7.518296680800024
   1.3140000e+01  -8.241604070800024
   1.3160000e+01  -8.881192120800025
   1.3180000e+01  -9.470598210800025
   1.3200000e+01  -9.943945060800026
   1.3220000e+01  -10.212052927800025
   1.3240000e+01   -10.227873994800024
   1.3260000e+01   -9.972836784800025
   1.3280000e+01   -9.467779984800025
   1.3300000e+01   -8.784256354800025
   1.3320000e+01   -8.026698994800025
   1.3340000e+01   -7.289916064800025
   1.3360000e+01   -6.6409644748000245
   1.3380000e+01   -6.129236144800025
   1.3400000e+01   -5.749754144800025
   1.3420000e+01   -5.441223744800025
   1.3440000e+01   -5.141473234800025
   1.3460000e+01   -4.828329534800025
   1.3480000e+01   -4.5104795948000245
   1.3500000e+01   -4.223128054800024
   1.3520000e+01   -4.036004788800024
   1.3540000e+01  -3.9829736319000237
   1.3560000e+01  -4.028802499000024
   1.3580000e+01  -4.106989682000024
   1.3600000e+01  -4.148159675900024
   1.3620000e+01   -4.086358822800023
   1.3640000e+01   -3.9257952148000235
   1.3660000e+01   -3.7242494188000235
   1.3680000e+01   -3.4486451488000234
   1.3700000e+01   -3.0067043288000233
   1.3720000e+01   -2.320056568800023
   1.3740000e+01   -1.383243538800023
   1.3760000e+01   -0.27592300880002285
   1.3780000e+01   0.9016420111999772
   1.3800000e+01   2.0278966811999775
   1.3820000e+01   2.9790892311999775
   1.3840000e+01   3.703173491199977
   1.3860000e+01   4.251913001199977
   1.3880000e+01   4.746749881199977
   1.3900000e+01   5.322018021199978
   1.3920000e+01   6.050775831199978
   1.3940000e+01   6.927757541199978
   1.3960000e+01   7.891235111199978
   1.3980000e+01   8.831060881199978
   1.4000000e+01   9.642051071199978
   1.4020000e+01   10.283572061199978
   1.4040000e+01   10.718284491199977
   1.4060000e+01   10.911189005199978
   1.4080000e+01  10.868049400199977
   1.4100000e+01  10.627880441199977
   1.4120000e+01  10.253676351199978
   1.4140000e+01  9.795005111199979
   1.4160000e+01  9.327445581199978
   1.4180000e+01  8.971223631199978
   1.4200000e+01   8.847434987199978
   1.4220000e+01   9.015257363199979
   1.4240000e+01   9.457259973199978
   1.4260000e+01   10.107269103199979
   1.4280000e+01   10.87376925319998
   1.4300000e+01   11.64546535319998
   1.4320000e+01   12.28082018319998
   1.4340000e+01   12.60088396119998
   1.4360000e+01  12.47471011919998
   1.4380000e+01  11.94721353919998
   1.4400000e+01  11.12359360919998
   1.4420000e+01  10.08494867919998
   1.4440000e+01  8.95150337919998
   1.4460000e+01  7.913853609199981
   1.4480000e+01  7.14765518919998
   1.4500000e+01  6.65776683919998
   1.4520000e+01  6.351307009199981
   1.4540000e+01  6.14077645119998
   1.4560000e+01  5.98624713819998
   1.4580000e+01  5.90173959419998
   1.4600000e+01   5.89237049219998
   1.4620000e+01   5.94647528719998
   1.4640000e+01   6.02187811719998
   1.4660000e+01   6.066065263999979
   1.4680000e+01   6.099236777799979
   1.4700000e+01   6.204558998799979
   1.4720000e+01   6.439693270799979
   1.4740000e+01   6.813073720799979
   1.4760000e+01   7.291739570799979
   1.4780000e+01   7.805529570799979
   1.4800000e+01   8.23736232079998
   1.4820000e+01   8.44070416779998
   1.4840000e+01  8.31825316479998
   1.4860000e+01  7.86266623479998
   1.4880000e+01  7.14803422479998
   1.4900000e+01  6.31003308479998
   1.4920000e+01  5.52621765479998
   1.4940000e+01  4.961110264799981
   1.4960000e+01  4.68263429679998
   1.4980000e+01   4.64589378779998
   1.5000000e+01   4.75523086879998
   1.5020000e+01   4.91530132179998
   1.5040000e+01   5.04527013979998
   1.5060000e+01   5.11095161679998
   1.5080000e+01  5.10880269279998
   1.5100000e+01  5.02408348979998
   1.5120000e+01  4.82595544079998
   1.5140000e+01  4.42835499079998
   1.5160000e+01  3.7251982607999805
   1.5180000e+01  2.7538138307999804
   1.5200000e+01  1.6829825807999805
   1.5220000e+01  0.6911188607999804
   1.5240000e+01  -0.04813330920001968
   1.5260000e+01  -0.4482941692000197
   1.5280000e+01   -0.5622887610000197
   1.5300000e+01   -0.4981915948000197
   1.5320000e+01   -0.36210160780001965
   1.5340000e+01   -0.22603421080001967
   1.5360000e+01   -0.14141546980001968
   1.5380000e+01  -0.21022437980001968
   1.5400000e+01  -0.5300082028000197
   1.5420000e+01  -1.1231327228000199
   1.5440000e+01  -1.9665436128000198
   1.5460000e+01  -2.93559528280002
   1.5480000e+01  -3.81047934280002
   1.5500000e+01  -4.44062514280002
   1.5520000e+01  -4.838259772800019
   1.5540000e+01  -5.134257402800019
   1.5560000e+01  -5.469415352800019
   1.5580000e+01  -5.899794422800019
   1.5600000e+01  -6.398174452800019
   1.5620000e+01  -6.892385622800019
   1.5640000e+01  -7.2677206028000185
   1.5660000e+01  -7.413948878900019
   1.5680000e+01   -7.275174895000019
   1.5700000e+01   -6.876099465000019
   1.5720000e+01   -6.257159145000019
   1.5740000e+01   -5.411929675000019
   1.5760000e+01   -4.333767285000019
   1.5780000e+01   -3.057565035000019
   1.5800000e+01   -1.674303005000019
   1.5820000e+01   -0.32315324500001874
   1.5840000e+01   0.8397614549999812
   1.5860000e+01   1.6873986849999811
   1.5880000e+01   2.124180964999981
   1.5900000e+01  2.162064902999981
   1.5920000e+01  1.973505820999981
   1.5940000e+01  1.751670040999981
   1.5960000e+01   1.653960267499981
   1.5980000e+01   1.802002643999981
   1.6000000e+01   2.189685393999981
   1.6020000e+01   2.665261143999981
   1.6040000e+01   3.022936203999981
   1.6060000e+01  3.0748722389999807
   1.6080000e+01  2.716474993999981
   1.6100000e+01  1.9886113239999808
   1.6120000e+01  1.0357698939999809
   1.6140000e+01  0.10369618399998093
   1.6160000e+01  -0.579039896000019
   1.6180000e+01  -0.977421966000019
   1.6200000e+01  -1.189948192000019
   1.6220000e+01  -1.327635563000019
   1.6240000e+01  -1.487000550000019
   1.6260000e+01  -1.684848552000019
   1.6280000e+01  -1.8275504150000188
   1.6300000e+01   -1.8391968050000187
   1.6320000e+01   -1.7153376000000187
   1.6340000e+01   -1.5233961630000188
   1.6360000e+01   -1.3595966340000187
   1.6380000e+01  -1.2961977987000188
   1.6400000e+01  -1.3380909844000188
   1.6420000e+01  -1.431333422400019
   1.6440000e+01  -1.522978422400019
   1.6460000e+01   -1.5554737449000189
   1.6480000e+01   -1.4659917104000189
   1.6500000e+01   -1.2319719424000188
   1.6520000e+01   -0.8840974924000189
   1.6540000e+01   -0.4775321524000189
   1.6560000e+01   -0.08155819240001883
   1.6580000e+01   0.2220793775999812
   1.6600000e+01   0.3894421435999812
   1.6620000e+01   0.4453581048999812
   1.6640000e+01  0.43041821819998116
   1.6660000e+01  0.3759716131999812
   1.6680000e+01  0.29882554219998114
   1.6700000e+01  0.23241848619998112
   1.6720000e+01   0.23913690619998113
   1.6740000e+01   0.3800536641999811
   1.6760000e+01   0.6378166541999811
   1.6780000e+01   0.965323464199981
   1.6800000e+01   1.352325454199981
   1.6820000e+01   1.755852194199981
   1.6840000e+01   2.139221924199981
   1.6860000e+01   2.509083884199981
   1.6880000e+01   2.8810769041999813
   1.6900000e+01   3.234704364199981
   1.6920000e+01   3.529181514199981
   1.6940000e+01   3.734771863199981
   1.6960000e+01   3.841016258199981
   1.6980000e+01  3.858208909199981
   1.7000000e+01  3.718700574199981
   1.7020000e+01  3.329002834199981
   1.7040000e+01  2.674354854199981
   1.7060000e+01  1.772813444199981
   1.7080000e+01  0.727921414199981
   1.7100000e+01  -0.24687377580001912
   1.7120000e+01  -0.9484705858000192
   1.7140000e+01  -1.3174695858000192
   1.7160000e+01  -1.437003125800019
   1.7180000e+01  -1.467005668800019
   1.7200000e+01  -1.531958162800019
   1.7220000e+01  -1.628730790800019
   1.7240000e+01   -1.665337225800019
   1.7260000e+01   -1.528076573800019
   1.7280000e+01   -1.179359243800019
   1.7300000e+01   -0.6831824438000191
   1.7320000e+01   -0.19349401380001913
   1.7340000e+01   0.06642642919998087
   1.7360000e+01  -0.10133961780001913
   1.7380000e+01  -0.7092329478000191
   1.7400000e+01  -1.588195597800019
   1.7420000e+01  -2.572226377800019
   1.7440000e+01  -3.532077477800019
   1.7460000e+01  -4.379492467800019
   1.7480000e+01  -5.076420407800019
   1.7500000e+01  -5.594311127800019
   1.7520000e+01  -5.897793790800018
   1.7540000e+01   -5.977130840800019
   1.7560000e+01   -5.8901684588000185
   1.7580000e+01   -5.7272749808000185
   1.7600000e+01   -5.608560985800018
   1.7620000e+01  -5.620383059800019
   1.7640000e+01  -5.746054242800018
   1.7660000e+01  -5.901884265800018
   1.7680000e+01   -5.957817987800018
   1.7700000e+01   -5.764779489800018
   1.7720000e+01   -5.237666859800019
   1.7740000e+01   -4.424457909800019
   1.7760000e+01   -3.470943359800019
   1.7780000e+01   -2.534109819800019
   1.7800000e+01   -1.723020629800019
   1.7820000e+01   -1.092778719800019
   1.7840000e+01   -0.6445085598000189
   1.7860000e+01   -0.34068344980001886
   1.7880000e+01   -0.13472085580001883
   1.7900000e+01   -0.010343782800018825
   1.7920000e+01  0.025281767399981177
   1.7940000e+01  -0.0019934754000188216
   1.7960000e+01  -0.07532840140001881
   1.7980000e+01  -0.2062808174000188
   1.8000000e+01  -0.4051321614000188
   1.8020000e+01  -0.6768274914000187
   1.8040000e+01  -0.9879219914000188
   1.8060000e+01  -1.2708746914000189
   1.8080000e+01  -1.4725019064000189
   1.8100000e+01  -1.6032226684000188
   1.8120000e+01  -1.7233329004000189
   1.8140000e+01  -1.891007195400019
   1.8160000e+01  -2.123228505400019
   1.8180000e+01  -2.3616180854000186
   1.8200000e+01  -2.5094314294000184
   1.8220000e+01   -2.5044027564000184
   1.8240000e+01   -2.3500068994000185
   1.8260000e+01   -2.0986821594000187
   1.8280000e+01   -1.8428952294000187
   1.8300000e+01   -1.6839660254000186
   1.8320000e+01  -1.6621526504000186
   1.8340000e+01  -1.7621904304000187
   1.8360000e+01  -1.9329048804000186
   1.8380000e+01  -2.0661237274000186
   1.8400000e+01   -2.0409503144000185
   1.8420000e+01   -1.8007776834000184
   1.8440000e+01   -1.3488639434000185
   1.8460000e+01   -0.7353124734000185
   1.8480000e+01   -0.06813211340001835
   1.8500000e+01   0.5320112265999817
   1.8520000e+01   0.9686912065999816
   1.8540000e+01   1.1610097365999816
   1.8560000e+01  1.0564724665999816
   1.8580000e+01  0.6802562465999815
   1.8600000e+01  0.11938958659998145
   1.8620000e+01  -0.5103601134000185
   1.8640000e+01  -1.0877713734000185
   1.8660000e+01  -1.5245026734000184
   1.8680000e+01  -1.7711394074000184
   1.8700000e+01   -1.8364835245000184
   1.8720000e+01   -1.7903352666000183
   1.8740000e+01   -1.7400996506000184
   1.8760000e+01  -1.7602170916000184
   1.8780000e+01  -1.8698548696000183
   1.8800000e+01  -2.0757912316000184
   1.8820000e+01  -2.3451242116000186
   1.8840000e+01  -2.612674171600019
   1.8860000e+01  -2.8381659396000187
   1.8880000e+01  -3.007244082600019
   1.8900000e+01  -3.1444687866000187
   1.8920000e+01  -3.299458511600019
   1.8940000e+01  -3.488532337600019
   1.8960000e+01  -3.6959742076000186
   1.8980000e+01  -3.8933800886000185
   1.9000000e+01  -4.050263711600018
   1.9020000e+01  -4.154334163600018
   1.9040000e+01  -4.237496976600019
   1.9060000e+01  -4.3585130046000184
   1.9080000e+01  -4.502635980600019
   1.9100000e+01   -4.543166013600018
   1.9120000e+01   -4.346124565600018
   1.9140000e+01   -3.852570365600018
   1.9160000e+01   -3.094190835600018
   1.9180000e+01   -2.183304825600018
   1.9200000e+01   -1.266255435600018
   1.9220000e+01   -0.461114725600018
   1.9240000e+01   0.14676895439998205
   1.9260000e+01   0.514330604399982
   1.9280000e+01   0.679789176399982
   1.9300000e+01  0.713787336299982
   1.9320000e+01  0.703599595899982
   1.9340000e+01   0.760068891599982
   1.9360000e+01   0.9528854555999821
   1.9380000e+01   1.280879525599982
   1.9400000e+01   1.677258825599982
   1.9420000e+01   2.051678425599982
   1.9440000e+01   2.343526975599982
   1.9460000e+01   2.519066855599982
   1.9480000e+01   2.581006003999982
   1.9500000e+01  2.579130805699982
   1.9520000e+01   2.578639547699982
   1.9540000e+01   2.6238132343999823
   1.9560000e+01   2.699916991399982
   1.9580000e+01   2.771968012399982
   1.9600000e+01   2.813842516099982
   1.9620000e+01  2.811716267799982
   1.9640000e+01  2.790148476799982
   1.9660000e+01  2.757362236799982
   1.9680000e+01  2.684415842799982
   1.9700000e+01  2.517166157799982
   1.9720000e+01  2.211033487799982
   1.9740000e+01  1.785443117799982
   1.9760000e+01  1.3452265177999823
   1.9780000e+01  1.0384764377999822
   1.9800000e+01   0.9762879977999822
   1.9820000e+01   1.1734430777999822
   1.9840000e+01   1.5294912477999822
   1.9860000e+01   1.8900276677999823
   1.9880000e+01   2.1505864287999823
   1.9900000e+01   2.2972774217999823
   1.9920000e+01  2.3276731697999824
   1.9940000e+01  2.2141612667999824
   1.9960000e+01  1.9543371677999823
   1.9980000e+01  1.5900234277999823
   2.0000000e+01  1.1669507277999822
   2.0020000e+01  0.7507546177999822
   2.0040000e+01  0.4301114377999822
   2.0060000e+01  0.24740654179998217
   2.0080000e+01   0.20939037279998218
   2.0100000e+01   0.2847187077999822
   2.0120000e+01   0.4055442977999822
   2.0140000e+01   0.5272924057999822
   2.0160000e+01   0.6074315097999822
   2.0180000e+01  0.5617737537999822
   2.0200000e+01  0.32094943979998214
   2.0220000e+01  -0.10842365020001787
   2.0240000e+01  -0.6527605302000179
   2.0260000e+01  -1.167900830200018
   2.0280000e+01  -1.506174280200018
   2.0300000e+01   -1.610460401500018
   2.0320000e+01   -1.499568342800018
   2.0340000e+01   -1.2497735028000179
   2.0360000e+01   -0.9830694728000178
   2.0380000e+01   -0.7831668258000177
   2.0400000e+01   -0.6687093298000177
   2.0420000e+01   -0.6144799768000178
   2.0440000e+01   -0.5434729588000178
   2.0460000e+01   -0.38518745480001776
   2.0480000e+01   -0.11680974480001777
   2.0500000e+01   0.26170037519998224
   2.0520000e+01   0.7465839251999822
   2.0540000e+01   1.2879606551999823
   2.0560000e+01   1.7865042251999823
   2.0580000e+01   2.1475980751999826
   2.0600000e+01   2.3397001371999826
   2.0620000e+01   2.4051654157999827
   2.0640000e+01   2.4425969983999827
   2.0660000e+01   2.5833571143999827
   2.0680000e+01   2.9088189743999826
   2.0700000e+01   3.4016741443999825
   2.0720000e+01   3.9837465643999828
   2.0740000e+01   4.594843944399983
   2.0760000e+01   5.196830954399983
   2.0780000e+01   5.752301594399984
   2.0800000e+01   6.215623794399984
   2.0820000e+01   6.535522434399984
   2.0840000e+01   6.673396100399984
   2.0860000e+01  6.637982285399984
   2.0880000e+01  6.481476514399984
   2.0900000e+01  6.254855714399984
   2.0920000e+01  5.992955704399984
   2.0940000e+01  5.721696844399984
   2.0960000e+01  5.471754644399985
   2.0980000e+01  5.2567668663999845
   2.1000000e+01  5.064746946399985
   2.1020000e+01  4.854356064399984
   2.1040000e+01  4.589982964399984
   2.1060000e+01  4.239835544399984
   2.1080000e+01  3.775649734399984
   2.1100000e+01  3.203633204399984
   2.1120000e+01  2.553564594399984
   2.1140000e+01  1.887119184399984
   2.1160000e+01  1.2811649943999839
   2.1180000e+01  0.8003753443999839
   2.1200000e+01  0.4574120243999839
   2.1220000e+01  0.2175760423999839
   2.1240000e+01  0.0040240803999838926
   2.1260000e+01  -0.2924671296000161
   2.1280000e+01  -0.7413546596000161
   2.1300000e+01  -1.3429838096000162
   2.1320000e+01  -2.0367966396000163
   2.1340000e+01  -2.736145259600016
   2.1360000e+01  -3.3673620796000163
   2.1380000e+01  -3.8808719596000163
   2.1400000e+01  -4.252580019600016
   2.1420000e+01  -4.4892184856000155
   2.1440000e+01  -4.6264780736000155
   2.1460000e+01  -4.698442482600015
   2.1480000e+01  -4.737513068600015
   2.1500000e+01  -4.786455696600015
   2.1520000e+01  -4.857951181600015
   2.1540000e+01  -4.932660943600015
   2.1560000e+01  -4.993144183600015
   2.1580000e+01  -5.0425465876000155
   2.1600000e+01  -5.100758165600015
   2.1620000e+01  -5.179880697600016
   2.1640000e+01  -5.267541207600016
   2.1660000e+01  -5.312082860200016
   2.1680000e+01   -5.274316106800017
   2.1700000e+01   -5.145338713800016
   2.1720000e+01   -4.931122790800016
   2.1740000e+01   -4.694635000800016
   2.1760000e+01   -4.547647756800016
   2.1780000e+01  -4.582354640800016
   2.1800000e+01  -4.814636268800016
   2.1820000e+01  -5.191342908800016
   2.1840000e+01  -5.607981638800016
   2.1860000e+01  -5.965951328800016
   2.1880000e+01  -6.205360896800016
   2.1900000e+01  -6.3113157198000165
   2.1920000e+01   -6.3269475047000165
   2.1940000e+01   -6.307300605600017
   2.1960000e+01   -6.277935952600017
   2.1980000e+01   -6.2430495206000165
   2.2000000e+01   -6.224506022200017
   2.2020000e+01  -6.235118499800016
   2.2040000e+01  -6.249714948900016
   2.2060000e+01   -6.230722287000017
   2.2080000e+01   -6.134424403000017
   2.2100000e+01   -5.928980202000017
   2.2120000e+01   -5.626435282000017
   2.2140000e+01   -5.258882192000017
   2.2160000e+01   -4.864166282000016
   2.2180000e+01   -4.486298052000016
   2.2200000e+01   -4.151012642000016
   2.2220000e+01   -3.8518599920000165
   2.2240000e+01   -3.5727635320000166
   2.2260000e+01   -3.2988522520000165
   2.2280000e+01   -2.9911767420000164
   2.2300000e+01   -2.630228692000016
   2.2320000e+01   -2.226309042000016
   2.2340000e+01   -1.792328892000016
   2.2360000e+01   -1.354165872000016
   2.2380000e+01   -0.948548012000016
   2.2400000e+01   -0.619098462000016
   2.2420000e+01   -0.39405694400001595
   2.2440000e+01   -0.28781218200001596
   2.2460000e+01  -0.30657643000001594
   2.2480000e+01  -0.40863793700001594
   2.2500000e+01  -0.524376144000016
   2.2520000e+01  -0.617343141000016
   2.2540000e+01   -0.646294759000016
   2.2560000e+01   -0.581069440000016
   2.2580000e+01   -0.42921424700001604
   2.2600000e+01   -0.22557221600001606
   2.2620000e+01   -0.03231761700001606
   2.2640000e+01   0.11019624599998393
   2.2660000e+01   0.21340671599998393
   2.2680000e+01   0.33741457899998395
   2.2700000e+01   0.5336511959999839
   2.2720000e+01   0.8321646459999839
   2.2740000e+01   1.2151412759999838
   2.2760000e+01   1.5918473759999838
   2.2780000e+01   1.839701387999984
   2.2800000e+01  1.9000374949999839
   2.2820000e+01  1.811807382999984
   2.2840000e+01  1.6487643859999839
   2.2860000e+01  1.4913169169999838
   2.2880000e+01  1.3971400339999838
   2.2900000e+01   1.3879295789999837
   2.2920000e+01   1.4428448779999836
   2.2940000e+01   1.5205202129999835
   2.2960000e+01   1.5903111019999836
   2.2980000e+01   1.6563294259999837
   2.3000000e+01   1.7301593579999837
   2.3020000e+01   1.8025022739999836
   2.3040000e+01   1.8730812289999836
   2.3060000e+01   1.9335541299999837
   2.3080000e+01   1.9711710149999837
   2.3100000e+01   2.0194649049999835
   2.3120000e+01   2.1246792819999833
   2.3140000e+01   2.3094565039999835
   2.3160000e+01   2.5790107139999834
   2.3180000e+01   2.9274815839999833
   2.3200000e+01   3.341922243999983
   2.3220000e+01   3.7806922739999833
   2.3240000e+01   4.183400753999983
   2.3260000e+01   4.519419423999983
   2.3280000e+01   4.791634693999983
   2.3300000e+01   4.978911906999983
   2.3320000e+01  5.044661457629982
   2.3340000e+01  4.972693332259983
   2.3360000e+01  4.749034919259983
   2.3380000e+01  4.381400279259982
   2.3400000e+01  3.9498518892599823
   2.3420000e+01  3.5613831392599824
   2.3440000e+01  3.2860800092599822
   2.3460000e+01  3.148301653259982
   2.3480000e+01   3.1152569174599822
   2.3500000e+01   3.1391811286599824
   2.3520000e+01   3.2019811076599822
   2.3540000e+01   3.2974824186599823
   2.3560000e+01   3.4143897966599823
   2.3580000e+01   3.5274515466599823
   2.3600000e+01   3.6042331806599823
   2.3620000e+01  3.6102077096599823
   2.3640000e+01  3.543805171659982
   2.3660000e+01  3.461143756659982
   2.3680000e+01   3.430023751259982
   2.3700000e+01   3.499393074859982
   2.3720000e+01   3.667547556859982
   2.3740000e+01   3.892687796859982
   2.3760000e+01   4.128207916859982
   2.3780000e+01   4.304375645859983
   2.3800000e+01  4.356410529859983
   2.3820000e+01  4.266575886859983
   2.3840000e+01  4.050692958859983
   2.3860000e+01  3.758217088859983
   2.3880000e+01  3.445479548859983
   2.3900000e+01  3.135399618859983
   2.3920000e+01  2.825522288859983
   2.3940000e+01  2.4987158188599827
   2.3960000e+01  2.150958268859983
   2.3980000e+01  1.8149985288599828
   2.4000000e+01  1.5201181288599828
   2.4020000e+01  1.2517740288599828
   2.4040000e+01  0.9652027188599828
   2.4060000e+01  0.6210192488599828
   2.4080000e+01  0.2377653288599828
   2.4100000e+01  -0.1102114111400172
   2.4120000e+01  -0.3830607611400172
   2.4140000e+01  -0.5999181491400172
   2.4160000e+01  -0.8030521871400171
   2.4180000e+01  -1.0242829771400173
   2.4200000e+01  -1.2643715871400172
   2.4220000e+01  -1.4933320571400173
   2.4240000e+01  -1.6778565521400173
   2.4260000e+01  -1.8248373681400172
   2.4280000e+01  -1.9637187821400173
   2.4300000e+01  -2.1046765751400174
   2.4320000e+01  -2.2342453341400175
   2.4340000e+01  -2.3389403831400175
   2.4360000e+01  -2.3929492133400174
   2.4380000e+01   -2.3689329525400176
   2.4400000e+01   -2.2591919415400175
   2.4420000e+01   -2.0720025915400173
   2.4440000e+01   -1.8395773515400173
   2.4460000e+01   -1.5956703115400173
   2.4480000e+01   -1.3763607865400171
   2.4500000e+01   -1.221949002540017
   2.4520000e+01   -1.149730651540017
   2.4540000e+01  -1.155057506540017
   2.4560000e+01  -1.198331470540017
   2.4580000e+01  -1.225899249740017
   2.4600000e+01   -1.193979946940017
   2.4620000e+01   -1.0951569039400169
   2.4640000e+01   -0.9998996289400168
   2.4660000e+01  -0.9787498829400169
   2.4680000e+01  -1.0652107649400169
   2.4700000e+01  -1.2537210359400168
   2.4720000e+01  -1.4803223859400167
   2.4740000e+01  -1.6680396139400167
   2.4760000e+01  -1.7529120357400165
   2.4780000e+01   -1.6956790765400165
   2.4800000e+01   -1.4873306935400166
   2.4820000e+01   -1.1478384035400166
   2.4840000e+01   -0.7358765735400166
   2.4860000e+01   -0.33472987354001654
   2.4880000e+01   -0.03810590354001653
   2.4900000e+01   0.09572059945998349
   2.4920000e+01  0.061416135459983486
   2.4940000e+01  -0.08619623754001654
   2.4960000e+01  -0.23691655554001656
   2.4980000e+01  -0.30723527764001657
   2.5000000e+01   -0.2521245537400166
   2.5020000e+01   -0.08082370974001657
   2.5040000e+01   0.15426515025998344
   2.5060000e+01   0.40784065025998345
   2.5080000e+01   0.6381843302599834
   2.5100000e+01   0.8217737112599834
   2.5120000e+01   0.9659058802599834
   2.5140000e+01   1.0663876002599832
   2.5160000e+01   1.1086628022599831
   2.5180000e+01   1.1159650004599833
   2.5200000e+01   1.1258524181599832
   2.5220000e+01   1.1628654316599831
   2.5240000e+01   1.216613960659983
   2.5260000e+01  1.240642883359983
   2.5280000e+01  1.231039785659983
   2.5300000e+01   1.223433056174283
   2.5320000e+01   1.235165922088583
   2.5340000e+01   1.258711297088583
   2.5360000e+01  1.267822549388583
   2.5380000e+01   1.276249377688583
   2.5400000e+01   1.316102641688583
   2.5420000e+01   1.418330223688583
   2.5440000e+01   1.6179378026885831
   2.5460000e+01   1.907607422688583
   2.5480000e+01   2.2517131426885832
   2.5500000e+01   2.596132932688583
   2.5520000e+01   2.904942182688583
   2.5540000e+01   3.181466742688583
   2.5560000e+01   3.418910282688583
   2.5580000e+01   3.592367099688583
   2.5600000e+01   3.679190595688583
   2.5620000e+01  3.679614651688583
   2.5640000e+01  3.622744156688583
   2.5660000e+01  3.5688348426885828
   2.5680000e+01   3.5747858506885826
   2.5700000e+01   3.6397686706885826
   2.5720000e+01   3.7255869456885824
   2.5740000e+01  3.7639313210885823
   2.5760000e+01  3.693520828488582
   2.5780000e+01  3.510159645488582
   2.5800000e+01  3.234386775488582
   2.5820000e+01  2.891410375488582
   2.5840000e+01  2.525932985488582
   2.5860000e+01  2.175481285488582
   2.5880000e+01  1.885043695488582
   2.5900000e+01  1.699272305488582
   2.5920000e+01  1.612040127488582
   2.5940000e+01  1.560826155488582
   2.5960000e+01  1.460379600488582
   2.5980000e+01  1.254497289488582
   2.6000000e+01  0.940623549488582
   2.6020000e+01  0.5801046594885819
   2.6040000e+01  0.23213211948858198
   2.6060000e+01  -0.066289540511418
   2.6080000e+01  -0.317524730511418
   2.6100000e+01  -0.5478623905114179
   2.6120000e+01  -0.781021070511418
   2.6140000e+01  -1.032310490511418
   2.6160000e+01  -1.269225790511418
   2.6180000e+01  -1.477547048511418
   2.6200000e+01  -1.654469373511418
   2.6220000e+01  -1.797011967511418
   2.6240000e+01  -1.934208909511418
   2.6260000e+01  -2.086873839511418
   2.6280000e+01  -2.254764196511418
   2.6300000e+01  -2.435618416511418
   2.6320000e+01  -2.6360750845114183
   2.6340000e+01  -2.8546276845114185
   2.6360000e+01  -3.0952488045114186
   2.6380000e+01  -3.3657109145114186
   2.6400000e+01  -3.6501534245114184
   2.6420000e+01  -3.9125856345114185
   2.6440000e+01  -4.095303072511419
   2.6460000e+01  -4.171079442511418
   2.6480000e+01   -4.175233925211418
   2.6500000e+01   -4.150762393911418
   2.6520000e+01  -4.156830832911418
   2.6540000e+01  -4.258664455911418
   2.6560000e+01  -4.452292587911418
   2.6580000e+01  -4.669396287911418
   2.6600000e+01  -4.830667326911418
   2.6620000e+01  -4.902325992911418
   2.6640000e+01   -4.909792474411418
   2.6660000e+01   -4.890110598911418
   2.6680000e+01   -4.8509045499114185
   2.6700000e+01   -4.791261737911419
   2.6720000e+01   -4.7062679189114185
   2.6740000e+01   -4.6001181059114185
   2.6760000e+01   -4.503312332911419
   2.6780000e+01   -4.456970886711419
   2.6800000e+01  -4.491715988511419
   2.6820000e+01  -4.579242238511418
   2.6840000e+01  -4.6724093875114185
   2.6860000e+01  -4.732449247511418
   2.6880000e+01   -4.716781193511419
   2.6900000e+01   -4.594312429511419
   2.6920000e+01   -4.362538038511419
   2.6940000e+01   -4.052487608511418
   2.6960000e+01   -3.7094900885114184
   2.6980000e+01   -3.4099666185114184
   2.7000000e+01   -3.1994564285114184
   2.7020000e+01   -3.0689720465114183
   2.7040000e+01   -2.9826488435114182
   2.7060000e+01   -2.891809557511418
   2.7080000e+01   -2.7546901795114183
   2.7100000e+01   -2.5359110465114183
   2.7120000e+01   -2.2432916365114184
   2.7140000e+01   -1.9185755665114184
   2.7160000e+01   -1.5985053565114185
   2.7180000e+01   -1.3231265665114185
   2.7200000e+01   -1.1306518795114184
   2.7220000e+01   -1.0087323425114185
   2.7240000e+01   -0.9119981145114185
   2.7260000e+01   -0.7714535415114185
   2.7280000e+01   -0.5437254165114185
   2.7300000e+01   -0.23352461651141848
   2.7320000e+01   0.11961875348858153
   2.7340000e+01   0.44145427348858157
   2.7360000e+01   0.6739725084885816
   2.7380000e+01   0.8017512104885816
   2.7400000e+01  0.8391026844885816
   2.7420000e+01  0.8243535914885816
   2.7440000e+01  0.7975236084885815
   2.7460000e+01   0.7846902410885815
   2.7480000e+01   0.8311776706885815
   2.7500000e+01   0.9658249716885815
   2.7520000e+01   1.1907875586885814
   2.7540000e+01   1.4888325686885815
   2.7560000e+01   1.8434082686885815
   2.7580000e+01   2.2435492486885815
   2.7600000e+01   2.6839328386885817
   2.7620000e+01   3.1506829586885816
   2.7640000e+01   3.6166702886885815
   2.7660000e+01   4.056581688688581
   2.7680000e+01   4.444384138688581
   2.7700000e+01   4.760294948688581
   2.7720000e+01   4.997624368688581
   2.7740000e+01   5.157819715688581
   2.7760000e+01   5.225465232788581
   2.7780000e+01  5.192610056888581
   2.7800000e+01  5.072840072888581
   2.7820000e+01  4.891603054888581
   2.7840000e+01  4.649867844888581
   2.7860000e+01  4.349991974888581
   2.7880000e+01  4.016529984888581
   2.7900000e+01  3.6874042648885808
   2.7920000e+01  3.406148324888581
   2.7940000e+01  3.2220214588885807
   2.7960000e+01   3.169350672388581
   2.7980000e+01   3.223833153888581
   2.8000000e+01   3.342108211888581
   2.8020000e+01   3.465488347888581
   2.8040000e+01   3.539130271888581
   2.8060000e+01  3.554908620288581
   2.8080000e+01  3.533531330688581
   2.8100000e+01  3.490214487688581
   2.8120000e+01  3.418750175688581
   2.8140000e+01  3.303922003688581
   2.8160000e+01  3.146270661688581
   2.8180000e+01  2.959534575688581
   2.8200000e+01  2.748437852688581
   2.8220000e+01  2.514163142688581
   2.8240000e+01  2.259071212688581
   2.8260000e+01  1.9795662126885811
   2.8280000e+01  1.6795596226885812
   2.8300000e+01  1.3776378926885813
   2.8320000e+01  1.0928598426885814
   2.8340000e+01  0.8506766526885814
   2.8360000e+01  0.6656233536885814
   2.8380000e+01  0.5352397336885814
   2.8400000e+01  0.43146682968858135
   2.8420000e+01  0.3084348846885814
   2.8440000e+01  0.14216837668858137
   2.8460000e+01  -0.07900922931141863
   2.8480000e+01  -0.3475773493114186
   2.8500000e+01  -0.6338487193114186
   2.8520000e+01  -0.9077539193114186
   2.8540000e+01  -1.1645860693114185
   2.8560000e+01  -1.3981865793114185
   2.8580000e+01  -1.6054098863114186
   2.8600000e+01  -1.7801606423114187
   2.8620000e+01  -1.9238504573114188
   2.8640000e+01  -2.060927451311419
   2.8660000e+01  -2.2114171383114187
   2.8680000e+01  -2.3959097473114186
   2.8700000e+01  -2.6087915573114184
   2.8720000e+01  -2.8290004373114184
   2.8740000e+01  -3.0372487713114182
   2.8760000e+01  -3.2223811813114183
   2.8780000e+01  -3.377171408311418
   2.8800000e+01  -3.502877802311418
   2.8820000e+01  -3.597560497311418
   2.8840000e+01  -3.655625535311418
   2.8860000e+01  -3.684869765111418
   2.8880000e+01  -3.702356903511418
   2.8900000e+01  -3.720898449911418
   2.8920000e+01  -3.748465439711418
   2.8940000e+01  -3.7810691527114177
   2.8960000e+01  -3.8040650538114176
   2.8980000e+01  -3.8166320613114175
   2.9000000e+01   -3.8078166897114176
   2.9020000e+01   -3.7500117727114177
   2.9040000e+01   -3.6320741497114177
   2.9060000e+01   -3.450840730711418
   2.9080000e+01   -3.224022920711418
   2.9100000e+01   -2.992588460711418
   2.9120000e+01   -2.773225080711418
   2.9140000e+01   -2.591067607711418
   2.9160000e+01   -2.4423682427114177
   2.9180000e+01   -2.2926472897114176
   2.9200000e+01   -2.1209639347114178
   2.9220000e+01   -1.8997720907114177
   2.9240000e+01   -1.6191498907114177
   2.9260000e+01   -1.2924887907114178
   2.9280000e+01   -0.9382875307114178
   2.9300000e+01   -0.5648219907114178
   2.9320000e+01   -0.18690623071141782
   2.9340000e+01   0.1611941992885822
   2.9360000e+01   0.4196831672885822
   2.9380000e+01   0.5449924832885822
   2.9400000e+01  0.5399408292885822
   2.9420000e+01  0.4208760822885822
   2.9440000e+01  0.2395348052885822
   2.9460000e+01  0.05387885628858219
   2.9480000e+01  -0.10594873271141783
   2.9500000e+01  -0.2306982957114178
   2.9520000e+01  -0.31351599871141783
   2.9540000e+01  -0.34294529841141785
   2.9560000e+01   -0.31687499511141787
   2.9580000e+01   -0.22784244011141785
   2.9600000e+01   -0.07909144811141783
   2.9620000e+01   0.10905282988858217
   2.9640000e+01   0.3169003398885822
   2.9660000e+01   0.5312359698885822
   2.9680000e+01   0.7360086778885823
   2.9700000e+01   0.9332599368885823
   2.9720000e+01   1.1326446058885824
   2.9740000e+01   1.3299742178885823
   2.9760000e+01   1.5223281898885823
   2.9780000e+01   1.7158548978885824
   2.9800000e+01   1.9082246638885825
   2.9820000e+01   2.0807057288885824
   2.9840000e+01   2.2203749678885822
   2.9860000e+01   2.337172539888582
   2.9880000e+01   2.439641508888582
   2.9900000e+01   2.531799078888582
   2.9920000e+01   2.6324536468885817
   2.9940000e+01   2.7357049638885815
   2.9960000e+01   2.8257362578885816
   2.9980000e+01   2.887694386888582
   3.0000000e+01   2.9132167123885817
   3.0020000e+01  2.9125459747885816
   3.0040000e+01   2.9158552856885818
   3.0060000e+01   2.929459512588582
   3.0080000e+01  2.9276588381885817
   3.0100000e+01  2.8960960658885817
   3.0120000e+01  2.8132285168885818
   3.0140000e+01  2.6725020038885816
   3.0160000e+01  2.4842528618885815
   3.0180000e+01  2.2577336218885815
   3.0200000e+01  2.0033532918885815
   3.0220000e+01  1.7235989018885816
   3.0240000e+01  1.4107051618885815
   3.0260000e+01  1.0770865218885817
   3.0280000e+01  0.7625675318885816
   3.0300000e+01  0.49888628188858164
   3.0320000e+01  0.28377634188858164
   3.0340000e+01  0.08945872488858161
   3.0360000e+01  -0.11789745211141839
   3.0380000e+01  -0.3526513721114184
   3.0400000e+01  -0.5967674021114184
   3.0420000e+01  -0.8256576021114185
   3.0440000e+01  -1.0117566281114185
   3.0460000e+01  -1.1528148491114185
   3.0480000e+01  -1.2672553361114185
   3.0500000e+01  -1.3654378801114184
   3.0520000e+01  -1.4618538861114185
   3.0540000e+01  -1.5531925931114186
   3.0560000e+01  -1.6341152561114185
   3.0580000e+01  -1.7049217471114184
   3.0600000e+01  -1.7630829011114184
   3.0620000e+01  -1.8298030421114184
   3.0640000e+01  -1.9275006351114183
   3.0660000e+01  -2.066330439111418
   3.0680000e+01  -2.237055354111418
   3.0700000e+01  -2.406406054111418
   3.0720000e+01  -2.549004734111418
   3.0740000e+01  -2.642478277111418
   3.0760000e+01  -2.673371000341418
   3.0780000e+01   -2.6629957645714177
   3.0800000e+01   -2.6438466367714177
   3.0820000e+01  -2.6481293569714177
   3.0840000e+01  -2.7081101349714176
   3.0860000e+01  -2.8010008929714174
   3.0880000e+01  -2.8536754477714172
   3.0900000e+01   -2.8158464145714173
   3.0920000e+01   -2.660462382571417
   3.0940000e+01   -2.392165022571417
   3.0960000e+01   -2.053786652571417
   3.0980000e+01   -1.690624032571417
   3.1000000e+01   -1.353389542571417
   3.1020000e+01   -1.075463642571417
   3.1040000e+01   -0.8584816205714171
   3.1060000e+01   -0.6793566175714171
   3.1080000e+01   -0.5194543515714171
   3.1100000e+01   -0.3870211225714171
   3.1120000e+01   -0.29168160657141706
   3.1140000e+01   -0.23653751257141706
   3.1160000e+01   -0.20784514857141706
   3.1180000e+01  -0.20517692247141706
   3.1200000e+01  -0.22143973157141705
   3.1220000e+01  -0.24864436377141705
   3.1240000e+01  -0.30322427377141703
   3.1260000e+01  -0.37175742077141705
   3.1280000e+01  -0.43035220577141703
   3.1300000e+01  -0.46532597167141704
   3.1320000e+01   -0.472908831871417
   3.1340000e+01   -0.457546702171417
   3.1360000e+01   -0.442908417571417
   3.1380000e+01  -0.45207595397141703
   3.1400000e+01  -0.48503613397141704
   3.1420000e+01  -0.5383710759714171
   3.1440000e+01  -0.5905064269714171
   3.1460000e+01  -0.6272195169714171
   3.1480000e+01  -0.6474112424714171
   3.1500000e+01  -0.6769371889714171
   3.1520000e+01  -0.750432989971417
   3.1540000e+01  -0.8718125509714171
   3.1560000e+01  -1.0255832619714171
   3.1580000e+01  -1.1808863889714172
   3.1600000e+01  -1.3310656489714172
   3.1620000e+01  -1.4627102599714172
   3.1640000e+01  -1.5571053359714173
   3.1660000e+01  -1.6111352039714173
   3.1680000e+01   -1.6150514549714172
   3.1700000e+01   -1.5802242839714171
   3.1720000e+01   -1.518179179971417
   3.1740000e+01   -1.426800374971417
   3.1760000e+01   -1.302644627971417
   3.1780000e+01   -1.146324149971417
   3.1800000e+01   -0.954207384971417
   3.1820000e+01   -0.733080584971417
   3.1840000e+01   -0.514881894971417
   3.1860000e+01   -0.30631045497141696
   3.1880000e+01   -0.10767839697141693
   3.1900000e+01   0.0811297690285831
   3.1920000e+01   0.26041116602858316
   3.1940000e+01   0.4262436830285832
   3.1960000e+01   0.5733592160285832
   3.1980000e+01   0.6933702550285832
   3.2000000e+01   0.8033303930285832
   3.2020000e+01   0.9292411870285833
   3.2040000e+01   1.0955512660285833
   3.2060000e+01   1.3045345050285833
   3.2080000e+01   1.5317050250285833
   3.2100000e+01   1.7395887710285833
   3.2120000e+01   1.8943814190285833
   3.2140000e+01   1.9675465800285832
   3.2160000e+01  1.9486875550285832
   3.2180000e+01  1.8585229550285831
   3.2200000e+01  1.729564095028583
   3.2220000e+01  1.613800175028583
   3.2240000e+01  1.5564165580285831
   3.2260000e+01   1.5659364330285832
   3.2280000e+01   1.6294477260285831
   3.2300000e+01   1.725780414028583
   3.2320000e+01   1.813269317028583
   3.2340000e+01   1.858665454028583
   3.2360000e+01  1.861078034928583
   3.2380000e+01  1.830278128828583
   3.2400000e+01  1.772304465828583
   3.2420000e+01  1.684554297828583
   3.2440000e+01  1.584188938828583
   3.2460000e+01  1.4769057658285831
   3.2480000e+01  1.358014083828583
   3.2500000e+01  1.2388604338285831
   3.2520000e+01  1.1143680428285831
   3.2540000e+01  0.9686486388285831
   3.2560000e+01  0.797834675828583
   3.2580000e+01  0.628090750828583
   3.2600000e+01  0.49572849782858297
   3.2620000e+01  0.43493379552858297
   3.2640000e+01   0.46236129622858296
   3.2660000e+01   0.586590522228583
   3.2680000e+01   0.811821684228583
   3.2700000e+01   1.087645694228583
   3.2720000e+01   1.359116744228583
   3.2740000e+01   1.584688628228583
   3.2760000e+01   1.727916654228583
   3.2780000e+01   1.7879222662285832
   3.2800000e+01  1.782799788228583
   3.2820000e+01  1.7592375106285831
   3.2840000e+01   1.774707055028583
   3.2860000e+01   1.844982633028583
   3.2880000e+01   1.949731114028583
   3.2900000e+01   2.067682291028583
   3.2920000e+01   2.169748435028583
   3.2940000e+01   2.238979785028583
   3.2960000e+01   2.2733311143285833
   3.2980000e+01   2.2875362498285834
   3.3000000e+01   2.2969992676285833
   3.3020000e+01   2.3048646995285833
   3.3040000e+01   2.3207755328285833
   3.3060000e+01   2.331957774658583
   3.3080000e+01   2.341144890588583
   3.3100000e+01  2.336601801688583
   3.3120000e+01  2.299864866688583
   3.3140000e+01  2.251894382688583
   3.3160000e+01  2.202433973688583
   3.3180000e+01  2.1650770396885832
   3.3200000e+01   2.162178748988583
   3.3220000e+01   2.1935784122885833
   3.3240000e+01   2.2396422152885833
   3.3260000e+01   2.2663901857885835
   3.3280000e+01  2.2277861392885834
   3.3300000e+01  2.1215105342885834
   3.3320000e+01  1.9723392882885833
   3.3340000e+01  1.7925371712885834
   3.3360000e+01  1.6054204362885833
   3.3380000e+01  1.4198481612885834
   3.3400000e+01  1.2523720812885835
   3.3420000e+01  1.0988363872885833
   3.3440000e+01  0.9497465602885833
   3.3460000e+01  0.8224540792885833
   3.3480000e+01  0.7270971092885833
   3.3500000e+01  0.6865398193885833
   3.3520000e+01   0.6843989430785833
   3.3540000e+01   0.6965209566685833
   3.3560000e+01   0.7114310423685832
   3.3580000e+01   0.7234054174685832
   3.3600000e+01   0.7383306761685833
   3.3620000e+01   0.7525602796685833
   3.3640000e+01   0.7705033018685833
   3.3660000e+01   0.7956956128685833
   3.3680000e+01   0.8247159708685833
   3.3700000e+01   0.8488371819685833
   3.3720000e+01   0.8701060570685832
   3.3740000e+01  0.8750470576685833
   3.3760000e+01  0.8440149672685833
   3.3780000e+01  0.7724986792685833
   3.3800000e+01  0.6434770352685832
   3.3820000e+01  0.4553968072685832
   3.3840000e+01  0.2310543472685832
   3.3860000e+01  -0.021550512731416782
   3.3880000e+01  -0.2906179227314168
   3.3900000e+01  -0.5707664727314168
   3.3920000e+01  -0.8553523327314168
   3.3940000e+01  -1.1040347827314168
   3.3960000e+01  -1.2907771907314167
   3.3980000e+01  -1.4246898077314167
   3.4000000e+01  -1.5342693427314167
   3.4020000e+01  -1.6420387867314168
   3.4040000e+01  -1.7598340607314167
   3.4060000e+01  -1.8753217837314167
   3.4080000e+01  -1.9699996547314167
   3.4100000e+01  -2.0370623567314166
   3.4120000e+01  -2.0754951877314167
   3.4140000e+01  -2.1260674947314167
   3.4160000e+01  -2.214027896731417
   3.4180000e+01  -2.3166381857314167
   3.4200000e+01  -2.4282321627314167
   3.4220000e+01  -2.548180347731417
   3.4240000e+01  -2.6504958237314167
   3.4260000e+01  -2.717976268731417
   3.4280000e+01  -2.757742652731417
   3.4300000e+01  -2.772751721781417
   3.4320000e+01   -2.757697054831417
   3.4340000e+01   -2.711592930831417
   3.4360000e+01   -2.640984336831417
   3.4380000e+01   -2.558670420831417
   3.4400000e+01   -2.479305300831417
   3.4420000e+01   -2.419008109831417
   3.4440000e+01   -2.361676497831417
   3.4460000e+01   -2.272631976831417
   3.4480000e+01   -2.1414171078314173
   3.4500000e+01   -1.9680234558314171
   3.4520000e+01   -1.7699458368314172
   3.4540000e+01   -1.5709858198314173
   3.4560000e+01   -1.3905551758314172
   3.4580000e+01   -1.2472023448314171
   3.4600000e+01   -1.137265453831417
   3.4620000e+01   -1.037482747831417
   3.4640000e+01   -0.9348429288314171
   3.4660000e+01   -0.8395731648314171
   3.4680000e+01   -0.7774120898314171
   3.4700000e+01  -0.762082916731417
   3.4720000e+01  -0.794635452631417
   3.4740000e+01  -0.871180891631417
   3.4760000e+01  -0.956613133631417
   3.4780000e+01  -1.001148810231417
   3.4800000e+01   -0.985829664831417
   3.4820000e+01   -0.930244404831417
   3.4840000e+01   -0.871841561831417
   3.4860000e+01  -0.8510891853314171
   3.4880000e+01  -0.8783082998314171
   3.4900000e+01  -0.9444071388314171
   3.4920000e+01  -1.036130023831417
   3.4940000e+01  -1.1295499518314172
   3.4960000e+01  -1.2226649648314172
   3.4980000e+01  -1.3076970538314172
   3.5000000e+01  -1.3718514588314172
   3.5020000e+01  -1.4179765048314172
   3.5040000e+01  -1.4487436388314172
   3.5060000e+01  -1.4738068688314172
   3.5080000e+01  -1.4932515433314173
   3.5100000e+01  -1.5142991798314174
   3.5120000e+01  -1.5363726989314175
   3.5140000e+01   -1.5303028470314175
   3.5160000e+01   -1.4802313430314176
   3.5180000e+01   -1.3937021840314177
   3.5200000e+01   -1.2826243970314177
   3.5220000e+01   -1.1683211910314177
   3.5240000e+01   -1.0697347220314177
   3.5260000e+01   -0.9750950540314177
   3.5280000e+01   -0.8642975430314177
   3.5300000e+01   -0.7429420730314177
   3.5320000e+01   -0.6220670670314177
   3.5340000e+01   -0.5046500790314177
   3.5360000e+01   -0.39299370903141767
   3.5380000e+01   -0.2849065030314177
   3.5400000e+01   -0.18589124803141768
   3.5420000e+01   -0.07787449003141768
   3.5440000e+01   0.05960067696858233
   3.5460000e+01   0.23675978996858238
   3.5480000e+01   0.44749753996858244
   3.5500000e+01   0.6676717799685824
   3.5520000e+01   0.8801925599685824
   3.5540000e+01   1.0622229599685824
   3.5560000e+01   1.2180023219685825
   3.5580000e+01   1.3374549679685825
   3.5600000e+01   1.4061281969685826
   3.5620000e+01   1.4374195202685827
   3.5640000e+01  1.4358464551685826
   3.5660000e+01  1.4088150107685826
   3.5680000e+01  1.3722392787685826
   3.5700000e+01  1.3323968267685826
   3.5720000e+01  1.2838819697685826
   3.5740000e+01  1.2422915547685827
   3.5760000e+01  1.2177249883685826
   3.5780000e+01  1.2075417447485826
   3.5800000e+01   1.2133433054285825
   3.5820000e+01   1.2328328153285826
   3.5840000e+01   1.2514501830285827
   3.5860000e+01   1.2591861665285826
   3.5880000e+01   1.2678602238285825
   3.5900000e+01   1.2895518453285826
   3.5920000e+01   1.3173508393285827
   3.5940000e+01   1.3378799398285826
   3.5960000e+01   1.3482963703285826
   3.5980000e+01  1.3386569093285827
   3.6000000e+01  1.3230881363285827
   3.6020000e+01   1.3207483639285826
   3.6040000e+01   1.3390454075285827
   3.6060000e+01  1.3502345996285827
   3.6080000e+01  1.3118514387285827
   3.6100000e+01  1.2279570617285827
   3.6120000e+01  1.0997184787285827
   3.6140000e+01  0.9383138987285827
   3.6160000e+01  0.7751775247285828
   3.6180000e+01  0.6397992547285828
   3.6200000e+01  0.5505138067285827
   3.6220000e+01  0.48033104672858273
   3.6240000e+01  0.37918073272858277
   3.6260000e+01  0.21969903672858276
   3.6280000e+01  0.004755360728582764
   3.6300000e+01  -0.24062491927141724
   3.6320000e+01  -0.47696005927141727
   3.6340000e+01  -0.6556601862714173
   3.6360000e+01  -0.7475521282714173
   3.6380000e+01   -0.7646498205714173
   3.6400000e+01   -0.7452297778714173
   3.6420000e+01   -0.7064243788714173
   3.6440000e+01   -0.6668169578714173
   3.6460000e+01  -0.6659269898714173
   3.6480000e+01  -0.7159567258714173
   3.6500000e+01  -0.7992839098714173
   3.6520000e+01  -0.8914028678714173
   3.6540000e+01  -0.9699745808714173
   3.6560000e+01  -1.0239992508714173
   3.6580000e+01  -1.0644628138714174
   3.6600000e+01  -1.1015645118714175
   3.6620000e+01  -1.1507379838714176
   3.6640000e+01  -1.2291820708714176
   3.6660000e+01  -1.3205753728714176
   3.6680000e+01  -1.3985086738714176
   3.6700000e+01  -1.4498010788714177
   3.6720000e+01  -1.4821863968714177
   3.6740000e+01  -1.5020628720714178
   3.6760000e+01   -1.4832231132714178
   3.6780000e+01   -1.4125619202714177
   3.6800000e+01   -1.2958265212714177
   3.6820000e+01   -1.1452296682714178
   3.6840000e+01   -0.9858478182714178
   3.6860000e+01   -0.8361264122714178
   3.6880000e+01   -0.7092589172714178
   3.6900000e+01   -0.6062394282714177
   3.6920000e+01   -0.5062575882714178
   3.6940000e+01   -0.38460425827141775
   3.6960000e+01   -0.22735909527141773
   3.6980000e+01   -0.03036564027141772
   3.7000000e+01   0.1976556497285823
   3.7020000e+01   0.4367052197285823
   3.7040000e+01   0.6626436197285823
   3.7060000e+01   0.8520921257285823
   3.7080000e+01   1.0000609097285822
   3.7100000e+01   1.1358977767285823
   3.7120000e+01   1.2776057387285822
   3.7140000e+01   1.4241273317285823
   3.7160000e+01   1.5911846267285823
   3.7180000e+01   1.7805756517285822
   3.7200000e+01   1.9850585917285821
   3.7220000e+01   2.1819784807285822
   3.7240000e+01   2.342884782728582
   3.7260000e+01   2.462265510728582
   3.7280000e+01   2.534949324728582
   3.7300000e+01   2.570204636728582
   3.7320000e+01   2.5876553575285817
   3.7340000e+01   2.5996259241285817
   3.7360000e+01   2.6068775403285818
   3.7380000e+01   2.609673407728582
   3.7400000e+01  2.6090074359285818
   3.7420000e+01  2.6036276344285816
   3.7440000e+01  2.5939647314285814
   3.7460000e+01  2.5810561195285815
   3.7480000e+01   2.5768496678285815
   3.7500000e+01   2.5854592761285815
   3.7520000e+01  2.5907322708285814
   3.7540000e+01  2.5739039701285815
   3.7560000e+01  2.5157025761285814
   3.7580000e+01  2.4116210641285813
   3.7600000e+01  2.280784294128581
   3.7620000e+01  2.1475646891285813
   3.7640000e+01  2.018628117128581
   3.7660000e+01  1.8928304351285812
   3.7680000e+01  1.764296033128581
   3.7700000e+01  1.6196713511285812
   3.7720000e+01  1.4648348731285812
   3.7740000e+01  1.3050592211285812
   3.7760000e+01  1.1530304601285812
   3.7780000e+01  1.0253058871285812
   3.7800000e+01  0.9184708161285812
   3.7820000e+01  0.8187638471285812
   3.7840000e+01  0.7125527441285812
   3.7860000e+01  0.5980275301285811
   3.7880000e+01  0.4805855661285811
   3.7900000e+01  0.36898024912858113
   3.7920000e+01  0.2769317231285811
   3.7940000e+01  0.20242969012858109
   3.7960000e+01  0.13408424112858108
   3.7980000e+01  0.06665017712858108
   3.8000000e+01  -0.0019640538714189165
   3.8020000e+01  -0.07502904887141891
   3.8040000e+01  -0.1555747808714189
   3.8060000e+01  -0.2378435568714189
   3.8080000e+01  -0.3273454148714189
   3.8100000e+01  -0.4191786288714189
   3.8120000e+01  -0.4996519738714189
   3.8140000e+01  -0.5700134308714189
   3.8160000e+01  -0.6318093378714189
   3.8180000e+01  -0.6845960758714189
   3.8200000e+01  -0.7289799788714189
   3.8220000e+01  -0.7641413108714189
   3.8240000e+01  -0.7940927698714189
   3.8260000e+01  -0.8184643594714188
   3.8280000e+01  -0.8277787899414188
   3.8300000e+01  -0.8303299690114189
   3.8320000e+01  -0.8374058750114188
   3.8340000e+01  -0.8512761132114188
   3.8360000e+01  -0.8751271336114188
   3.8380000e+01  -0.9034148046114188
   3.8400000e+01  -0.9213256133114187
   3.8420000e+01   -0.9168341410114187
   3.8440000e+01   -0.8820575630114187
   3.8460000e+01   -0.8192113430114187
   3.8480000e+01   -0.7458547210114187
   3.8500000e+01   -0.6882751660114187
   3.8520000e+01   -0.6626072458114187
   3.8540000e+01  -0.6625189554114187
   3.8560000e+01  -0.6683207319114187
   3.8580000e+01   -0.6600597030114187
   3.8600000e+01   -0.6338231304114187
   3.8620000e+01   -0.5983114594114187
   3.8640000e+01   -0.5701119100114187
   3.8660000e+01  -0.5623323251114187
   3.8680000e+01  -0.5705103549114188
   3.8700000e+01  -0.5802262649114188
   3.8720000e+01   -0.5811682438114188
   3.8740000e+01   -0.5740748076114188
   3.8760000e+01   -0.5640661263114188
   3.8780000e+01   -0.5543214536114188
   3.8800000e+01   -0.5471105184114188
   3.8820000e+01   -0.5389994320114188
   3.8840000e+01   -0.5235931430114188
   3.8860000e+01   -0.5027380550114188
   3.8880000e+01   -0.4809454310114188
   3.8900000e+01   -0.4602925340114188
   3.8920000e+01   -0.4429616687114188
   3.8940000e+01   -0.42982775061141876
   3.8960000e+01   -0.41797220381141875
   3.8980000e+01   -0.40536711231141875
   3.9000000e+01   -0.38913855381141876
   3.9020000e+01   -0.36779888481141876
   3.9040000e+01   -0.34306362981141875
   3.9060000e+01   -0.31870582881141873
   3.9080000e+01   -0.29864922181141873
   3.9100000e+01   -0.28449450391141873
   3.9120000e+01   -0.2751844579114187
   3.9140000e+01   -0.2667900237114187
   3.9160000e+01   -0.2565767123114187
   3.9180000e+01   -0.24280717671141872
   3.9200000e+01   -0.2274825799114187
   3.9220000e+01   -0.2115320799114187
   3.9240000e+01   -0.1951470085114187
   3.9260000e+01   -0.1793217858114187
   3.9280000e+01   -0.1631325765114187
   3.9300000e+01   -0.1460564770114187
   3.9320000e+01   -0.1277418564114187
   3.9340000e+01   -0.10917372811141869
   3.9360000e+01   -0.0917583395114187
   3.9380000e+01   -0.07511190381141869
   3.9400000e+01   -0.05915715041141869
   3.9420000e+01   -0.04407427491141869
   3.9440000e+01   -0.02953615671141869
   3.9460000e+01   -0.015236200611418688
   3.9480000e+01   -0.00034185971141868776
   3.9500000e+01   0.015562384388581312
   3.9520000e+01   0.033045831188581315
   3.9540000e+01   0.052438786988581315
   3.9560000e+01   0.07349691398858131
   3.9580000e+01   0.0951830749885813
   3.9600000e+01   0.1166319209885813
   3.9620000e+01   0.1376848559885813
   3.9640000e+01   0.1580613779885813
   3.9660000e+01   0.1776087537885813
   3.9680000e+01   0.19629187238858128
   3.9700000e+01   0.21420915688858128
   3.9720000e+01   0.23141062008858126
   3.9740000e+01   0.24783261318858127
   3.9760000e+01   0.2634498927885813
   3.9780000e+01   0.27856940928858126
   3.9800000e+01   0.2934328359885813
   3.9820000e+01   0.30818498828858126
   3.9840000e+01   0.32289179278858127
   3.9860000e+01   0.3374741634885813
   3.9880000e+01   0.35184675248858127
   3.9900000e+01   0.3659283709885813
   3.9920000e+01   0.37969307398858126
   3.9940000e+01   0.39308952978858125
   3.9960000e+01   0.40613941228858125
   3.9980000e+01   0.4188512971885813
