   0.0000000e+00   0.0005946494000000001
   1.0000000e-02   0.00423702135
   2.0000000e-02   0.0139038009
   3.0000000e-02   0.0287030094
   4.0000000e-02   0.0439561889
   5.0000000e-02   0.056959723399999995
   6.0000000e-02   0.06890886489999999
   7.0000000e-02   0.08119823689999998
   8.0000000e-02   0.09345881239999998
   9.0000000e-02   0.10503794389999999
   1.0000000e-01   0.11604922389999998
   1.1000000e-01   0.1268057939
   1.2000000e-01   0.1372951304
   1.3000000e-01   0.14739644065
   1.4000000e-01   0.1571572725
   1.5000000e-01   0.1667175026
   1.6000000e-01   0.1761633578
   1.7000000e-01   0.18554303465
   1.8000000e-01   0.1948664829
   1.9000000e-01   0.20409598115
   2.0000000e-01   0.21338185804999998
   2.1000000e-01   0.22314590229999998
   2.2000000e-01   0.23361179879999996
   2.3000000e-01   0.24451895979999996
   2.4000000e-01   0.2554581318
   2.5000000e-01   0.2661437973
   2.6000000e-01   0.27641270079999997
   2.7000000e-01   0.28630033489999995
   2.8000000e-01   0.29607693864999995
   2.9000000e-01   0.30610240279999995
   3.0000000e-01   0.31659575329999995
   3.1000000e-01   0.32731238879999996
   3.2000000e-01   0.3375452013
   3.3000000e-01   0.3468525113
   3.4000000e-01   0.35553773155
   3.5000000e-01   0.36405263165
   3.6000000e-01   0.37238340280000004
   3.7000000e-01   0.38008733565
   3.8000000e-01   0.3862265944
   3.9000000e-01   0.3894122414
   4.0000000e-01  0.38891132215
   4.1000000e-01  0.38567261145000004
   4.2000000e-01  0.38119700530000006
   4.3000000e-01  0.37590080420000005
   4.4000000e-01  0.37000536970000003
   4.5000000e-01  0.36483843935000004
   4.6000000e-01  0.36138408385000004
   4.7000000e-01  0.35894834570000006
   4.8000000e-01  0.35750413242000006
   4.9000000e-01   0.36000429849000004
   5.0000000e-01   0.36902100424000006
   5.1000000e-01   0.38150814874000005
   5.2000000e-01   0.3909209074400001
   5.3000000e-01   0.39487996789000007
   5.4000000e-01   0.3971262024400001
   5.5000000e-01   0.4023711126400001
   5.6000000e-01   0.4127496655400001
   5.7000000e-01   0.4287178550400001
   5.8000000e-01   0.45058816604000007
   5.9000000e-01   0.4785223560400001
   6.0000000e-01   0.5115967335400001
   6.1000000e-01   0.5475295480400001
   6.2000000e-01   0.5836525815400001
   6.3000000e-01   0.6178145975400001
   6.4000000e-01   0.6479984990400002
   6.5000000e-01   0.6712163555400001
   6.6000000e-01   0.6843256828900002
   6.7000000e-01  0.6879374389800001
   6.8000000e-01   0.6883696074700002
   6.9000000e-01   0.6928762864200002
   7.0000000e-01   0.7037455961200002
   7.1000000e-01   0.7197039591200002
   7.2000000e-01   0.7409393066200002
   7.3000000e-01   0.7672376126200002
   7.4000000e-01   0.7915639316200003
   7.5000000e-01   0.8030333324200003
   7.6000000e-01  0.7985456062200003
   7.7000000e-01  0.7848197207200003
   7.8000000e-01  0.7674973192200003
   7.9000000e-01  0.7445324097200003
   8.0000000e-01  0.7113331667200004
   8.1000000e-01  0.6678665727200004
   8.2000000e-01  0.6193925752200004
   8.3000000e-01  0.5739610932200003
   8.4000000e-01  0.5422956477200003
   8.5000000e-01   0.5352971845700003
   8.6000000e-01   0.5545725844200003
   8.7000000e-01   0.5874711094200004
   8.8000000e-01   0.6171821189200004
   8.9000000e-01   0.6373294934200004
   9.0000000e-01   0.6535777334200005
   9.1000000e-01   0.6726742349200004
   9.2000000e-01   0.6960600909200004
   9.3000000e-01   0.7244921004200005
   9.4000000e-01   0.7606231124200005
   9.5000000e-01   0.8034506694200004
   9.6000000e-01   0.8464585944200005
   9.7000000e-01   0.8855035874200005
   9.8000000e-01   0.9231599784200004
   9.9000000e-01   0.9602704999200005
   1.0000000e+00   0.9896147029200004
   1.0100000e+00   1.0045012210700004
   1.0200000e+00  1.0065831737700004
   1.0300000e+00  0.9983269533200004
   1.0400000e+00  0.9748320948200004
   1.0500000e+00  0.9287267818200005
   1.0600000e+00  0.8564255013200005
   1.0700000e+00  0.7556570713200005
   1.0800000e+00  0.6256021513200005
   1.0900000e+00  0.4765982663200005
   1.1000000e+00  0.33466176632000055
   1.1100000e+00  0.22970442732000057
   1.1200000e+00  0.17600852832000058
   1.1300000e+00  0.1614427444200006
   1.1400000e+00  0.1568766450700006
   1.1500000e+00  0.1386656951200006
   1.1600000e+00  0.1016286876200006
   1.1700000e+00  0.05475759362000059
   1.1800000e+00  0.014422530120000596
   1.1900000e+00   0.0015664265200005956
   1.2000000e+00   0.035456059420000595
   1.2100000e+00   0.1257833084200006
   1.2200000e+00   0.2675592484200006
   1.2300000e+00   0.43743973342000064
   1.2400000e+00   0.6000579134200007
   1.2500000e+00   0.7289167134200008
   1.2600000e+00   0.8222585574200008
   1.2700000e+00   0.8993938179200007
   1.2800000e+00   0.9874895594200007
   1.2900000e+00   1.1078501994200007
   1.3000000e+00   1.2611334794200006
   1.3100000e+00   1.4206758994200006
   1.3200000e+00   1.5475958344200005
   1.3300000e+00   1.6174064539200006
   1.3400000e+00  1.6307444269200007
   1.3500000e+00  1.6014483184200006
   1.3600000e+00  1.5389144904200005
   1.3700000e+00  1.4394761444200006
   1.3800000e+00  1.2928863394200005
   1.3900000e+00  1.1004634194200005
   1.4000000e+00  0.8843069394200005
   1.4100000e+00  0.6709776744200004
   1.4200000e+00  0.46694938442000045
   1.4300000e+00  0.25638577442000043
   1.4400000e+00  0.021899794420000424
   1.4500000e+00  -0.2376980805799996
   1.4600000e+00  -0.5068483805799996
   1.4700000e+00  -0.7620740105799996
   1.4800000e+00  -0.9804748055799996
   1.4900000e+00  -1.1449437655799994
   1.5000000e+00  -1.2468712000799995
   1.5100000e+00  -1.2864076522799994
   1.5200000e+00   -1.2694100534799995
   1.5300000e+00   -1.2045428459799994
   1.5400000e+00   -1.1001720299799993
   1.5500000e+00   -0.9548097099799993
   1.5600000e+00   -0.7518581799799993
   1.5700000e+00   -0.47741541997999926
   1.5800000e+00   -0.14623394497999925
   1.5900000e+00   0.19951573002000073
   1.6000000e+00   0.5194550400200008
   1.6100000e+00   0.7988903100200008
   1.6200000e+00   1.049440390020001
   1.6300000e+00   1.295083560020001
   1.6400000e+00   1.552570385020001
   1.6500000e+00   1.8167270650200011
   1.6600000e+00   2.067067435020001
   1.6700000e+00   2.289925375020001
   1.6800000e+00   2.488343125020001
   1.6900000e+00   2.670608295020001
   1.7000000e+00   2.837668245020001
   1.7100000e+00   2.9847491350200013
   1.7200000e+00   3.105278785020001
   1.7300000e+00   3.184224937520001
   1.7400000e+00  3.195379292020001
   1.7500000e+00  3.117050319020001
   1.7600000e+00  2.948202784020001
   1.7700000e+00  2.7070179540200012
   1.7800000e+00  2.423174739020001
   1.7900000e+00  2.132307389020001
   1.8000000e+00  1.8634271590200011
   1.8100000e+00  1.621869004020001
   1.8200000e+00  1.386354544020001
   1.8300000e+00  1.126340689020001
   1.8400000e+00  0.8229612240200009
   1.8500000e+00  0.47698256902000097
   1.8600000e+00  0.10494026402000095
   1.8700000e+00  -0.2690785459799991
   1.8800000e+00  -0.6241447209799991
   1.8900000e+00  -0.9564843809799991
   1.9000000e+00  -1.290534985979999
   1.9100000e+00  -1.668809045979999
   1.9200000e+00  -2.114215420979999
   1.9300000e+00  -2.595248460979999
   1.9400000e+00  -3.030118870979999
   1.9500000e+00  -3.3269383059799993
   1.9600000e+00  -3.4304639427649994
   1.9700000e+00   -3.3464138845499996
   1.9800000e+00   -3.1198369745499996
   1.9900000e+00   -2.7826865195499995
   2.0000000e+00   -2.3337704695499992
   2.0100000e+00   -1.7757351295499992
   2.0200000e+00   -1.1502737295499994
   2.0300000e+00   -0.5208913395499994
   2.0400000e+00   0.06465274045000058
   2.0500000e+00   0.5794629504500006
   2.0600000e+00   0.9990815354500007
   2.0700000e+00   1.3006804654500006
   2.0800000e+00   1.4838298254500006
   2.0900000e+00   1.5818174659500006
   2.1000000e+00   1.6455021889500006
   2.1100000e+00   1.7108902904500005
   2.1200000e+00   1.7702919609500005
   2.1300000e+00  1.7703157184500005
   2.1400000e+00  1.6547688644500005
   2.1500000e+00  1.4204448394500004
   2.1600000e+00  1.1205940094500004
   2.1700000e+00  0.8145092794500004
   2.1800000e+00  0.5275477094500004
   2.1900000e+00  0.25152160445000044
   2.2000000e+00  -0.03567542054999956
   2.2100000e+00  -0.34639679054999956
   2.2200000e+00  -0.6654062905499996
   2.2300000e+00  -0.9561134205499995
   2.2400000e+00  -1.1852797955499994
   2.2500000e+00  -1.3389731855499993
   2.2600000e+00  -1.4246543965499994
   2.2700000e+00  -1.4714934505499995
   2.2800000e+00  -1.5252716975499996
   2.2900000e+00  -1.6280309515499995
   2.3000000e+00  -1.7903340015499996
   2.3100000e+00  -1.9759206215499996
   2.3200000e+00  -2.1087490610499997
   2.3300000e+00   -2.0976856055499997
   2.3400000e+00   -1.8774988305499998
   2.3500000e+00   -1.4554061155499998
   2.3600000e+00   -0.9139606655499998
   2.3700000e+00   -0.34916592054999984
   2.3800000e+00   0.18591435945000012
   2.3900000e+00   0.6738044894500002
   2.4000000e+00   1.09994490945
   2.4100000e+00   1.44168369945
   2.4200000e+00   1.67180428445
   2.4300000e+00   1.7665444889500002
   2.4400000e+00  1.7216063434500002
   2.4500000e+00  1.5622998884500001
   2.4600000e+00  1.3318567684500002
   2.4700000e+00  1.0653636884500002
   2.4800000e+00  0.7682050884500002
   2.4900000e+00  0.4163429584500002
   2.5000000e+00  -0.016514606549999866
   2.5100000e+00  -0.5242135265499999
   2.5200000e+00  -1.0555933715499999
   2.5300000e+00  -1.5366914715499997
   2.5400000e+00  -1.9117836265499997
   2.5500000e+00  -2.1707992115499994
   2.5600000e+00  -2.3415905815499993
   2.5700000e+00  -2.453635716549999
   2.5800000e+00  -2.503075413049999
   2.5900000e+00   -2.448637139549999
   2.6000000e+00   -2.241142949549999
   2.6100000e+00   -1.864101724549999
   2.6200000e+00   -1.357383594549999
   2.6300000e+00   -0.805924864549999
   2.6400000e+00   -0.298322264549999
   2.6500000e+00   0.11990127045000099
   2.6600000e+00   0.467558075450001
   2.6700000e+00   0.8032746304500009
   2.6800000e+00   1.173423880450001
   2.6900000e+00   1.580703910450001
   2.7000000e+00   1.994678785450001
   2.7100000e+00   2.381973930450001
   2.7200000e+00   2.728742410450001
   2.7300000e+00   3.046012505450001
   2.7400000e+00   3.357891415450001
   2.7500000e+00   3.675920500450001
   2.7600000e+00   3.971130680450001
   2.7700000e+00   4.165959845450001
   2.7800000e+00  4.170682675450001
   2.7900000e+00  3.953750630450001
   2.8000000e+00  3.576461225450001
   2.8100000e+00  3.144550700450001
   2.8200000e+00  2.734111000450001
   2.8300000e+00  2.371502655450001
   2.8400000e+00  2.058062940450001
   2.8500000e+00  1.786165505450001
   2.8600000e+00  1.536583915450001
   2.8700000e+00  1.2814041204500008
   2.8800000e+00  0.9997729504500008
   2.8900000e+00  0.6920221004500009
   2.9000000e+00  0.3815333154500009
   2.9100000e+00  0.10041657045000091
   2.9200000e+00  -0.1359065895499991
   2.9300000e+00  -0.34084753454999905
   2.9400000e+00  -0.540032599549999
   2.9500000e+00  -0.747884754549999
   2.9600000e+00  -0.963632804549999
   2.9700000e+00  -1.179728604549999
   2.9800000e+00  -1.386565464549999
   2.9900000e+00  -1.576878609549999
   3.0000000e+00  -1.753172314549999
   3.0100000e+00  -1.9301226145499988
   3.0200000e+00  -2.1302802795499987
   3.0300000e+00  -2.375619684549999
   3.0400000e+00  -2.6729335695499987
   3.0500000e+00  -2.9986762345499987
   3.0600000e+00  -3.2957195095499987
   3.0700000e+00  -3.4843285995499986
   3.0800000e+00   -3.4832057395499985
   3.0900000e+00   -3.2431279295499986
   3.1000000e+00   -2.783210399549999
   3.1100000e+00   -2.1895354945499985
   3.1200000e+00   -1.5609247595499984
   3.1300000e+00   -0.9558044245499984
   3.1400000e+00   -0.3872150645499983
   3.1500000e+00   0.15291052045000164
   3.1600000e+00   0.6686022304500017
   3.1700000e+00   1.1408820154500017
   3.1800000e+00   1.5267380504500017
   3.1900000e+00   1.7822645504500017
   3.2000000e+00   1.8899129269500017
   3.2100000e+00  1.8626207009500018
   3.2200000e+00  1.7221477284500017
   3.2300000e+00  1.4780839984500016
   3.2400000e+00  1.1326028984500016
   3.2500000e+00  0.7016232584500016
   3.2600000e+00  0.21960951345000163
   3.2700000e+00  -0.2808010565499984
   3.2800000e+00  -0.7850840015499985
   3.2900000e+00  -1.2873140815499986
   3.3000000e+00  -1.7724780415499986
   3.3100000e+00  -2.2121630365499985
   3.3200000e+00  -2.5680414415499984
   3.3300000e+00  -2.7968253115499984
   3.3400000e+00   -2.8612350635499983
   3.3500000e+00   -2.7396682455499985
   3.3600000e+00   -2.4259286605499986
   3.3700000e+00   -1.9297389055499985
   3.3800000e+00   -1.2846672505499985
   3.3900000e+00   -0.5466092605499985
   3.4000000e+00   0.2272923194500015
   3.4100000e+00   0.9988059394500016
   3.4200000e+00   1.7468978794500014
   3.4300000e+00   2.4516907394500014
   3.4400000e+00   3.0824415294500014
   3.4500000e+00   3.5974840494500016
   3.4600000e+00   3.9577415494500015
   3.4700000e+00   4.146035224450001
   3.4800000e+00  4.170858430950001
   3.4900000e+00  4.051907957450001
   3.5000000e+00  3.812207807450001
   3.5100000e+00  3.480482562450001
   3.5200000e+00  3.084871267450001
   3.5300000e+00  2.643645792450001
   3.5400000e+00  2.169485497450001
   3.5500000e+00  1.6767595274500011
   3.5600000e+00  1.1766135924500012
   3.5700000e+00  0.6706579674500012
   3.5800000e+00  0.15583569745000114
   3.5900000e+00  -0.36997775754999884
   3.6000000e+00  -0.9117152275499989
   3.6100000e+00  -1.4803021675499988
   3.6200000e+00  -2.0840191775499988
   3.6300000e+00  -2.714133877549999
   3.6400000e+00  -3.341870757549999
   3.6500000e+00  -3.933088902549999
   3.6600000e+00  -4.466784727549999
   3.6700000e+00  -4.942745672549998
   3.6800000e+00  -5.3784933175499985
   3.6900000e+00  -5.800819112549998
   3.7000000e+00  -6.236051002549998
   3.7100000e+00  -6.704066247549998
   3.7200000e+00  -7.217900192549998
   3.7300000e+00  -7.786840707549999
   3.7400000e+00  -8.421250112549998
   3.7500000e+00  -9.137259117549998
   3.7600000e+00  -9.95810929755
   3.7700000e+00  -10.91031431255
   3.7800000e+00  -12.01568461255
   3.7900000e+00  -13.28405896255
   3.8000000e+00  -14.71322111255
   3.8100000e+00  -16.29073581255
   3.8200000e+00  -17.98592756255
   3.8300000e+00  -19.74479411255
   3.8400000e+00  -21.50831411255
   3.8500000e+00  -23.23285481255
   3.8600000e+00  -24.880269812549997
   3.8700000e+00  -26.394456812549997
   3.8800000e+00  -27.702366812549997
   3.8900000e+00  -28.742985482549997
   3.9000000e+00  -29.49303015255
   3.9100000e+00  -29.960907417549997
   3.9200000e+00  -30.162842682549996
   3.9300000e+00   -30.122590862549995
   3.9400000e+00   -29.895445537549996
   3.9500000e+00   -29.569030682549997
   3.9600000e+00   -29.228775582549996
   3.9700000e+00   -28.940275857549995
   3.9800000e+00   -28.767351399049996
   3.9900000e+00  -28.764693368549995
   4.0000000e+00  -28.923060491549997
   4.0100000e+00  -29.149774656549997
   4.0200000e+00  -29.334528751549996
   4.0300000e+00  -29.423686690049998
   4.0400000e+00   -29.423700829549997
   4.0500000e+00   -29.361418052549997
   4.0600000e+00   -29.261082129549997
   4.0700000e+00   -29.144201084549998
   4.0800000e+00   -29.030994669549997
   4.0900000e+00   -28.934078896549998
   4.1000000e+00   -28.845462147049997
   4.1100000e+00   -28.727151270549996
   4.1200000e+00   -28.520396325549996
   4.1300000e+00   -28.172871790549994
   4.1400000e+00   -27.666157590549993
   4.1500000e+00   -27.02655969554999
   4.1600000e+00   -26.310572565549993
   4.1700000e+00   -25.573002600549994
   4.1800000e+00   -24.843790435549995
   4.1900000e+00   -24.128574790549994
   4.2000000e+00   -23.419345965549994
   4.2100000e+00   -22.698865275549995
   4.2200000e+00   -21.941498145549996
   4.2300000e+00   -21.120612820549997
   4.2400000e+00   -20.223877940549997
   4.2500000e+00   -19.266816580549996
   4.2600000e+00   -18.296019360549995
   4.2700000e+00   -17.381148620549993
   4.2800000e+00   -16.595388360549993
   4.2900000e+00   -15.989978320549993
   4.3000000e+00   -15.580908505549992
   4.3100000e+00   -15.357479180549992
   4.3200000e+00  -15.301704281549993
   4.3300000e+00  -15.403508787549994
   4.3400000e+00  -15.662806622549994
   4.3500000e+00  -16.078022032549992
   4.3600000e+00  -16.633300457549993
   4.3700000e+00  -17.296888657549992
   4.3800000e+00  -18.030431742549993
   4.3900000e+00  -18.800112297549994
   4.4000000e+00  -19.579885857549993
   4.4100000e+00  -20.34747027754999
   4.4200000e+00  -21.082273127549993
   4.4300000e+00  -21.766845562549992
   4.4400000e+00  -22.388685527549992
   4.4500000e+00  -22.94320071254999
   4.4600000e+00  -23.435978537549992
   4.4700000e+00  -23.881919442549993
   4.4800000e+00  -24.305063692549993
   4.4900000e+00  -24.737306447549994
   4.5000000e+00  -25.204652292549994
   4.5100000e+00  -25.701923332549995
   4.5200000e+00  -26.179429167549994
   4.5300000e+00  -26.562818962549994
   4.5400000e+00  -26.789358942549992
   4.5500000e+00   -26.82148714754999
   4.5600000e+00   -26.637724062549992
   4.5700000e+00   -26.234546622549992
   4.5800000e+00   -25.642181042549993
   4.5900000e+00   -24.926178967549994
   4.6000000e+00   -24.163877687549995
   4.6100000e+00   -23.419596207549993
   4.6200000e+00   -22.747696562549994
   4.6300000e+00   -22.213772387549994
   4.6400000e+00   -21.892658037549996
   4.6500000e+00  -21.827871946549998
   4.6600000e+00  -21.993796965549997
   4.6700000e+00  -22.31740099055
   4.6800000e+00  -22.744326090549997
   4.6900000e+00  -23.264186450549996
   4.7000000e+00  -23.873578950549994
   4.7100000e+00  -24.548399250549995
   4.7200000e+00  -25.257030650549996
   4.7300000e+00  -25.976157395549997
   4.7400000e+00  -26.691458335549996
   4.7500000e+00  -27.395977575549995
   4.7600000e+00  -28.088447570549995
   4.7700000e+00  -28.770020690549995
   4.7800000e+00  -29.442273365549994
   4.7900000e+00  -30.103683235549994
   4.8000000e+00  -30.744105275549995
   4.8100000e+00  -31.342134785549995
   4.8200000e+00  -31.862279280549995
   4.8300000e+00  -32.24625663054999
   4.8400000e+00  -32.40765123604999
   4.8500000e+00   -32.25099128154999
   4.8600000e+00   -31.711604486549994
   4.8700000e+00   -30.769921196549994
   4.8800000e+00   -29.425244696549996
   4.8900000e+00   -27.686780346549995
   4.9000000e+00   -25.603160346549995
   4.9100000e+00   -23.271423596549994
   4.9200000e+00   -20.801826696549995
   4.9300000e+00   -18.282862196549996
   4.9400000e+00   -15.772197296549995
   4.9500000e+00   -13.299585446549996
   4.9600000e+00   -10.872531146549996
   4.9700000e+00   -8.484276546549996
   4.9800000e+00   -6.1161908965499965
   4.9900000e+00   -3.7321865965499965
   5.0000000e+00   -1.2781934965499961
   5.0100000e+00   1.302699553450004
   5.0200000e+00   4.050572203450004
   5.0300000e+00   6.984482503450004
   5.0400000e+00   10.112098803450003
   5.0500000e+00   13.434852553450003
   5.0600000e+00   16.941139103450002
   5.0700000e+00   20.598776603450002
   5.0800000e+00   24.36357830345
   5.0900000e+00   28.20188585345
   5.1000000e+00   32.10334930345
   5.1100000e+00   36.069703553450005
   5.1200000e+00   40.095458003450005
   5.1300000e+00   44.163571053450006
   5.1400000e+00   48.25061210345001
   5.1500000e+00   52.32663755345001
   5.1600000e+00   56.358867503450014
   5.1700000e+00   60.32268800345001
   5.1800000e+00   64.20197635345001
   5.1900000e+00   67.97857160345
   5.2000000e+00   71.63095350345
   5.2100000e+00   75.14383835345001
   5.2200000e+00   78.51113825345001
   5.2300000e+00   81.72811785345002
   5.2400000e+00   84.78611610345001
   5.2500000e+00   87.67470355345002
   5.2600000e+00   90.38343705345001
   5.2700000e+00   92.90041945345001
   5.2800000e+00   95.21348330345002
   5.2900000e+00   97.31560315345001
   5.3000000e+00   99.20636615345002
   5.3100000e+00   100.88951275345002
   5.3200000e+00   102.37728475345003
   5.3300000e+00   103.69441790345003
   5.3400000e+00   104.86699730345003
   5.3500000e+00   105.90645891845003
   5.3600000e+00   106.80664805845002
   5.3700000e+00   107.55515254345002
   5.3800000e+00   108.14859989345003
   5.3900000e+00   108.60002862845002
   5.4000000e+00   108.93498051845002
   5.4100000e+00   109.18093862845002
   5.4200000e+00   109.35553396345003
   5.4300000e+00   109.46020841095003
   5.4400000e+00  109.48307684195004
   5.4500000e+00  109.40612585045004
   5.4600000e+00  109.20923047545004
   5.4700000e+00  108.87241706545004
   5.4800000e+00  108.38382789545004
   5.4900000e+00  107.75065990045005
   5.5000000e+00  107.00192123045005
   5.5100000e+00  106.17765251545005
   5.5200000e+00  105.31038708545005
   5.5300000e+00  104.41446329545005
   5.5400000e+00  103.49239745545005
   5.5500000e+00  102.54576913545004
   5.5600000e+00  101.57579385045004
   5.5700000e+00  100.57938005545005
   5.5800000e+00  99.55026010545005
   5.5900000e+00  98.48233795545005
   5.6000000e+00  97.37285505545005
   5.6100000e+00  96.22354200545004
   5.6200000e+00  95.03412495545004
   5.6300000e+00  93.79411650545003
   5.6400000e+00  92.48620725545004
   5.6500000e+00  91.09843985545004
   5.6600000e+00  89.62852150545004
   5.6700000e+00  88.07590425545004
   5.6800000e+00  86.43608285545004
   5.6900000e+00  84.70469560545004
   5.7000000e+00  82.88257880545004
   5.7100000e+00  80.97616710545003
   5.7200000e+00  78.99591950545003
   5.7300000e+00  76.95603055545003
   5.7400000e+00  74.87362490545003
   5.7500000e+00  72.76067000545002
   5.7600000e+00  70.61395645545002
   5.7700000e+00  68.41745595545002
   5.7800000e+00  66.15489870545002
   5.7900000e+00  63.81800005545002
   5.8000000e+00  61.404387755450024
   5.8100000e+00  58.91647890545002
   5.8200000e+00  56.36950950545002
   5.8300000e+00  53.78739875545002
   5.8400000e+00  51.17994835545002
   5.8500000e+00  48.54223135545002
   5.8600000e+00  45.87953270545002
   5.8700000e+00  43.206487955450015
   5.8800000e+00  40.52234445545002
   5.8900000e+00  37.809712255450016
   5.9000000e+00  35.053856605450015
   5.9100000e+00  32.24875850545001
   5.9200000e+00  29.388947855450013
   5.9300000e+00  26.467972655450012
   5.9400000e+00  23.48951975545001
   5.9500000e+00  20.47562510545001
   5.9600000e+00  17.45995505545001
   5.9700000e+00  14.47561930545001
   5.9800000e+00  11.54719755545001
   5.9900000e+00  8.68554595545001
   6.0000000e+00  5.88938065545001
   6.0100000e+00  3.15535545545001
   6.0200000e+00  0.4836145554500102
   6.0300000e+00  -2.12698594454999
   6.0400000e+00  -4.68234074454999
   6.0500000e+00  -7.1894052945499896
   6.0600000e+00  -9.651984144549989
   6.0700000e+00  -12.069153194549989
   6.0800000e+00  -14.434878394549989
   6.0900000e+00  -16.740642144549987
   6.1000000e+00  -18.979952844549988
   6.1100000e+00  -21.149202344549987
   6.1200000e+00  -23.247616094549986
   6.1300000e+00  -25.279217644549988
   6.1400000e+00  -27.249022794549987
   6.1500000e+00  -29.15603234454999
   6.1600000e+00  -30.99599449454999
   6.1700000e+00  -32.76395729454999
   6.1800000e+00  -34.43930349454999
   6.1900000e+00  -35.97677614454999
   6.2000000e+00  -37.33138529454999
   6.2100000e+00  -38.480642194549986
   6.2200000e+00  -39.39712859454998
   6.2300000e+00  -40.015130134549985
   6.2400000e+00  -40.274594416049986
   6.2500000e+00   -40.21032881254999
   6.2600000e+00   -39.95877264254999
   6.2700000e+00   -39.66284724254999
   6.2800000e+00   -39.39585889254999
   6.2900000e+00   -39.172964427549985
   6.3000000e+00   -38.993264422549984
   6.3100000e+00   -38.852663177549985
   6.3200000e+00   -38.73633896754998
   6.3300000e+00   -38.618884282549985
   6.3400000e+00   -38.477439287549984
   6.3500000e+00   -38.30515003254998
   6.3600000e+00   -38.10938454254998
   6.3700000e+00   -37.89679796254998
   6.3800000e+00   -37.66603049754998
   6.3900000e+00   -37.414027907549986
   6.4000000e+00   -37.13997326754998
   6.4100000e+00   -36.842847822549984
   6.4200000e+00   -36.523279032549986
   6.4300000e+00   -36.18722333754999
   6.4400000e+00   -35.84247415754999
   6.4500000e+00   -35.49375245754999
   6.4600000e+00   -35.14428983254999
   6.4700000e+00   -34.79809873254999
   6.4800000e+00   -34.45761497754999
   6.4900000e+00   -34.122008552549985
   6.5000000e+00   -33.788899667549984
   6.5100000e+00   -33.45565003754999
   6.5200000e+00   -33.11956896754999
   6.5300000e+00   -32.77798275254999
   6.5400000e+00   -32.42731171754999
   6.5500000e+00   -32.06376436754999
   6.5600000e+00   -31.68745044254999
   6.5700000e+00   -31.304662642549992
   6.5800000e+00   -30.92568222254999
   6.5900000e+00   -30.56130428254999
   6.6000000e+00   -30.21797043754999
   6.6100000e+00   -29.89299636254999
   6.6200000e+00   -29.57666843254999
   6.6300000e+00   -29.25881386754999
   6.6400000e+00   -28.93152162254999
   6.6500000e+00   -28.59199125754999
   6.6600000e+00   -28.24924362254999
   6.6700000e+00   -27.92386113754999
   6.6800000e+00   -27.638715332549992
   6.6900000e+00   -27.415821777549993
   6.7000000e+00   -27.280795316549995
   6.7100000e+00  -27.257488411549996
   6.7200000e+00  -27.353923042549997
   6.7300000e+00  -27.561614852549997
   6.7400000e+00  -27.867492927549996
   6.7500000e+00  -28.257349537549995
   6.7600000e+00  -28.711643727549994
   6.7700000e+00  -29.209604042549994
   6.7800000e+00  -29.737329132549995
   6.7900000e+00  -30.282481092549993
   6.8000000e+00  -30.822198432549992
   6.8100000e+00  -31.327841277549993
   6.8200000e+00  -31.780664107549992
   6.8300000e+00  -32.17455577254999
   6.8400000e+00  -32.51168894754999
   6.8500000e+00  -32.80487066754999
   6.8600000e+00  -33.075414177549995
   6.8700000e+00  -33.341562947549995
   6.8800000e+00  -33.61165464254999
   6.8900000e+00  -33.88498197754999
   6.9000000e+00  -34.15182884254999
   6.9100000e+00  -34.39502034754999
   6.9200000e+00  -34.59953613754999
   6.9300000e+00  -34.76137316754999
   6.9400000e+00  -34.88412966254999
   6.9500000e+00  -34.96962947954999
   6.9600000e+00  -35.01387327304999
   6.9700000e+00   -35.01107580254999
   6.9800000e+00   -34.96173238054999
   6.9900000e+00   -34.87346884054999
   7.0000000e+00   -34.75098096554999
   7.0100000e+00   -34.589125245549994
   7.0200000e+00   -34.37765113054999
   7.0300000e+00   -34.10965441554999
   7.0400000e+00   -33.78683822054999
   7.0500000e+00   -33.41837235054999
   7.0600000e+00   -33.01227177054999
   7.0700000e+00   -32.570850005549985
   7.0800000e+00   -32.09888080554999
   7.0900000e+00   -31.60857722554999
   7.1000000e+00   -31.10961587554999
   7.1100000e+00   -30.601920440549993
   7.1200000e+00   -30.081796055549994
   7.1300000e+00   -29.545120225549994
   7.1400000e+00   -28.983642040549995
   7.1500000e+00   -28.388171540549994
   7.1600000e+00   -27.755869255549992
   7.1700000e+00   -27.09141359554999
   7.1800000e+00   -26.40624099554999
   7.1900000e+00   -25.718953090549988
   7.2000000e+00   -25.049976535549987
   7.2100000e+00   -24.41126543054999
   7.2200000e+00   -23.80293365054999
   7.2300000e+00   -23.21932422554999
   7.2400000e+00   -22.65303165054999
   7.2500000e+00   -22.09371211554999
   7.2600000e+00   -21.53087791054999
   7.2700000e+00   -20.959307265549988
   7.2800000e+00   -20.379309975549987
   7.2900000e+00   -19.796499555549985
   7.3000000e+00   -19.222110955549986
   7.3100000e+00   -18.666502155549985
   7.3200000e+00   -18.132051950549986
   7.3300000e+00   -17.614284800549985
   7.3400000e+00   -17.105709845549985
   7.3500000e+00   -16.597553105549984
   7.3600000e+00   -16.081228695549985
   7.3700000e+00   -15.550473525549984
   7.3800000e+00   -15.005422270549984
   7.3900000e+00   -14.456525930549983
   7.4000000e+00   -13.921637320549983
   7.4100000e+00   -13.419155790549983
   7.4200000e+00   -12.967161130549982
   7.4300000e+00   -12.585584300549982
   7.4400000e+00   -12.290672095549983
   7.4500000e+00   -12.083528390549983
   7.4600000e+00   -11.945277090549983
   7.4700000e+00   -11.845574526549983
   7.4800000e+00   -11.757321337049984
   7.4900000e+00   -11.664409973549983
   7.5000000e+00   -11.559413940549982
   7.5100000e+00   -11.439487620549983
   7.5200000e+00   -11.305678075549983
   7.5300000e+00   -11.163828925549982
   7.5400000e+00   -11.023881410549983
   7.5500000e+00   -10.897220475549982
   7.5600000e+00   -10.796513719549983
   7.5700000e+00   -10.737620658549984
   7.5800000e+00  -10.734555187049985
   7.5900000e+00  -10.788340061549984
   7.6000000e+00  -10.883893572549985
   7.6100000e+00  -10.999492522549986
   7.6200000e+00  -11.117958622549985
   7.6300000e+00  -11.231155582549984
   7.6400000e+00  -11.338717757549984
   7.6500000e+00  -11.444636957549985
   7.6600000e+00  -11.553884517549985
   7.6700000e+00  -11.669177147549986
   7.6800000e+00  -11.789898987549986
   7.6900000e+00  -11.915626737549985
   7.7000000e+00  -12.048203837549986
   7.7100000e+00  -12.186808407549986
   7.7200000e+00  -12.324743222549985
   7.7300000e+00  -12.455492212549986
   7.7400000e+00  -12.579311702549987
   7.7500000e+00  -12.702586867549988
   7.7600000e+00  -12.834706312549988
   7.7700000e+00  -12.985256987549988
   7.7800000e+00  -13.159178787549989
   7.7900000e+00  -13.352623622549988
   7.8000000e+00  -13.554919547549988
   7.8100000e+00  -13.755778412549988
   7.8200000e+00  -13.949320297549988
   7.8300000e+00  -14.132008247549988
   7.8400000e+00  -14.303590792549988
   7.8500000e+00  -14.471066487549988
   7.8600000e+00  -14.64424795254999
   7.8700000e+00  -14.82770868754999
   7.8800000e+00  -15.02261403754999
   7.8900000e+00  -15.232727672549991
   7.9000000e+00  -15.46302764754999
   7.9100000e+00  -15.71453769254999
   7.9200000e+00  -15.981902247549991
   7.9300000e+00  -16.25415871754999
   7.9400000e+00  -16.51967914754999
   7.9500000e+00  -16.77214832254999
   7.9600000e+00  -17.010023742549993
   7.9700000e+00  -17.230509517549994
   7.9800000e+00  -17.426149477549995
   7.9900000e+00  -17.586215747549996
   8.0000000e+00  -17.697344914049996
   8.0100000e+00  -17.744195316049996
   8.0200000e+00   -17.719127086549996
   8.0300000e+00   -17.634390936549995
   8.0400000e+00   -17.517979431549996
   8.0500000e+00   -17.394515306549994
   8.0600000e+00   -17.271803351549995
   8.0700000e+00   -17.143746181549993
   8.0800000e+00   -17.000832251549994
   8.0900000e+00   -16.836999966549993
   8.1000000e+00   -16.651050886549992
   8.1100000e+00   -16.444997701549994
   8.1200000e+00   -16.223137571549994
   8.1300000e+00   -15.993034051549994
   8.1400000e+00   -15.764049476549994
   8.1500000e+00   -15.543797981549995
   8.1600000e+00   -15.337066616549995
   8.1700000e+00   -15.144901676549996
   8.1800000e+00   -14.962298261549995
   8.1900000e+00   -14.779791781549994
   8.2000000e+00   -14.588313846549994
   8.2100000e+00   -14.381205331549994
   8.2200000e+00   -14.154710361549995
   8.2300000e+00   -13.909816446549994
   8.2400000e+00   -13.652094981549995
   8.2500000e+00   -13.387712566549995
   8.2600000e+00   -13.119509266549995
   8.2700000e+00   -12.847757581549995
   8.2800000e+00   -12.572716291549995
   8.2900000e+00   -12.293177036549995
   8.3000000e+00   -12.006019476549994
   8.3100000e+00   -11.710372096549994
   8.3200000e+00   -11.408475151549995
   8.3300000e+00   -11.104059396549994
   8.3400000e+00   -10.804569981549994
   8.3500000e+00   -10.520566531549994
   8.3600000e+00   -10.259103116549994
   8.3700000e+00   -10.021471896549993
   8.3800000e+00   -9.808314466549993
   8.3900000e+00   -9.623224321549992
   8.4000000e+00   -9.470491671549992
   8.4100000e+00   -9.351926626549991
   8.4200000e+00   -9.267389496549992
   8.4300000e+00   -9.216898191049992
   8.4400000e+00  -9.200838424099992
   8.4500000e+00  -9.21829651614999
   8.4600000e+00  -9.265274124649991
   8.4700000e+00  -9.335603879149991
   8.4800000e+00  -9.423790765649992
   8.4900000e+00  -9.524760117649992
   8.5000000e+00  -9.631188857649992
   8.5100000e+00  -9.731807541649992
   8.5200000e+00  -9.810096767649993
   8.5300000e+00  -9.845443403249993
   8.5400000e+00   -9.819223969349993
   8.5500000e+00   -9.722113936849993
   8.5600000e+00   -9.557534786849994
   8.5700000e+00   -9.339044986849993
   8.5800000e+00   -9.083732351849994
   8.5900000e+00   -8.806613511849994
   8.6000000e+00   -8.517790101849993
   8.6100000e+00   -8.221792981849994
   8.6200000e+00   -7.920006171849994
   8.6300000e+00   -7.613777976849994
   8.6400000e+00   -7.304883351849994
   8.6500000e+00   -6.995124486849994
   8.6600000e+00   -6.6849122568499935
   8.6700000e+00   -6.369263156849994
   8.6800000e+00   -6.037842886849994
   8.6900000e+00   -5.683125511849994
   8.7000000e+00   -5.305824706849994
   8.7100000e+00   -4.909624611849994
   8.7200000e+00   -4.495612576849994
   8.7300000e+00   -4.064850366849994
   8.7400000e+00   -3.6206551418499937
   8.7500000e+00   -3.165681921849994
   8.7600000e+00   -2.701124216849994
   8.7700000e+00   -2.230029131849994
   8.7800000e+00   -1.758886046849994
   8.7900000e+00   -1.294736051849994
   8.8000000e+00   -0.841058331849994
   8.8100000e+00   -0.398448686849994
   8.8200000e+00   0.02928178815000604
   8.8300000e+00   0.4306815481500061
   8.8400000e+00   0.7890813681500062
   8.8500000e+00   1.0899344481500062
   8.8600000e+00   1.3278714281500061
   8.8700000e+00   1.5080817031500062
   8.8800000e+00   1.6399441431500061
   8.8900000e+00   1.7299049971500062
   8.9000000e+00   1.7821029161500062
   8.9100000e+00   1.8017411768500062
   8.9200000e+00  1.7934981450500063
   8.9300000e+00  1.7607084070500063
   8.9400000e+00  1.7085679955500064
   8.9500000e+00  1.6427720815500064
   8.9600000e+00  1.5644803425500065
   8.9700000e+00  1.4715096265500065
   8.9800000e+00  1.3623370065500064
   8.9900000e+00  1.2361772615500064
   9.0000000e+00  1.0934991465500064
   9.0100000e+00  0.9371891415500063
   9.0200000e+00  0.7694468015500063
   9.0300000e+00  0.5877881165500063
   9.0400000e+00  0.3860662515500063
   9.0500000e+00  0.16011209655000627
   9.0600000e+00  -0.08809693344999375
   9.0700000e+00  -0.3519005684499938
   9.0800000e+00  -0.6244594134499938
   9.0900000e+00  -0.9024591934499937
   9.1000000e+00  -1.1850028984499938
   9.1100000e+00  -1.4688634434499939
   9.1200000e+00  -1.7489093434499938
   9.1300000e+00  -2.020629813449994
   9.1400000e+00  -2.275780958449994
   9.1500000e+00  -2.500642958449994
   9.1600000e+00  -2.685197013449994
   9.1700000e+00  -2.831570083449994
   9.1800000e+00  -2.9531348284499943
   9.1900000e+00  -3.0677313034499942
   9.2000000e+00  -3.188072798449994
   9.2100000e+00  -3.315348378449994
   9.2200000e+00  -3.4430956934499943
   9.2300000e+00  -3.5653832834499943
   9.2400000e+00  -3.6798731384499943
   9.2500000e+00  -3.787742663449994
   9.2600000e+00  -3.894138633449994
   9.2700000e+00  -4.006845183449994
   9.2800000e+00  -4.133220928449994
   9.2900000e+00  -4.2787119684499935
   9.3000000e+00  -4.445912983449993
   9.3100000e+00  -4.631742003449993
   9.3200000e+00  -4.8252922734499935
   9.3300000e+00  -5.011089248449993
   9.3400000e+00  -5.1766899234499935
   9.3500000e+00  -5.316417698449993
   9.3600000e+00  -5.4289560249499935
   9.3700000e+00  -5.515950194449993
   9.3800000e+00  -5.582270621449993
   9.3900000e+00  -5.632663263449993
   9.4000000e+00  -5.667931093449994
   9.4100000e+00  -5.686375884699994
   9.4200000e+00   -5.686795622399994
   9.4300000e+00   -5.668014118849994
   9.4400000e+00   -5.628476216849994
   9.4500000e+00   -5.567952008849994
   9.4600000e+00   -5.485747444849993
   9.4700000e+00   -5.376646258849993
   9.4800000e+00   -5.233193633849993
   9.4900000e+00   -5.0511538938499925
   9.5000000e+00   -4.829277623849992
   9.5100000e+00   -4.566951968849993
   9.5200000e+00   -4.263572418849993
   9.5300000e+00   -3.916270128849993
   9.5400000e+00   -3.521104758849993
   9.5500000e+00   -3.081480643849993
   9.5600000e+00   -2.6102617288499927
   9.5700000e+00   -2.119730808849993
   9.5800000e+00   -1.6156646038499929
   9.5900000e+00   -1.1031395188499928
   9.6000000e+00   -0.5904087938499929
   9.6100000e+00   -0.08415273384999289
   9.6200000e+00   0.4137039711500071
   9.6300000e+00   0.9025356711500072
   9.6400000e+00   1.3802795661500071
   9.6500000e+00   1.846021886150007
   9.6600000e+00   2.303046986150007
   9.6700000e+00   2.7584127661500073
   9.6800000e+00   3.2214120961500075
   9.6900000e+00   3.7021217661500074
   9.7000000e+00   4.209463971150008
   9.7100000e+00   4.749597381150008
   9.7200000e+00   5.324585711150008
   9.7300000e+00   5.932610656150008
   9.7400000e+00   6.570611581150008
   9.7500000e+00   7.235486906150007
   9.7600000e+00   7.923872636150008
   9.7700000e+00   8.634421516150008
   9.7800000e+00   9.368887851150008
   9.7900000e+00   10.129749906150009
   9.8000000e+00   10.920235151150008
   9.8100000e+00   11.745246751150008
   9.8200000e+00   12.608189506150008
   9.8300000e+00   13.508917386150008
   9.8400000e+00   14.445298821150008
   9.8500000e+00   15.412560936150008
   9.8600000e+00   16.40108153115001
   9.8700000e+00   17.397740201150008
   9.8800000e+00   18.38955745615001
   9.8900000e+00   19.36614637615001
   9.9000000e+00   20.32081530615001
   9.9100000e+00   21.25126646615001
   9.9200000e+00   22.15888890115001
   9.9300000e+00   23.04473144615001
   9.9400000e+00   23.90587294615001
   9.9500000e+00   24.738239961150008
   9.9600000e+00   25.54061212615001
   9.9700000e+00   26.31163084615001
   9.9800000e+00   27.04532936115001
   9.9900000e+00   27.73304282115001
   1.0000000e+01   28.368243291150012
   1.0010000e+01   28.94727380615001
   1.0020000e+01   29.46667021115001
   1.0030000e+01   29.92276276615001
   1.0040000e+01   30.311609281150012
   1.0050000e+01   30.625608936150012
   1.0060000e+01   30.855005281150014
   1.0070000e+01   30.996846214650013
   1.0080000e+01   31.057809488650012
   1.0090000e+01  31.047522791150012
   1.0100000e+01  30.97401568815001
   1.0110000e+01  30.843856518150012
   1.0120000e+01  30.66136961315001
   1.0130000e+01  30.42838739815001
   1.0140000e+01  30.147693068150012
   1.0150000e+01  29.825766658150012
   1.0160000e+01  29.47037736815001
   1.0170000e+01  29.08680592815001
   1.0180000e+01  28.67775412815001
   1.0190000e+01  28.24443660815001
   1.0200000e+01  27.78534930815001
   1.0210000e+01  27.29639907315001
   1.0220000e+01  26.77402112315001
   1.0230000e+01  26.21507670315001
   1.0240000e+01  25.614522108150013
   1.0250000e+01  24.970678563150013
   1.0260000e+01  24.29421818315001
   1.0270000e+01  23.60565546315001
   1.0280000e+01  22.92282373315001
   1.0290000e+01  22.25354918315001
   1.0300000e+01  21.597757608150012
   1.0310000e+01  20.95313222315001
   1.0320000e+01  20.31994900815001
   1.0330000e+01  19.701936123150013
   1.0340000e+01  19.103464843150014
   1.0350000e+01  18.527989113150014
   1.0360000e+01  17.979462443150013
   1.0370000e+01  17.463245598150014
   1.0380000e+01  16.983893878150013
   1.0390000e+01  16.54347003315001
   1.0400000e+01  16.14466174315001
   1.0410000e+01  15.79181066315001
   1.0420000e+01  15.48384728315001
   1.0430000e+01  15.21085134315001
   1.0440000e+01  14.96102863815001
   1.0450000e+01  14.72490209315001
   1.0460000e+01  14.49179873815001
   1.0470000e+01  14.24808401315001
   1.0480000e+01  13.97929094315001
   1.0490000e+01  13.67255653315001
   1.0500000e+01  13.31773324815001
   1.0510000e+01  12.908220828150009
   1.0520000e+01  12.44523705315001
   1.0530000e+01  11.94145854315001
   1.0540000e+01  11.41517627315001
   1.0550000e+01  10.88066766815001
   1.0560000e+01  10.34732116815001
   1.0570000e+01  9.823708233150011
   1.0580000e+01  9.31627394815001
   1.0590000e+01  8.82742494315001
   1.0600000e+01  8.35902225815001
   1.0610000e+01  7.91320427315001
   1.0620000e+01  7.4885862581500096
   1.0630000e+01  7.08177914815001
   1.0640000e+01  6.69120897315001
   1.0650000e+01  6.31294534315001
   1.0660000e+01  5.93777851815001
   1.0670000e+01  5.560075388150009
   1.0680000e+01  5.18276767315001
   1.0690000e+01  4.80653834815001
   1.0700000e+01  4.42281055815001
   1.0710000e+01  4.02370072315001
   1.0720000e+01  3.60998034315001
   1.0730000e+01  3.18478585815001
   1.0740000e+01  2.74705208315001
   1.0750000e+01  2.29439330315001
   1.0760000e+01  1.8274602231500099
   1.0770000e+01  1.3490154781500099
   1.0780000e+01  0.8626487431500098
   1.0790000e+01  0.3751670331500098
   1.0800000e+01  -0.10299253684999016
   1.0810000e+01  -0.5618832418499902
   1.0820000e+01  -0.9941422818499901
   1.0830000e+01  -1.39523539184999
   1.0840000e+01  -1.76797533684999
   1.0850000e+01  -2.12412436184999
   1.0860000e+01  -2.4751701418499903
   1.0870000e+01  -2.8243158018499903
   1.0880000e+01  -3.1693324018499904
   1.0890000e+01  -3.5072191568499904
   1.0900000e+01  -3.8346634918499904
   1.0910000e+01  -4.14828783684999
   1.0920000e+01  -4.44615727184999
   1.0930000e+01  -4.72912659184999
   1.0940000e+01  -5.00030807684999
   1.0950000e+01  -5.26209381684999
   1.0960000e+01  -5.5144622818499895
   1.0970000e+01  -5.75719377684999
   1.0980000e+01  -5.99230138684999
   1.0990000e+01  -6.22198475684999
   1.1000000e+01  -6.44359961684999
   1.1010000e+01  -6.64910354184999
   1.1020000e+01  -6.83090547184999
   1.1030000e+01  -6.98533288184999
   1.1040000e+01  -7.11005684184999
   1.1050000e+01  -7.20190031534999
   1.1060000e+01  -7.25680010634999
   1.1070000e+01   -7.26983902589999
   1.1080000e+01   -7.23620197244999
   1.1090000e+01   -7.15144629194999
   1.1100000e+01   -7.010199916949991
   1.1110000e+01   -6.809017106949991
   1.1120000e+01   -6.552762896949991
   1.1130000e+01   -6.252891661949991
   1.1140000e+01   -5.918844551949991
   1.1150000e+01   -5.557776481949991
   1.1160000e+01   -5.180258551949991
   1.1170000e+01   -4.798128641949991
   1.1180000e+01   -4.419914506949991
   1.1190000e+01   -4.05405514194999
   1.1200000e+01   -3.7112845719499905
   1.1210000e+01   -3.3996257869499904
   1.1220000e+01   -3.1217534019499906
   1.1230000e+01   -2.8772905419499906
   1.1240000e+01   -2.6628750419499907
   1.1250000e+01   -2.4729978869499907
   1.1260000e+01   -2.3050222269499905
   1.1270000e+01   -2.1599933919499903
   1.1280000e+01   -2.0366668069499902
   1.1290000e+01   -1.9291592819499903
   1.1300000e+01   -1.8317207664499904
   1.1310000e+01   -1.7397953134499904
   1.1320000e+01   -1.6440593909499903
   1.1330000e+01   -1.5309493809499903
   1.1340000e+01   -1.3927168259499902
   1.1350000e+01   -1.2309187959499903
   1.1360000e+01   -1.0500251809499903
   1.1370000e+01   -0.8540551209499903
   1.1380000e+01   -0.6477005509499902
   1.1390000e+01   -0.4356250609499902
   1.1400000e+01   -0.2210010359499902
   1.1410000e+01   -0.005651950949990214
   1.1420000e+01   0.2088388040500098
   1.1430000e+01   0.42061562405000974
   1.1440000e+01   0.6287752390500098
   1.1450000e+01   0.8350251390500097
   1.1460000e+01   1.0437264940500097
   1.1470000e+01   1.2593110640500098
   1.1480000e+01   1.4828806790500098
   1.1490000e+01   1.7119852240500097
   1.1500000e+01   1.9421121590500097
   1.1510000e+01   2.1665363640500095
   1.1520000e+01   2.3777234540500096
   1.1530000e+01   2.5714492340500095
   1.1540000e+01   2.7486080840500096
   1.1550000e+01   2.9123250190500096
   1.1560000e+01   3.0642820190500095
   1.1570000e+01   3.2056041040500096
   1.1580000e+01   3.33872200905001
   1.1590000e+01   3.4638469040500097
   1.1600000e+01   3.57687472405001
   1.1610000e+01   3.6735588000500097
   1.1620000e+01   3.7512105855500097
   1.1630000e+01   3.80701567955001
   1.1640000e+01   3.8397905750500096
   1.1650000e+01   3.8521742111500097
   1.1660000e+01  3.8496251575000096
   1.1670000e+01  3.8401015682500095
   1.1680000e+01  3.8341102558000095
   1.1690000e+01   3.8401437438500095
   1.1700000e+01   3.8596094218500094
   1.1710000e+01   3.8915910498500095
   1.1720000e+01   3.9419987003500094
   1.1730000e+01   4.02078816535001
   1.1740000e+01   4.131510879850009
   1.1750000e+01   4.269948494850009
   1.1760000e+01   4.430558769850009
   1.1770000e+01   4.609052644850009
   1.1780000e+01   4.7977627948500094
   1.1790000e+01   4.98155943985001
   1.1800000e+01   5.1455038698500095
   1.1810000e+01   5.288284434850009
   1.1820000e+01   5.421778694850009
   1.1830000e+01   5.557810529850009
   1.1840000e+01   5.701652959850009
   1.1850000e+01   5.855382479850009
   1.1860000e+01   6.019592374850009
   1.1870000e+01   6.192097494850009
   1.1880000e+01   6.368295459850009
   1.1890000e+01   6.541470194850009
   1.1900000e+01   6.7035456398500095
   1.1910000e+01   6.849178109850009
   1.1920000e+01   6.977218274850009
   1.1930000e+01   7.087043984850009
   1.1940000e+01   7.177905064850009
   1.1950000e+01   7.251180625850009
   1.1960000e+01   7.309819763350009
   1.1970000e+01   7.358565365350009
   1.1980000e+01   7.406193913350009
   1.1990000e+01   7.462816229850009
   1.2000000e+01   7.533975261850009
   1.2010000e+01   7.621126918350009
   1.2020000e+01   7.726425106850009
   1.2030000e+01   7.851181206850009
   1.2040000e+01   7.990436986850009
   1.2050000e+01   8.13526410685001
   1.2060000e+01   8.28099095185001
   1.2070000e+01   8.43027878685001
   1.2080000e+01   8.589290056850011
   1.2090000e+01   8.762209266850011
   1.2100000e+01   8.948249486850012
   1.2110000e+01   9.144444921850011
   1.2120000e+01   9.350192736850012
   1.2130000e+01   9.563914106850012
   1.2140000e+01   9.777759256850011
   1.2150000e+01   9.983329781850012
   1.2160000e+01   10.179627886850012
   1.2170000e+01   10.369316091850012
   1.2180000e+01   10.550019076850012
   1.2190000e+01   10.713286606850012
   1.2200000e+01   10.852857836850012
   1.2210000e+01   10.973191376850012
   1.2220000e+01   11.087222811850012
   1.2230000e+01   11.205593246850011
   1.2240000e+01   11.330041276850011
   1.2250000e+01   11.45664548185001
   1.2260000e+01   11.584259476850011
   1.2270000e+01   11.718166366850012
   1.2280000e+01   11.864490451850012
   1.2290000e+01   12.023249266850012
   1.2300000e+01   12.187754006850012
   1.2310000e+01   12.350995206850012
   1.2320000e+01   12.513572381850011
   1.2330000e+01   12.68216991185001
   1.2340000e+01   12.859026101850011
   1.2350000e+01   13.03790543185001
   1.2360000e+01   13.21106238685001
   1.2370000e+01   13.37556987185001
   1.2380000e+01   13.53209085185001
   1.2390000e+01   13.680469906850009
   1.2400000e+01   13.818479971850008
   1.2410000e+01   13.943928891850009
   1.2420000e+01   14.055810936850008
   1.2430000e+01   14.153314609850009
   1.2440000e+01   14.234987832350008
   1.2450000e+01   14.299576814850008
   1.2460000e+01   14.348015712850009
   1.2470000e+01   14.383996760350009
   1.2480000e+01   14.41175841485001
   1.2490000e+01   14.433652301850008
   1.2500000e+01   14.450232079350009
   1.2510000e+01   14.46169502955001
   1.2520000e+01   14.467936019300009
   1.2530000e+01  14.467174984300009
   1.2540000e+01  14.454829114750009
   1.2550000e+01  14.42419560825001
   1.2560000e+01  14.369417138250009
   1.2570000e+01  14.28721458775001
   1.2580000e+01  14.17429315825001
   1.2590000e+01  14.02611894325001
   1.2600000e+01  13.84285355325001
   1.2610000e+01  13.63459859325001
   1.2620000e+01  13.416907308250009
   1.2630000e+01  13.201039758250008
   1.2640000e+01  12.987521713250008
   1.2650000e+01  12.769239723250008
   1.2660000e+01  12.542080883250009
   1.2670000e+01  12.307623008250008
   1.2680000e+01  12.064057528250007
   1.2690000e+01  11.802562093250007
   1.2700000e+01  11.516234593250006
   1.2710000e+01  11.208879448250006
   1.2720000e+01  10.890541648250005
   1.2730000e+01  10.565189158250005
   1.2740000e+01  10.229484698250005
   1.2750000e+01  9.881777443250005
   1.2760000e+01  9.523746318250005
   1.2770000e+01  9.156893523250005
   1.2780000e+01  8.782930093250005
   1.2790000e+01  8.402429753250006
   1.2800000e+01  8.013399298250006
   1.2810000e+01  7.6166246482500055
   1.2820000e+01  7.218609328250006
   1.2830000e+01  6.825387198250006
   1.2840000e+01  6.436347473250006
   1.2850000e+01  6.045438423250006
   1.2860000e+01  5.6484690082500055
   1.2870000e+01  5.248229778250005
   1.2880000e+01  4.848837033250005
   1.2890000e+01  4.447089343250005
   1.2900000e+01  4.0342962982500055
   1.2910000e+01  3.6044403982500053
   1.2920000e+01  3.1580421132500054
   1.2930000e+01  2.6995407382500054
   1.2940000e+01  2.2323266482500053
   1.2950000e+01  1.7579781982500053
   1.2960000e+01  1.2788462482500054
   1.2970000e+01  0.7978207232500054
   1.2980000e+01  0.3166831132500054
   1.2990000e+01  -0.1634157717499946
   1.3000000e+01  -0.6403920517499946
   1.3010000e+01  -1.1104618767499945
   1.3020000e+01  -1.5693092367499946
   1.3030000e+01  -2.0137580917499944
   1.3040000e+01  -2.4421062667499944
   1.3050000e+01  -2.8538715667499943
   1.3060000e+01  -3.2483985617499944
   1.3070000e+01  -3.6220504767499944
   1.3080000e+01  -3.9685020417499945
   1.3090000e+01  -4.284247701749995
   1.3100000e+01  -4.572316206749995
   1.3110000e+01  -4.8392417017499945
   1.3120000e+01  -5.091877981749994
   1.3130000e+01  -5.338166076749994
   1.3140000e+01  -5.585985796749994
   1.3150000e+01  -5.839640306749994
   1.3160000e+01  -6.099033331749993
   1.3170000e+01  -6.359150876749993
   1.3180000e+01  -6.609043071749993
   1.3190000e+01  -6.836915881749993
   1.3200000e+01  -7.037509816749993
   1.3210000e+01  -7.210656891749993
   1.3220000e+01  -7.355947701749993
   1.3230000e+01  -7.474515741749993
   1.3240000e+01  -7.572184830249993
   1.3250000e+01  -7.655171781249993
   1.3260000e+01  -7.726214641749993
   1.3270000e+01  -7.788548080249993
   1.3280000e+01  -7.848774424249993
   1.3290000e+01  -7.912810839749993
   1.3300000e+01  -7.981916230249993
   1.3310000e+01  -8.052745104749993
   1.3320000e+01  -8.118989527249994
   1.3330000e+01  -8.173363923749994
   1.3340000e+01  -8.210185084749995
   1.3350000e+01  -8.227960835749995
   1.3360000e+01   -8.228754854349996
   1.3370000e+01   -8.213139528449995
   1.3380000e+01   -8.178521181949995
   1.3390000e+01   -8.123841020449994
   1.3400000e+01   -8.050786958949994
   1.3410000e+01   -7.961582226949994
   1.3420000e+01   -7.861180141949994
   1.3430000e+01   -7.757548386949994
   1.3440000e+01   -7.6562786039499935
   1.3450000e+01   -7.558557107449993
   1.3460000e+01   -7.463211899449993
   1.3470000e+01   -7.366788798449993
   1.3480000e+01   -7.263048066949993
   1.3490000e+01   -7.1456051919499926
   1.3500000e+01   -7.011949281949993
   1.3510000e+01   -6.863712961949993
   1.3520000e+01   -6.7034262069499935
   1.3530000e+01   -6.533694266949993
   1.3540000e+01   -6.3588602119499935
   1.3550000e+01   -6.185188546949994
   1.3560000e+01   -6.020562706949994
   1.3570000e+01   -5.872678066949994
   1.3580000e+01   -5.742539711949994
   1.3590000e+01   -5.619946116949994
   1.3600000e+01   -5.489624786949994
   1.3610000e+01   -5.342485821949994
   1.3620000e+01   -5.178832096949995
   1.3630000e+01   -5.001355321949995
   1.3640000e+01   -4.810804521949995
   1.3650000e+01   -4.611313601949996
   1.3660000e+01   -4.412216241949996
   1.3670000e+01   -4.218825311949996
   1.3680000e+01   -4.027617806949996
   1.3690000e+01   -3.834674506949996
   1.3700000e+01   -3.642080106949996
   1.3710000e+01   -3.451638586949996
   1.3720000e+01   -3.259402911949996
   1.3730000e+01   -3.0611210569499963
   1.3740000e+01   -2.857216496949996
   1.3750000e+01   -2.649958926949996
   1.3760000e+01   -2.4397454719499962
   1.3770000e+01   -2.2257367619499964
   1.3780000e+01   -2.0093295769499964
   1.3790000e+01   -1.7944590569499963
   1.3800000e+01   -1.5839006219499963
   1.3810000e+01   -1.3787053819499961
   1.3820000e+01   -1.1802505619499961
   1.3830000e+01   -0.9904067469499961
   1.3840000e+01   -0.813050011949996
   1.3850000e+01   -0.6550944869499961
   1.3860000e+01   -0.5205687869499961
   1.3870000e+01   -0.4046795069499961
   1.3880000e+01   -0.2976732369499961
   1.3890000e+01   -0.1917651619499961
   1.3900000e+01   -0.0816433569499961
   1.3910000e+01   0.03681809805000391
   1.3920000e+01   0.16396214805000392
   1.3930000e+01   0.2951917580500039
   1.3940000e+01   0.4256672430500039
   1.3950000e+01   0.554579643050004
   1.3960000e+01   0.6822490730500039
   1.3970000e+01   0.805159423050004
   1.3980000e+01   0.918471123050004
   1.3990000e+01   1.022529678050004
   1.4000000e+01   1.121970813050004
   1.4010000e+01   1.2195611950500038
   1.4020000e+01   1.3162459465500038
   1.4030000e+01   1.4160291260500038
   1.4040000e+01   1.5247557510500038
   1.4050000e+01   1.6442499610500039
   1.4060000e+01   1.773366126050004
   1.4070000e+01   1.913569366050004
   1.4080000e+01   2.0662586260500038
   1.4090000e+01   2.226582976050004
   1.4100000e+01   2.386970856050004
   1.4110000e+01   2.542845036050004
   1.4120000e+01   2.690374111050004
   1.4130000e+01   2.824893881050004
   1.4140000e+01   2.943068856050004
   1.4150000e+01   3.042379651050004
   1.4160000e+01   3.121690203050004
   1.4170000e+01   3.183464721050004
   1.4180000e+01   3.230336510550004
   1.4190000e+01   3.261071877050004
   1.4200000e+01   3.273231055650004
   1.4210000e+01  3.2664290677500043
   1.4220000e+01  3.2419846257500042
   1.4230000e+01  3.2020971567500043
   1.4240000e+01  3.1477710132500043
   1.4250000e+01  3.0761884317500043
   1.4260000e+01  2.9833880182500043
   1.4270000e+01  2.869207208250004
   1.4280000e+01  2.736412118250004
   1.4290000e+01  2.5861754982500043
   1.4300000e+01  2.416300198250004
   1.4310000e+01  2.224794358250004
   1.4320000e+01  2.015442638250004
   1.4330000e+01  1.7966837632500041
   1.4340000e+01  1.5736560432500042
   1.4350000e+01  1.3447791632500041
   1.4360000e+01  1.107331518250004
   1.4370000e+01  0.8628083382500041
   1.4380000e+01  0.6153968632500041
   1.4390000e+01  0.3688973682500041
   1.4400000e+01  0.12617728825000407
   1.4410000e+01  -0.11192180174999594
   1.4420000e+01  -0.347620581749996
   1.4430000e+01  -0.584516946749996
   1.4440000e+01  -0.826263781749996
   1.4450000e+01  -1.076123976749996
   1.4460000e+01  -1.333514326749996
   1.4470000e+01  -1.592671786749996
   1.4480000e+01  -1.849569876749996
   1.4490000e+01  -2.108052911749996
   1.4500000e+01  -2.3758961967499963
   1.4510000e+01  -2.6572647217499963
   1.4520000e+01  -2.9523965067499964
   1.4530000e+01  -3.2630521967499964
   1.4540000e+01  -3.5932515467499964
   1.4550000e+01  -3.9443463517499966
   1.4560000e+01  -4.313455296749996
   1.4570000e+01  -4.697437821749997
   1.4580000e+01  -5.095465751749996
   1.4590000e+01  -5.506086486749997
   1.4600000e+01  -5.924398146749996
   1.4610000e+01  -6.3443492017499965
   1.4620000e+01  -6.761641681749996
   1.4630000e+01  -7.174556071749996
   1.4640000e+01  -7.584479201749996
   1.4650000e+01  -7.994089481749996
   1.4660000e+01  -8.403294716749997
   1.4670000e+01  -8.807729951749996
   1.4680000e+01  -9.201705561749996
   1.4690000e+01  -9.582637556749996
   1.4700000e+01  -9.951957916749995
   1.4710000e+01  -10.311280721749995
   1.4720000e+01  -10.659261806749996
   1.4730000e+01  -10.992734791749996
   1.4740000e+01  -11.307756226749996
   1.4750000e+01  -11.598431041749995
   1.4760000e+01  -11.857721141749995
   1.4770000e+01  -12.079513746749994
   1.4780000e+01  -12.259218696749993
   1.4790000e+01  -12.395347636749994
   1.4800000e+01  -12.490541105749994
   1.4810000e+01  -12.548971347249994
   1.4820000e+01  -12.575492257749994
   1.4830000e+01   -12.578550445349995
   1.4840000e+01   -12.568278763449994
   1.4850000e+01   -12.549060286949993
   1.4860000e+01   -12.519003168449993
   1.4870000e+01   -12.478212371949994
   1.4880000e+01   -12.431993049949993
   1.4890000e+01   -12.384944975949994
   1.4900000e+01   -12.337407268449994
   1.4910000e+01   -12.289561241949993
   1.4920000e+01   -12.245065223949993
   1.4930000e+01   -12.206901171449992
   1.4940000e+01   -12.170895883949992
   1.4950000e+01   -12.127554581949992
   1.4960000e+01   -12.069633569449993
   1.4970000e+01   -11.994135764949993
   1.4980000e+01   -11.899781949949993
   1.4990000e+01   -11.787400554949993
   1.5000000e+01   -11.660261774949994
   1.5010000e+01   -11.521763284949994
   1.5020000e+01   -11.376515589949994
   1.5030000e+01   -11.234061769949994
   1.5040000e+01   -11.106215809949994
   1.5050000e+01   -10.998946475949994
   1.5060000e+01   -10.909831804449993
   1.5070000e+01   -10.833521482949994
   1.5080000e+01   -10.765844119449994
   1.5090000e+01   -10.702402211449995
   1.5100000e+01   -10.638373751449995
   1.5110000e+01   -10.571708485449996
   1.5120000e+01   -10.503400321449996
   1.5130000e+01   -10.434347052449997
   1.5140000e+01   -10.364279077449996
   1.5150000e+01   -10.293010714449997
   1.5160000e+01   -10.220822343949997
   1.5170000e+01   -10.147815005449997
   1.5180000e+01   -10.073711512949997
   1.5190000e+01   -9.998273626949997
   1.5200000e+01   -9.921439716449997
   1.5210000e+01   -9.842048404449997
   1.5220000e+01   -9.756087663449998
   1.5230000e+01   -9.658226212949998
   1.5240000e+01   -9.545683712949998
   1.5250000e+01   -9.417369642949998
   1.5260000e+01   -9.269093627949998
   1.5270000e+01   -9.094451402949998
   1.5280000e+01   -8.891158617949998
   1.5290000e+01   -8.663134772949999
   1.5300000e+01   -8.416667227949999
   1.5310000e+01   -8.155337082949998
   1.5320000e+01   -7.878463372949998
   1.5330000e+01   -7.587463767949998
   1.5340000e+01   -7.2916771429499985
   1.5350000e+01   -7.001894662949998
   1.5360000e+01   -6.722958917949998
   1.5370000e+01   -6.458249302949998
   1.5380000e+01   -6.213377487949998
   1.5390000e+01   -5.989185662949998
   1.5400000e+01   -5.777472892949998
   1.5410000e+01   -5.568956227949998
   1.5420000e+01   -5.361882337949997
   1.5430000e+01   -5.160955647949997
   1.5440000e+01   -4.971680752949998
   1.5450000e+01   -4.796119152949998
   1.5460000e+01   -4.632530202949997
   1.5470000e+01   -4.479445767949997
   1.5480000e+01   -4.337101732949997
   1.5490000e+01   -4.205218637949997
   1.5500000e+01   -4.085268832949997
   1.5510000e+01   -3.982331469449997
   1.5520000e+01   -3.899739898449997
   1.5530000e+01   -3.835985351449997
   1.5540000e+01   -3.787531850449997
   1.5550000e+01   -3.749133603949997
   1.5560000e+01   -3.712679747949997
   1.5570000e+01   -3.6715105509499972
   1.5580000e+01   -3.6263403064499973
   1.5590000e+01   -3.5832374364499975
   1.5600000e+01   -3.5452071664499973
   1.5610000e+01   -3.509580071949997
   1.5620000e+01   -3.475054543449997
   1.5630000e+01   -3.447662209449997
   1.5640000e+01   -3.435863335849997
   1.5650000e+01  -3.439718918249997
   1.5660000e+01  -3.449203046799997
   1.5670000e+01  -3.455225686149997
   1.5680000e+01  -3.4574758128499967
   1.5690000e+01  -3.4597766056499966
   1.5700000e+01  -3.4647237591499964
   1.5710000e+01  -3.4756391552499966
   1.5720000e+01  -3.4974432642499966
   1.5730000e+01  -3.531986510749997
   1.5740000e+01  -3.5760922387499967
   1.5750000e+01  -3.626397494249997
   1.5760000e+01  -3.682135561749997
   1.5770000e+01  -3.741411994749997
   1.5780000e+01  -3.800113685249997
   1.5790000e+01  -3.855589985249997
   1.5800000e+01  -3.9063715667499967
   1.5810000e+01  -3.9486106357499966
   1.5820000e+01  -3.9755820392499968
   1.5830000e+01   -3.9803765334499968
   1.5840000e+01   -3.9615227801499966
   1.5850000e+01   -3.9275392661499966
   1.5860000e+01   -3.8910021311499965
   1.5870000e+01   -3.8571799011499963
   1.5880000e+01   -3.8235713711499963
   1.5890000e+01   -3.788451166149996
   1.5900000e+01   -3.753235751649996
   1.5910000e+01   -3.7189027506499963
   1.5920000e+01   -3.6871365231499964
   1.5930000e+01   -3.6634046046499966
   1.5940000e+01   -3.6539941732249965
   1.5950000e+01  -3.6631586297999967
   1.5960000e+01  -3.695235555299997
   1.5970000e+01  -3.754003871299997
   1.5980000e+01  -3.837955726299997
   1.5990000e+01  -3.938724503799997
   1.6000000e+01  -4.044225773799997
   1.6010000e+01  -4.143515062799997
   1.6020000e+01  -4.230983863799997
   1.6030000e+01  -4.307456526799997
   1.6040000e+01  -4.377198890799996
   1.6050000e+01  -4.443376226299996
   1.6060000e+01  -4.505946318799996
   1.6070000e+01  -4.563049131799996
   1.6080000e+01  -4.612079998299996
   1.6090000e+01  -4.648480882799996
   1.6100000e+01  -4.667436475049996
   1.6110000e+01   -4.668800561949996
   1.6120000e+01   -4.656261383599996
   1.6130000e+01   -4.631319274599996
   1.6140000e+01   -4.592850829099995
   1.6150000e+01   -4.541881232599995
   1.6160000e+01   -4.4817779855999955
   1.6170000e+01   -4.4134211650999955
   1.6180000e+01   -4.334646337599995
   1.6190000e+01   -4.245850640099995
   1.6200000e+01   -4.1516342610999954
   1.6210000e+01   -4.055170172099995
   1.6220000e+01   -3.9558843275999953
   1.6230000e+01   -3.8550525525999952
   1.6240000e+01   -3.758675431099995
   1.6250000e+01   -3.670427356099995
   1.6260000e+01   -3.5851082055999948
   1.6270000e+01   -3.494088265099995
   1.6280000e+01   -3.395220386599995
   1.6290000e+01   -3.293211701599995
   1.6300000e+01   -3.1915185715999947
   1.6310000e+01   -3.0867781965999948
   1.6320000e+01   -2.9716007515999947
   1.6330000e+01   -2.842353001599995
   1.6340000e+01   -2.7027749965999948
   1.6350000e+01   -2.5583757115999948
   1.6360000e+01   -2.409356621599995
   1.6370000e+01   -2.253296441599995
   1.6380000e+01   -2.0929856065999948
   1.6390000e+01   -1.9350855715999948
   1.6400000e+01   -1.7821076315999949
   1.6410000e+01   -1.6313465315999949
   1.6420000e+01   -1.4794188865999949
   1.6430000e+01   -1.3235867615999948
   1.6440000e+01   -1.1614493465999949
   1.6450000e+01   -0.9914514315999949
   1.6460000e+01   -0.811063851599995
   1.6470000e+01   -0.614887186599995
   1.6480000e+01   -0.3972249715999949
   1.6490000e+01   -0.1563696315999949
   1.6500000e+01   0.10412233840000512
   1.6510000e+01   0.3789165634000051
   1.6520000e+01   0.665774183400005
   1.6530000e+01   0.9643674534000051
   1.6540000e+01   1.270183133400005
   1.6550000e+01   1.5740239534000051
   1.6560000e+01   1.869043093400005
   1.6570000e+01   2.154920508400005
   1.6580000e+01   2.433960218400005
   1.6590000e+01   2.706523778400005
   1.6600000e+01   2.971680888400005
   1.6610000e+01   3.2293961884000053
   1.6620000e+01   3.480837538400005
   1.6630000e+01   3.7284042384000053
   1.6640000e+01   3.9745171984000054
   1.6650000e+01   4.2172544784000054
   1.6660000e+01   4.449731978400005
   1.6670000e+01   4.667996863400005
   1.6680000e+01   4.875774263400006
   1.6690000e+01   5.076875748400005
   1.6700000e+01   5.266631758400005
   1.6710000e+01   5.4360230384000054
   1.6720000e+01   5.582463883400005
   1.6730000e+01   5.710066808400005
   1.6740000e+01   5.818884426900005
   1.6750000e+01   5.901613472900005
   1.6760000e+01   5.952226129400005
   1.6770000e+01   5.970479609350005
   1.6780000e+01  5.958181907800006
   1.6790000e+01  5.917851114800006
   1.6800000e+01  5.855345652300006
   1.6810000e+01  5.7803061688000055
   1.6820000e+01  5.701891815300005
   1.6830000e+01  5.622060954800005
   1.6840000e+01  5.533819424800004
   1.6850000e+01  5.429155578300004
   1.6860000e+01  5.3069924283000045
   1.6870000e+01  5.169967208300005
   1.6880000e+01  5.018106863300004
   1.6890000e+01  4.8507029983000045
   1.6900000e+01  4.669580253300005
   1.6910000e+01  4.4778766533000045
   1.6920000e+01  4.2793914683000045
   1.6930000e+01  4.076387873300004
   1.6940000e+01  3.8652819483000043
   1.6950000e+01  3.6404070133000044
   1.6960000e+01  3.4014540383000043
   1.6970000e+01  3.1502227583000044
   1.6980000e+01  2.884141903300004
   1.6990000e+01  2.6008268283000042
   1.7000000e+01  2.3063261133000044
   1.7010000e+01  2.0128875033000044
   1.7020000e+01  1.7287044183000044
   1.7030000e+01  1.4535849983000044
   1.7040000e+01  1.1846636033000044
   1.7050000e+01  0.9218052133000043
   1.7060000e+01  0.6662961783000043
   1.7070000e+01  0.41817134330000433
   1.7080000e+01  0.17669478830000432
   1.7090000e+01  -0.05829329669999567
   1.7100000e+01  -0.2864842616999957
   1.7110000e+01  -0.5077565566999956
   1.7120000e+01  -0.7220212716999956
   1.7130000e+01  -0.9276257116999956
   1.7140000e+01  -1.1198374616999955
   1.7150000e+01  -1.2929247766999956
   1.7160000e+01  -1.4444261316999956
   1.7170000e+01  -1.5758827666999955
   1.7180000e+01  -1.6904540116999955
   1.7190000e+01  -1.7918182801999956
   1.7200000e+01  -1.8831907276999955
   1.7210000e+01  -1.9652382011999956
   1.7220000e+01  -2.0375657691999955
   1.7230000e+01  -2.1026969376999958
   1.7240000e+01  -2.1645394136999956
   1.7250000e+01  -2.2236282341999956
   1.7260000e+01  -2.2770877931999958
   1.7270000e+01  -2.321280006199996
   1.7280000e+01  -2.353980767199996
   1.7290000e+01  -2.376317732199996
   1.7300000e+01  -2.390885048199996
   1.7310000e+01  -2.397175217999996
   1.7320000e+01   -2.391137929299996
   1.7330000e+01   -2.3686638927999963
   1.7340000e+01   -2.3282597832999965
   1.7350000e+01   -2.2711064917999964
   1.7360000e+01   -2.1998615277999964
   1.7370000e+01   -2.1178318272999963
   1.7380000e+01   -2.0277304692999962
   1.7390000e+01   -1.9309646557999962
   1.7400000e+01   -1.8282263452999963
   1.7410000e+01   -1.7180795202999963
   1.7420000e+01   -1.5967140402999964
   1.7430000e+01   -1.4636640202999964
   1.7440000e+01   -1.3248538302999964
   1.7450000e+01   -1.1858667152999964
   1.7460000e+01   -1.0439703852999964
   1.7470000e+01   -0.8897681502999963
   1.7480000e+01   -0.7172315602999964
   1.7490000e+01   -0.5281594452999963
   1.7500000e+01   -0.32440754529999627
   1.7510000e+01   -0.10235628029999627
   1.7520000e+01   0.14029612970000374
   1.7530000e+01   0.3985204297000038
   1.7540000e+01   0.6657583947000039
   1.7550000e+01   0.9401238847000039
   1.7560000e+01   1.2204474997000039
   1.7570000e+01   1.5027346897000038
   1.7580000e+01   1.7842539547000038
   1.7590000e+01   2.0658367847000036
   1.7600000e+01   2.3496056347000036
   1.7610000e+01   2.6374956347000036
   1.7620000e+01   2.9302252547000034
   1.7630000e+01   3.2268101597000034
   1.7640000e+01   3.5261333547000033
   1.7650000e+01   3.8271946497000036
   1.7660000e+01   4.128113329700003
   1.7670000e+01   4.428794374700003
   1.7680000e+01   4.733246549700003
   1.7690000e+01   5.044139704700003
   1.7700000e+01   5.356451404700003
   1.7710000e+01   5.661281394700003
   1.7720000e+01   5.954878464700003
   1.7730000e+01   6.239998549700003
   1.7740000e+01   6.518894779700003
   1.7750000e+01   6.788776724700003
   1.7760000e+01   7.044332419700003
   1.7770000e+01   7.2798064297000025
   1.7780000e+01   7.488331649700003
   1.7790000e+01   7.665484244700003
   1.7800000e+01   7.8142175647000025
   1.7810000e+01   7.942823814700002
   1.7820000e+01   8.058319169700003
   1.7830000e+01   8.160958549200002
   1.7840000e+01   8.244539184200002
   1.7850000e+01   8.304337321200002
   1.7860000e+01   8.341832514700002
   1.7870000e+01   8.359359866300002
   1.7880000e+01  8.356077485900002
   1.7890000e+01  8.330477793400002
   1.7900000e+01  8.282090865400002
   1.7910000e+01  8.211332810900002
   1.7920000e+01  8.120788876900003
   1.7930000e+01  8.016202171900002
   1.7940000e+01  7.902974521900002
   1.7950000e+01  7.781286906900002
   1.7960000e+01  7.648422946900002
   1.7970000e+01  7.504916021900002
   1.7980000e+01  7.354317011900003
   1.7990000e+01  7.198671991900003
   1.8000000e+01  7.037405531900003
   1.8010000e+01  6.869275996900003
   1.8020000e+01  6.6937696469000025
   1.8030000e+01  6.511759146900003
   1.8040000e+01  6.323782336900003
   1.8050000e+01  6.126370851900003
   1.8060000e+01  5.915189936900003
   1.8070000e+01  5.693172446900003
   1.8080000e+01  5.467905616900003
   1.8090000e+01  5.241362941900003
   1.8100000e+01  5.011116061900003
   1.8110000e+01  4.779470786900003
   1.8120000e+01  4.5523640969000025
   1.8130000e+01  4.331461616900002
   1.8140000e+01  4.1134610619000025
   1.8150000e+01  3.8941760819000026
   1.8160000e+01  3.6706760119000026
   1.8170000e+01  3.4430040269000024
   1.8180000e+01  3.2126782569000025
   1.8190000e+01  2.9767632269000024
   1.8200000e+01  2.7294088269000025
   1.8210000e+01  2.4714182469000026
   1.8220000e+01  2.2100169019000027
   1.8230000e+01  1.9488051219000027
   1.8240000e+01  1.6865871719000025
   1.8250000e+01  1.4248335069000024
   1.8260000e+01  1.1684030919000024
   1.8270000e+01  0.9201950919000024
   1.8280000e+01  0.6799446469000023
   1.8290000e+01  0.4464888069000023
   1.8300000e+01  0.2191596369000023
   1.8310000e+01  -0.0005434530999977039
   1.8320000e+01  -0.2080736580999977
   1.8330000e+01  -0.4002776080999977
   1.8340000e+01  -0.5808288730999978
   1.8350000e+01  -0.7569100480999977
   1.8360000e+01  -0.9324981280999978
   1.8370000e+01  -1.1102990180999979
   1.8380000e+01  -1.2957227330999979
   1.8390000e+01  -1.4922665180999979
   1.8400000e+01  -1.697207583099998
   1.8410000e+01  -1.906839098099998
   1.8420000e+01  -2.1222231130999982
   1.8430000e+01  -2.346895798099998
   1.8440000e+01  -2.581752543099998
   1.8450000e+01  -2.8242283480999983
   1.8460000e+01  -3.071818258099998
   1.8470000e+01  -3.324819763099998
   1.8480000e+01  -3.5845791430999983
   1.8490000e+01  -3.8504552830999983
   1.8500000e+01  -4.120654358099999
   1.8510000e+01  -4.395422053099999
   1.8520000e+01  -4.676905468099999
   1.8530000e+01  -4.964941443099999
   1.8540000e+01  -5.254772988099999
   1.8550000e+01  -5.542058753099999
   1.8560000e+01  -5.829867558099999
   1.8570000e+01  -6.1256498080999995
   1.8580000e+01  -6.4316483081
   1.8590000e+01  -6.7444422981
   1.8600000e+01  -7.0606732231
   1.8610000e+01  -7.3769492481
   1.8620000e+01  -7.6904631181
   1.8630000e+01  -8.0044174081
   1.8640000e+01  -8.3256375581
   1.8650000e+01  -8.6546926831
   1.8660000e+01  -8.9843058431
   1.8670000e+01  -9.3070539681
   1.8680000e+01  -9.6192434581
   1.8690000e+01  -9.9184075131
   1.8700000e+01  -10.2027751631
   1.8710000e+01  -10.4730385231
   1.8720000e+01  -10.729948458099999
   1.8730000e+01  -10.970906673099998
   1.8740000e+01  -11.193160138099998
   1.8750000e+01  -11.399661318099998
   1.8760000e+01  -11.598645018099997
   1.8770000e+01  -11.797708533099998
   1.8780000e+01  -11.999921363099999
   1.8790000e+01  -12.204270098099999
   1.8800000e+01  -12.406637453099998
   1.8810000e+01  -12.601150788099998
   1.8820000e+01  -12.783944038099998
   1.8830000e+01  -12.954766838099998
   1.8840000e+01  -13.113886153099998
   1.8850000e+01  -13.259834828099997
   1.8860000e+01  -13.389795373099997
   1.8870000e+01  -13.500208687099997
   1.8880000e+01  -13.587752460599997
   1.8890000e+01  -13.649516605599997
   1.8900000e+01  -13.681528488599996
   1.8910000e+01   -13.678681277099995
   1.8920000e+01   -13.636994881099996
   1.8930000e+01   -13.555067624099996
   1.8940000e+01   -13.433782144099997
   1.8950000e+01   -13.277595029099997
   1.8960000e+01   -13.096526489099997
   1.8970000e+01   -12.902716799099997
   1.8980000e+01   -12.703827189099997
   1.8990000e+01   -12.501566139099996
   1.9000000e+01   -12.293785519099997
   1.9010000e+01   -12.074424734099997
   1.9020000e+01   -11.835126714099998
   1.9030000e+01   -11.572683964099998
   1.9040000e+01   -11.293383919099998
   1.9050000e+01   -11.005817194099999
   1.9060000e+01   -10.7119780941
   1.9070000e+01   -10.4087855091
   1.9080000e+01   -10.0942511541
   1.9090000e+01   -9.7693464241
   1.9100000e+01   -9.4367497391
   1.9110000e+01   -9.098321864099999
   1.9120000e+01   -8.753405269099998
   1.9130000e+01   -8.401483279099999
   1.9140000e+01   -8.045162314099999
   1.9150000e+01   -7.687289524099999
   1.9160000e+01   -7.326594879099999
   1.9170000e+01   -6.959567219099999
   1.9180000e+01   -6.5857201641
   1.9190000e+01   -6.208620014099999
   1.9200000e+01   -5.832133754099999
   1.9210000e+01   -5.456999214099999
   1.9220000e+01   -5.082203629099999
   1.9230000e+01   -4.709384734099999
   1.9240000e+01   -4.342983564099999
   1.9250000e+01   -3.985232289099999
   1.9260000e+01   -3.634311114099999
   1.9270000e+01   -3.288605599099999
   1.9280000e+01   -2.949695799099999
   1.9290000e+01   -2.621230784099999
   1.9300000e+01   -2.307382259099999
   1.9310000e+01   -2.0097487190999987
   1.9320000e+01   -1.7240461340999986
   1.9330000e+01   -1.4438779140999987
   1.9340000e+01   -1.1675369940999987
   1.9350000e+01   -0.8974274940999987
   1.9360000e+01   -0.6354140240999987
   1.9370000e+01   -0.3816035040999987
   1.9380000e+01   -0.13486898909999873
   1.9390000e+01   0.10651237590000129
   1.9400000e+01   0.3436478359000013
   1.9410000e+01   0.5771613809000014
   1.9420000e+01   0.8074227409000014
   1.9430000e+01   1.0335287009000014
   1.9440000e+01   1.2540453659000015
   1.9450000e+01   1.4688184759000016
   1.9460000e+01   1.6780692809000015
   1.9470000e+01   1.8798973859000014
   1.9480000e+01   2.0706235909000013
   1.9490000e+01   2.248457860900001
   1.9500000e+01   2.4143651609000014
   1.9510000e+01   2.5681687759000016
   1.9520000e+01   2.7082440709000015
   1.9530000e+01   2.8360147959000015
   1.9540000e+01   2.9557690209000014
   1.9550000e+01   3.0699552109000012
   1.9560000e+01   3.177708935900001
   1.9570000e+01   3.277125328900001
   1.9580000e+01   3.3670000884000006
   1.9590000e+01   3.446740834900001
   1.9600000e+01   3.5181635684000008
   1.9610000e+01   3.5881776104000007
   1.9620000e+01   3.664984053400001
   1.9630000e+01   3.751110039900001
   1.9640000e+01   3.8430582324000007
   1.9650000e+01   3.9366681204000007
   1.9660000e+01   4.031215704900001
   1.9670000e+01   4.128915491900001
   1.9680000e+01   4.231846706900001
   1.9690000e+01   4.338612706900001
   1.9700000e+01   4.442089320900001
   1.9710000e+01   4.534002274900001
   1.9720000e+01   4.614240649900001
   1.9730000e+01   4.690177550900001
   1.9740000e+01   4.765868796400001
   1.9750000e+01   4.838398033400002
   1.9760000e+01   4.905324479900002
   1.9770000e+01   4.969638573900002
   1.9780000e+01   5.034956012900002
   1.9790000e+01   5.100132933400002
   1.9800000e+01   5.162257590900002
   1.9810000e+01   5.222562498900002
   1.9820000e+01   5.286615598900002
   1.9830000e+01   5.358474114400002
   1.9840000e+01   5.435549890900002
   1.9850000e+01   5.512450162400002
   1.9860000e+01   5.589856514400002
   1.9870000e+01   5.674443351400002
   1.9880000e+01   5.770834453900002
   1.9890000e+01   5.8788951689000015
   1.9900000e+01   5.996502743900002
   1.9910000e+01   6.120790273900002
   1.9920000e+01   6.249553113900002
   1.9930000e+01   6.382806398900002
   1.9940000e+01   6.520253988900002
   1.9950000e+01   6.658651778900002
   1.9960000e+01   6.793658298900002
   1.9970000e+01   6.921638993900002
   1.9980000e+01   7.038379753900002
   1.9990000e+01   7.139411291900002
   2.0000000e+01   7.224768329900002
   2.0010000e+01   7.301004075900002
   2.0020000e+01   7.374158337400002
   2.0030000e+01   7.4421693319000015
   2.0040000e+01   7.4980169219000015
   2.0050000e+01   7.539253781900001
   2.0060000e+01   7.569755401900001
   2.0070000e+01   7.591876744400001
   2.0080000e+01   7.603832555550001
   2.0090000e+01  7.606600267030001
   2.0100000e+01  7.605780903090001
   2.0110000e+01  7.604824629020001
   2.0120000e+01  7.602405340670002
   2.0130000e+01  7.597108373870002
   2.0140000e+01  7.590933306370002
   2.0150000e+01  7.587820651265002
   2.0160000e+01   7.590525558910001
   2.0170000e+01   7.599735697410002
   2.0180000e+01   7.614840197910001
   2.0190000e+01   7.6342408214100015
   2.0200000e+01   7.656168114910002
   2.0210000e+01   7.679148138410001
   2.0220000e+01   7.7009836629100015
   2.0230000e+01   7.719465326910002
   2.0240000e+01   7.734419691410002
   2.0250000e+01   7.746966337410002
   2.0260000e+01   7.757344746410002
   2.0270000e+01   7.764912649760002
   2.0280000e+01   7.769436534860002
   2.0290000e+01   7.771245226965002
   2.0300000e+01  7.770673843820002
   2.0310000e+01  7.768939682070002
   2.0320000e+01   7.769495524970002
   2.0330000e+01   7.775515570370001
   2.0340000e+01   7.785316166120001
   2.0350000e+01   7.793994347520001
   2.0360000e+01   7.799403915070001
   2.0370000e+01   7.802505466820001
   2.0380000e+01  7.803636036668501
   2.0390000e+01  7.802541566267001
   2.0400000e+01  7.800868331917001
   2.0410000e+01   7.802048062567001
   2.0420000e+01   7.808429436867001
   2.0430000e+01   7.818649167317001
   2.0440000e+01   7.828512416117001
   2.0450000e+01   7.8352154749170015
   2.0460000e+01   7.8392825924670015
   2.0470000e+01   7.842359572667002
   2.0480000e+01   7.846058038517002
   2.0490000e+01   7.851496610567002
   2.0500000e+01   7.856129349117002
   2.0510000e+01  7.853720552667002
   2.0520000e+01  7.841056881017002
   2.0530000e+01  7.821608582517001
   2.0540000e+01  7.799641784517001
   2.0550000e+01  7.773878676017001
   2.0560000e+01  7.739645258517001
   2.0570000e+01  7.694831025517001
   2.0580000e+01  7.641180795517001
   2.0590000e+01  7.580773123017001
   2.0600000e+01  7.515221534017001
   2.0610000e+01  7.448791795017001
   2.0620000e+01  7.385026713517001
   2.0630000e+01  7.318863891017001
   2.0640000e+01  7.240225911017001
   2.0650000e+01  7.145304807017001
   2.0660000e+01  7.038797232017001
   2.0670000e+01  6.928054317017001
   2.0680000e+01  6.818235922017001
   2.0690000e+01  6.710214837017001
   2.0700000e+01  6.601773652017001
   2.0710000e+01  6.491211357017001
   2.0720000e+01  6.377748597017001
   2.0730000e+01  6.258596797017001
   2.0740000e+01  6.130877642017
   2.0750000e+01  5.998035897017
   2.0760000e+01  5.869211847017
   2.0770000e+01  5.750065012017
   2.0780000e+01  5.637684052017
   2.0790000e+01  5.526000532017
   2.0800000e+01  5.413372622017
   2.0810000e+01  5.303384652017001
   2.0820000e+01  5.200841245517001
   2.0830000e+01  5.108010917017001
   2.0840000e+01  5.022000236517001
   2.0850000e+01  4.936616339017001
   2.0860000e+01  4.849362758517001
   2.0870000e+01  4.763755880517001
   2.0880000e+01  4.684034226517001
   2.0890000e+01  4.611200614017001
   2.0900000e+01  4.542977442017001
   2.0910000e+01  4.474497916517001
   2.0920000e+01  4.400188942017001
   2.0930000e+01  4.317067181017001
   2.0940000e+01  4.226350961517001
   2.0950000e+01  4.130822709517001
   2.0960000e+01  4.030423592017001
   2.0970000e+01  3.9224981570170008
   2.0980000e+01  3.8074770920170007
   2.0990000e+01  3.6912621770170007
   2.1000000e+01  3.5806197820170005
   2.1010000e+01  3.4790103025170005
   2.1020000e+01  3.3858433050170005
   2.1030000e+01  3.2969285460170004
   2.1040000e+01  3.207742079017
   2.1050000e+01  3.117306324017
   2.1060000e+01  3.027097881517
   2.1070000e+01  2.937608117517
   2.1080000e+01  2.848068036517
   2.1090000e+01  2.758074959017
   2.1100000e+01  2.6675331235170003
   2.1110000e+01  2.5750257685170004
   2.1120000e+01  2.477588372017
   2.1130000e+01  2.373404317017
   2.1140000e+01  2.264043122017
   2.1150000e+01  2.152673517017
   2.1160000e+01  2.041167697017
   2.1170000e+01  1.929664882017
   2.1180000e+01  1.816169422017
   2.1190000e+01  1.6961611220169999
   2.1200000e+01  1.5670274020169999
   2.1210000e+01  1.432684922017
   2.1220000e+01  1.299254182017
   2.1230000e+01  1.167998147017
   2.1240000e+01  1.036147947017
   2.1250000e+01  0.901512267017
   2.1260000e+01  0.7633372720170001
   2.1270000e+01  0.6217325520170001
   2.1280000e+01  0.47806002201700004
   2.1290000e+01  0.33227881201700005
   2.1300000e+01  0.17997555201700005
   2.1310000e+01  0.017674207017000065
   2.1320000e+01  -0.15047078298299993
   2.1330000e+01  -0.31822743798299996
   2.1340000e+01  -0.486269042983
   2.1350000e+01  -0.659003747983
   2.1360000e+01  -0.8377629579829999
   2.1370000e+01  -1.022881802983
   2.1380000e+01  -1.217273047983
   2.1390000e+01  -1.423562227983
   2.1400000e+01  -1.639813877983
   2.1410000e+01  -1.8596612829830002
   2.1420000e+01  -2.0772532329830002
   2.1430000e+01  -2.2933587529830004
   2.1440000e+01  -2.5155506229830005
   2.1450000e+01  -2.7495398929830004
   2.1460000e+01  -2.9910900179830002
   2.1470000e+01  -3.229925452983
   2.1480000e+01  -3.460418052983
   2.1490000e+01  -3.683834077983
   2.1500000e+01  -3.900241732983
   2.1510000e+01  -4.102849157983
   2.1520000e+01  -4.282785877983
   2.1530000e+01  -4.4372482879829995
   2.1540000e+01  -4.569898672982999
   2.1550000e+01  -4.684891067982999
   2.1560000e+01  -4.7843642804829996
   2.1570000e+01  -4.870638166482999
   2.1580000e+01  -4.947535053483
   2.1590000e+01  -5.018887510482999
   2.1600000e+01  -5.084367107983
   2.1610000e+01  -5.138130616483
   2.1620000e+01  -5.176152714483
   2.1630000e+01  -5.201306408483
   2.1640000e+01  -5.217506049483
   2.1650000e+01  -5.225640720833
   2.1660000e+01   -5.226123063733
   2.1670000e+01   -5.219070564282999
   2.1680000e+01   -5.204663171282999
   2.1690000e+01   -5.186217327282999
   2.1700000e+01   -5.168240074782999
   2.1710000e+01   -5.151619950782999
   2.1720000e+01   -5.134596314782999
   2.1730000e+01   -5.116276103282999
   2.1740000e+01   -5.096235839282999
   2.1750000e+01   -5.0732802302829985
   2.1760000e+01   -5.046533779282998
   2.1770000e+01   -5.0156085552829985
   2.1780000e+01   -4.980143606782999
   2.1790000e+01   -4.940951161782999
   2.1800000e+01   -4.899008226782999
   2.1810000e+01   -4.851682250782999
   2.1820000e+01   -4.7927229732829995
   2.1830000e+01   -4.717678903283
   2.1840000e+01   -4.627810021283
   2.1850000e+01   -4.5281570317829996
   2.1860000e+01   -4.423950586783
   2.1870000e+01   -4.319068966783
   2.1880000e+01   -4.214886496783
   2.1890000e+01   -4.109711041783
   2.1900000e+01   -4.001155156783
   2.1910000e+01   -3.8888917417829996
   2.1920000e+01   -3.7744752017829994
   2.1930000e+01   -3.6601380217829993
   2.1940000e+01   -3.5477827917829994
   2.1950000e+01   -3.4368437467829995
   2.1960000e+01   -3.3233086467829995
   2.1970000e+01   -3.2035606367829996
   2.1980000e+01   -3.0790570267829995
   2.1990000e+01   -2.9532656967829993
   2.2000000e+01   -2.824668941782999
   2.2010000e+01   -2.689092156782999
   2.2020000e+01   -2.547533166782999
   2.2030000e+01   -2.404367741782999
   2.2040000e+01   -2.260870416782999
   2.2050000e+01   -2.1178815867829988
   2.2060000e+01   -1.9801532067829988
   2.2070000e+01   -1.8509614517829989
   2.2080000e+01   -1.7281533167829988
   2.2090000e+01   -1.6105936117829989
   2.2100000e+01   -1.5012067167829988
   2.2110000e+01   -1.4017530167829988
   2.2120000e+01   -1.3121295307829988
   2.2130000e+01   -1.2327142907829987
   2.2140000e+01   -1.1614745872829986
   2.2150000e+01   -1.0933950202829985
   2.2160000e+01   -1.0260687282829986
   2.2170000e+01   -0.9614442777829986
   2.2180000e+01   -0.9021801407829986
   2.2190000e+01   -0.8506358827829986
   2.2200000e+01   -0.8094686922829986
   2.2210000e+01   -0.7788586217829986
   2.2220000e+01   -0.7545237302829986
   2.2230000e+01   -0.7313200912829986
   2.2240000e+01   -0.7090172962829986
   2.2250000e+01   -0.6925353837829986
   2.2260000e+01   -0.6845567613329986
   2.2270000e+01   -0.6810068001829986
   2.2280000e+01   -0.6767448911829986
   2.2290000e+01   -0.6714649764329986
   2.2300000e+01   -0.6671525156329986
   2.2310000e+01   -0.6630663837329986
   2.2320000e+01   -0.6542706226829986
   2.2330000e+01   -0.6335630816829986
   2.2340000e+01   -0.5971073776829986
   2.2350000e+01   -0.5493224726829986
   2.2360000e+01   -0.4981676866829986
   2.2370000e+01   -0.4460660071829986
   2.2380000e+01   -0.3914459161829986
   2.2390000e+01   -0.3364883496829986
   2.2400000e+01   -0.28429853718299863
   2.2410000e+01   -0.23138208218299863
   2.2420000e+01   -0.17199050968299862
   2.2430000e+01   -0.10640503618299862
   2.2440000e+01   -0.03985190668299862
   2.2450000e+01   0.02188639281700138
   2.2460000e+01   0.07527193031700138
   2.2470000e+01   0.12075501081700138
   2.2480000e+01   0.15948416531700138
   2.2490000e+01   0.18985010081700138
   2.2500000e+01   0.2114750073170014
   2.2510000e+01   0.2292908208170014
   2.2520000e+01   0.25083399281700136
   2.2530000e+01   0.28164465731700133
   2.2540000e+01   0.3225318683170013
   2.2550000e+01   0.3707631733170013
   2.2560000e+01   0.4253845203170013
   2.2570000e+01   0.4875112588170013
   2.2580000e+01   0.5545432503170014
   2.2590000e+01   0.6220226598170013
   2.2600000e+01   0.6915578283170013
   2.2610000e+01   0.7689133148170013
   2.2620000e+01   0.8559051008170013
   2.2630000e+01   0.9506112138170013
   2.2640000e+01   1.0510839968170014
   2.2650000e+01   1.1542808018170014
   2.2660000e+01   1.2580567518170014
   2.2670000e+01   1.3664968018170014
   2.2680000e+01   1.4859928368170015
   2.2690000e+01   1.6160321168170015
   2.2700000e+01   1.7503040068170015
   2.2710000e+01   1.8855708168170016
   2.2720000e+01   2.0239208418170014
   2.2730000e+01   2.1665528668170015
   2.2740000e+01   2.3099800118170015
   2.2750000e+01   2.4511100518170017
   2.2760000e+01   2.5924659068170017
   2.2770000e+01   2.7374205318170017
   2.2780000e+01   2.883517666817002
   2.2790000e+01   3.025497026817002
   2.2800000e+01   3.161607026817002
   2.2810000e+01   3.294062766817002
   2.2820000e+01   3.426881691817002
   2.2830000e+01   3.5633493618170022
   2.2840000e+01   3.7026274318170023
   2.2850000e+01   3.841628281817002
   2.2860000e+01   3.980700961817002
   2.2870000e+01   4.121651851817002
   2.2880000e+01   4.262326041817002
   2.2890000e+01   4.399965056817003
   2.2900000e+01   4.536148841817003
   2.2910000e+01   4.672884051817003
   2.2920000e+01   4.807614716817003
   2.2930000e+01   4.935745436817003
   2.2940000e+01   5.055057296817003
   2.2950000e+01   5.165039026817003
   2.2960000e+01   5.264203889317003
   2.2970000e+01   5.350559953317004
   2.2980000e+01   5.422991077817004
   2.2990000e+01   5.479973465317004
   2.3000000e+01   5.519565343817003
   2.3010000e+01   5.543169815817003
   2.3020000e+01   5.556232676217003
   2.3030000e+01   5.563625144267003
   2.3040000e+01  5.5660399352870025
   2.3050000e+01  5.560013705157003
   2.3060000e+01  5.5414535406570025
   2.3070000e+01  5.510801689157002
   2.3080000e+01  5.472750005157002
   2.3090000e+01  5.430025856657003
   2.3100000e+01  5.381498157157003
   2.3110000e+01  5.327103545657002
   2.3120000e+01  5.269979723157002
   2.3130000e+01  5.212672397157002
   2.3140000e+01  5.154894464657002
   2.3150000e+01  5.0961969356570025
   2.3160000e+01  5.039103994157003
   2.3170000e+01  4.988793475657003
   2.3180000e+01  4.948689931157003
   2.3190000e+01  4.915278137157003
   2.3200000e+01  4.880603727157003
   2.3210000e+01  4.842553009157003
   2.3220000e+01  4.806465129157003
   2.3230000e+01  4.774215412657003
   2.3240000e+01  4.740717082157003
   2.3250000e+01  4.702668955157003
   2.3260000e+01  4.662749794157003
   2.3270000e+01  4.625077062657003
   2.3280000e+01  4.590458424657003
   2.3290000e+01  4.555191323157003
   2.3300000e+01  4.514179895657003
   2.3310000e+01  4.465808157657003
   2.3320000e+01  4.412390713657003
   2.3330000e+01  4.355853927657003
   2.3340000e+01  4.294809975657003
   2.3350000e+01  4.226900286157003
   2.3360000e+01  4.152428593157003
   2.3370000e+01  4.073368917657003
   2.3380000e+01  3.990382400657003
   2.3390000e+01  3.903458663157003
   2.3400000e+01  3.8149532471570033
   2.3410000e+01  3.7303604841570035
   2.3420000e+01  3.6546634351570035
   2.3430000e+01  3.5879398801570037
   2.3440000e+01  3.5258667736570035
   2.3450000e+01  3.4642904011570037
   2.3460000e+01  3.402483353657004
   2.3470000e+01  3.342027378157004
   2.3480000e+01  3.283579075657004
   2.3490000e+01  3.2264308886570037
   2.3500000e+01  3.1703507016570036
   2.3510000e+01  3.1153584066570037
   2.3520000e+01  3.0607988131570036
   2.3530000e+01  3.0065367906570035
   2.3540000e+01  2.9534632766570037
   2.3550000e+01  2.9018397536570038
   2.3560000e+01  2.849919464657004
   2.3570000e+01  2.7941817516570038
   2.3580000e+01  2.732183022157004
   2.3590000e+01  2.6657815211570037
   2.3600000e+01  2.599375831657004
   2.3610000e+01  2.535295543657004
   2.3620000e+01  2.472640873657004
   2.3630000e+01  2.4090606411570037
   2.3640000e+01  2.3423088656570035
   2.3650000e+01  2.2711442896570033
   2.3660000e+01  2.1957807091570034
   2.3670000e+01  2.1175992921570033
   2.3680000e+01  2.037878989657003
   2.3690000e+01  1.956683158157003
   2.3700000e+01  1.872926736157003
   2.3710000e+01  1.784912426157003
   2.3720000e+01  1.691488602657003
   2.3730000e+01  1.593412120657003
   2.3740000e+01  1.493043435657003
   2.3750000e+01  1.392997625657003
   2.3760000e+01  1.295057692157003
   2.3770000e+01  1.199249792657003
   2.3780000e+01  1.103993215657003
   2.3790000e+01  1.0078101441570029
   2.3800000e+01  0.9109872016570029
   2.3810000e+01  0.8160528911570029
   2.3820000e+01  0.7266131231570029
   2.3830000e+01  0.6442844926570028
   2.3840000e+01  0.5669282351570029
   2.3850000e+01  0.49168268315700286
   2.3860000e+01  0.41887214865700284
   2.3870000e+01  0.35090793365700285
   2.3880000e+01  0.28842439065700287
   2.3890000e+01  0.22948967115700286
   2.3900000e+01  0.17202494015700287
   2.3910000e+01  0.11549450065700287
   2.3920000e+01  0.06032076215700286
   2.3930000e+01  0.006708695157002856
   2.3940000e+01  -0.04554762034299715
   2.3950000e+01  -0.09672966884299715
   2.3960000e+01  -0.14741125734299715
   2.3970000e+01  -0.19880310084299715
   2.3980000e+01  -0.2521451888429972
   2.3990000e+01  -0.3078291043429972
   2.4000000e+01  -0.3655167118429972
   2.4010000e+01  -0.4244848448429972
   2.4020000e+01  -0.4834092968429972
   2.4030000e+01  -0.5406525498429973
   2.4040000e+01  -0.5952491253429972
   2.4050000e+01  -0.6473851038429972
   2.4060000e+01  -0.6980247033429972
   2.4070000e+01  -0.7479830878429972
   2.4080000e+01  -0.7969481698429972
   2.4090000e+01  -0.8434715143429972
   2.4100000e+01  -0.8860468153429971
   2.4110000e+01  -0.9240968448429971
   2.4120000e+01  -0.9581769228429972
   2.4130000e+01  -0.9894285223429972
   2.4140000e+01  -1.0186350148429972
   2.4150000e+01  -1.0458984978429973
   2.4160000e+01  -1.0712110818429972
   2.4170000e+01  -1.0948002793429972
   2.4180000e+01  -1.116875100342997
   2.4190000e+01  -1.137483164842997
   2.4200000e+01  -1.156650246342997
   2.4210000e+01  -1.174459992842997
   2.4220000e+01  -1.191070918342997
   2.4230000e+01  -1.206859378842997
   2.4240000e+01  -1.2224504338429971
   2.4250000e+01  -1.2382024318429972
   2.4260000e+01  -1.2536312588429972
   2.4270000e+01  -1.2678012073429972
   2.4280000e+01  -1.2802069463429973
   2.4290000e+01  -1.2908282807929972
   2.4300000e+01  -1.2997980397429971
   2.4310000e+01  -1.307557899642997
   2.4320000e+01  -1.3146763166929971
   2.4330000e+01  -1.3211579517429972
   2.4340000e+01  -1.3266403160429971
   2.4350000e+01  -1.3312360182429972
   2.4360000e+01  -1.3354430569929971
   2.4370000e+01  -1.3395375429429972
   2.4380000e+01  -1.3436753205429972
   2.4390000e+01  -1.3481063246429972
   2.4400000e+01  -1.3528544120429973
   2.4410000e+01  -1.3576896215429972
   2.4420000e+01  -1.3626123118929971
   2.4430000e+01  -1.3679224981429972
   2.4440000e+01  -1.373867005342997
   2.4450000e+01  -1.380599574792997
   2.4460000e+01  -1.3882833472429972
   2.4470000e+01  -1.3969306919929971
   2.4480000e+01  -1.406351619892997
   2.4490000e+01  -1.416444151742997
   2.4500000e+01  -1.4273419532429972
   2.4510000e+01  -1.4392051382429971
   2.4520000e+01  -1.452100114742997
   2.4530000e+01  -1.4660948957429971
   2.4540000e+01  -1.4812329187429971
   2.4550000e+01  -1.4974293417429971
   2.4560000e+01  -1.514572245242997
   2.4570000e+01  -1.532693524242997
   2.4580000e+01  -1.551915617242997
   2.4590000e+01  -1.572264628742997
   2.4600000e+01  -1.5936324352429971
   2.4610000e+01  -1.6159080397429972
   2.4620000e+01  -1.6390752892429972
   2.4630000e+01  -1.663167282742997
   2.4640000e+01  -1.688182834242997
   2.4650000e+01  -1.714090281242997
   2.4660000e+01  -1.740867545242997
   2.4670000e+01  -1.768489754242997
   2.4680000e+01  -1.7969064112429969
   2.4690000e+01  -1.826073039742997
   2.4700000e+01  -1.855986409742997
   2.4710000e+01  -1.886649264742997
   2.4720000e+01  -1.918022882742997
   2.4730000e+01  -1.9500499642429971
   2.4740000e+01  -1.9826944037429972
   2.4750000e+01  -2.015931550742997
   2.4760000e+01  -2.049726095242997
   2.4770000e+01  -2.0840351782429973
   2.4780000e+01  -2.1188171817429975
   2.4790000e+01  -2.1540311297429975
   2.4800000e+01  -2.1896340357429973
   2.4810000e+01  -2.225579357242997
   2.4820000e+01  -2.261817238742997
   2.4830000e+01  -2.2982994722429972
   2.4840000e+01  -2.334983635742997
   2.4850000e+01  -2.3718303547429973
   2.4860000e+01  -2.4087989152429974
   2.4870000e+01  -2.445847079742997
   2.4880000e+01  -2.482933706242997
   2.4890000e+01  -2.520020556242997
   2.4900000e+01  -2.5570717307429973
   2.4910000e+01  -2.5940522827429975
   2.4920000e+01  -2.6309280182429973
   2.4930000e+01  -2.6676660617429975
   2.4940000e+01  -2.7042349442429976
   2.4950000e+01  -2.7406042387429976
   2.4960000e+01  -2.776744326242998
   2.4970000e+01  -2.8126263472429978
   2.4980000e+01  -2.8482221117429978
