   0.0000000e+00   0.0011962014
   1.0000000e-02   0.008479871299999999
   2.0000000e-02   0.030342989299999998
   3.0000000e-02   0.07894580030000001
   4.0000000e-02   0.17424242680000002
   5.0000000e-02   0.3344840718
   6.0000000e-02   0.5390159818
   7.0000000e-02   0.6948703383
   8.0000000e-02  0.6787977648
   9.0000000e-02  0.4755002798
   1.0000000e-01  0.2517468547999999
   1.1000000e-01   0.1870919437999999
   1.2000000e-01   0.23350905179999992
   1.3000000e-01  0.15509390579999993
   1.4000000e-01  -0.18745821420000008
   1.5000000e-01  -0.6872512042000001
   1.6000000e-01  -1.1401920392
   1.7000000e-01  -1.4621477092
   1.8000000e-01  -1.7287183542
   1.9000000e-01  -2.0830676392
   2.0000000e-01  -2.6368629491999998
   2.1000000e-01  -3.3570336141999997
   2.2000000e-01  -4.0229048392
   2.3000000e-01  -4.4074046892
   2.4000000e-01   -4.5025567282
   2.5000000e-01   -4.4808525717
   2.6000000e-01  -4.5184918411999995
   2.7000000e-01  -4.754673221199999
   2.8000000e-01  -5.260580826199999
   2.9000000e-01  -5.8982120261999995
   3.0000000e-01  -6.351898226199999
   3.1000000e-01   -6.395614526199999
   3.2000000e-01   -6.014917566199999
   3.3000000e-01   -5.3023992911999995
   3.4000000e-01   -4.3950247112
   3.5000000e-01   -3.4655802511999996
   3.6000000e-01   -2.6588969611999995
   3.7000000e-01   -2.0529180461999994
   3.8000000e-01   -1.6628958211999993
   3.9000000e-01   -1.4032091111999994
   4.0000000e-01   -1.1311742261999993
   4.1000000e-01   -0.8745289261999993
   4.2000000e-01  -0.8669400011999994
   4.3000000e-01  -1.1902295711999993
   4.4000000e-01  -1.5951813411999993
   4.5000000e-01   -1.7666413735999993
   4.6000000e-01   -1.5554795659999994
   4.7000000e-01   -1.0170768609999994
   4.8000000e-01   -0.35004398099999934
   4.9000000e-01   0.31074068900000074
   5.0000000e-01   0.9734760790000008
   5.1000000e-01   1.6200087840000008
   5.2000000e-01   2.1888869740000008
   5.3000000e-01   2.685307764000001
   5.4000000e-01   3.048657484000001
   5.5000000e-01  3.054325139000001
   5.6000000e-01  2.6248572990000008
   5.7000000e-01  2.0636315190000007
   5.8000000e-01  1.6906526590000008
   5.9000000e-01  1.4221749440000009
   6.0000000e-01  1.0045055940000007
   6.1000000e-01  0.46890066400000074
   6.2000000e-01  0.0005296140000007332
   6.3000000e-01  -0.5078264609999993
   6.4000000e-01  -1.3871098209999992
   6.5000000e-01  -2.6544214209999994
   6.6000000e-01  -3.7792814909999994
   6.7000000e-01   -4.104435925999999
   6.8000000e-01   -3.5041649359999987
   6.9000000e-01   -2.564479635999999
   7.0000000e-01   -2.017586540999999
   7.1000000e-01  -2.0387099209999993
   7.2000000e-01  -2.2146552659999994
   7.3000000e-01   -2.1485044159999993
   7.4000000e-01   -1.9150212959999993
   7.5000000e-01  -1.8588085859999992
   7.6000000e-01  -2.098395145999999
   7.7000000e-01  -2.465078565999999
   7.8000000e-01  -2.931494395999999
   7.9000000e-01  -3.8039384709999986
   8.0000000e-01  -5.326428220999999
   8.1000000e-01  -7.253245370999998
   8.2000000e-01  -8.940484220999998
   8.3000000e-01  -9.828013835999998
   8.4000000e-01   -9.843988980999999
   8.5000000e-01   -9.396950721
   8.6000000e-01   -8.987963146
   8.7000000e-01   -8.8125420385
   8.8000000e-01   -8.729664691
   8.9000000e-01   -8.569156911
   9.0000000e-01   -8.329185461
   9.1000000e-01   -8.062345821
   9.2000000e-01   -7.770674305999999
   9.3000000e-01   -7.461870005999999
   9.4000000e-01   -7.139908350999999
   9.5000000e-01   -6.728274270999999
   9.6000000e-01   -6.162008835999999
   9.7000000e-01   -5.546728345999999
   9.8000000e-01   -5.063663870999999
   9.9000000e-01   -4.734533775999999
   1.0000000e+00   -4.449843060999999
   1.0100000e+00   -4.180891775999999
   1.0200000e+00   -3.966237075999999
   1.0300000e+00   -3.8035893009999993
   1.0400000e+00  -3.8125128259999994
   1.0500000e+00  -4.320933935999999
   1.0600000e+00  -5.4721533959999995
   1.0700000e+00  -6.932773446
   1.0800000e+00  -8.222340196
   1.0900000e+00  -9.071136436
   1.1000000e+00   -9.3514066325
   1.1100000e+00   -9.057997399
   1.1200000e+00   -8.476826949
   1.1300000e+00   -8.035921028999999
   1.1400000e+00  -7.904513495999999
   1.1500000e+00   -7.879590154499999
   1.1600000e+00   -7.515243380999999
   1.1700000e+00   -6.284692175999998
   1.1800000e+00   -4.069794675999998
   1.1900000e+00   -1.7204454259999977
   1.2000000e+00   -0.5532068309999978
   1.2100000e+00  -0.9130395709999977
   1.2200000e+00  -1.7797839659999979
   1.2300000e+00  -2.154615138649998
   1.2400000e+00   -2.156262132849998
   1.2500000e+00  -2.334692054399998
   1.2600000e+00  -2.7154788843999977
   1.2700000e+00  -3.086640619399998
   1.2800000e+00  -3.510081329399998
   1.2900000e+00  -4.034684949399998
   1.3000000e+00  -4.483142489399998
   1.3100000e+00  -4.855868919399998
   1.3200000e+00  -5.477929214399998
   1.3300000e+00  -6.565062914399998
   1.3400000e+00  -7.980488264399997
   1.3500000e+00  -9.453823114399997
   1.3600000e+00  -10.757263564399997
   1.3700000e+00  -11.661347659399997
   1.3800000e+00   -11.956973295899997
   1.3900000e+00   -11.636288472399997
   1.4000000e+00   -10.960058167399996
   1.4100000e+00   -10.224262222399997
   1.4200000e+00   -9.515112687399997
   1.4300000e+00   -8.792256632399997
   1.4400000e+00   -8.093387752399998
   1.4500000e+00   -7.535034472399998
   1.4600000e+00   -7.268342608399998
   1.4700000e+00  -7.5299521443999975
   1.4800000e+00  -8.487304069399997
   1.4900000e+00  -9.911198119399996
   1.5000000e+00  -11.239053019399996
   1.5100000e+00  -12.022945399399996
   1.5200000e+00   -12.135940589399995
   1.5300000e+00   -11.627089809399996
   1.5400000e+00   -10.597517469399996
   1.5500000e+00   -9.174717619399996
   1.5600000e+00   -7.508338519399995
   1.5700000e+00   -5.819375669399995
   1.5800000e+00   -4.3990400693999945
   1.5900000e+00   -3.4347815543999944
   1.6000000e+00   -2.8287086643999944
   1.6100000e+00   -2.259382954399994
   1.6200000e+00   -1.491994204399994
   1.6300000e+00   -0.6506762593999941
   1.6400000e+00   -0.10171049439999413
   1.6500000e+00  0.009208017600005877
   1.6600000e+00   0.014774102100005874
   1.6700000e+00   0.3953264346000059
   1.6800000e+00   1.226466339600006
   1.6900000e+00   2.071701064600006
   1.7000000e+00  2.402426036100006
   1.7100000e+00  2.011464782600006
   1.7200000e+00  1.0579950026000058
   1.7300000e+00  -0.10521784739999407
   1.7400000e+00  -1.117927342399994
   1.7500000e+00  -1.817718602399994
   1.7600000e+00  -2.338881962399994
   1.7700000e+00  -2.8562907523999943
   1.7800000e+00  -3.2194142973999944
   1.7900000e+00   -3.074559812399994
   1.8000000e+00   -2.369597802399994
   1.8100000e+00   -1.4470601523999942
   1.8200000e+00   -0.5970953473999941
   1.8300000e+00   0.19189672760000587
   1.8400000e+00   1.025630297600006
   1.8500000e+00   1.944253682600006
   1.8600000e+00   2.988934192600006
   1.8700000e+00   4.153610292600006
   1.8800000e+00   5.219680757600006
   1.8900000e+00   5.882138092600006
   1.9000000e+00   6.139669047600006
   1.9100000e+00   6.378396497600006
   1.9200000e+00   6.972400297600006
   1.9300000e+00   7.933621632600007
   1.9400000e+00   9.015281732600007
   1.9500000e+00   10.024251982600006
   1.9600000e+00   10.938342397600007
   1.9700000e+00   11.801700062600007
   1.9800000e+00   12.620135897600008
   1.9900000e+00   13.372695092600008
   2.0000000e+00   14.103104547600008
   2.0100000e+00   14.982105292600009
   2.0200000e+00   16.21840759260001
   2.0300000e+00   17.86500609260001
   2.0400000e+00   19.75865209260001
   2.0500000e+00   21.68981599260001
   2.0600000e+00   23.59509444260001
   2.0700000e+00   25.54074609260001
   2.0800000e+00   27.54609024260001
   2.0900000e+00   29.508810342600007
   2.1000000e+00   31.36093354260001
   2.1100000e+00   33.255006442600006
   2.1200000e+00   35.47995164260001
   2.1300000e+00   38.11693199260001
   2.1400000e+00   40.837877992600006
   2.1500000e+00   43.16819664260001
   2.1600000e+00   44.94972224260001
   2.1700000e+00   46.43721724260001
   2.1800000e+00   47.95760424260001
   2.1900000e+00   49.646844192600014
   2.2000000e+00   51.55161444260001
   2.2100000e+00   53.762705592600014
   2.2200000e+00   56.317904242600015
   2.2300000e+00   59.134330842600015
   2.2400000e+00   62.13279749260001
   2.2500000e+00   65.29472179260001
   2.2600000e+00   68.56077874260002
   2.2700000e+00   71.81371224260002
   2.2800000e+00   74.99803564260002
   2.2900000e+00   78.17465764260001
   2.3000000e+00   81.4444680926
   2.3100000e+00   84.85648704260001
   2.3200000e+00   88.3890352426
   2.3300000e+00   91.9949501926
   2.3400000e+00   95.6388542926
   2.3500000e+00   99.2843679926
   2.3600000e+00   102.8826585926
   2.3700000e+00   106.40235624259999
   2.3800000e+00   109.85176204259999
   2.3900000e+00   113.26451784259999
   2.4000000e+00   116.68801424259999
   2.4100000e+00   120.17492124259999
   2.4200000e+00   123.71026669259999
   2.4300000e+00   127.08065074259999
   2.4400000e+00   129.8316181926
   2.4500000e+00   131.3803066676
   2.4600000e+00  131.2377232926
   2.4700000e+00  129.30467059260002
   2.4800000e+00  125.93256019260002
   2.4900000e+00  121.50881959260002
   2.5000000e+00  116.11778844260002
   2.5100000e+00  109.72139364260002
   2.5200000e+00  102.40510489260002
   2.5300000e+00  94.37391744260002
   2.5400000e+00  85.87936724260001
   2.5500000e+00  77.11653419260001
   2.5600000e+00  68.17241484260002
   2.5700000e+00  59.152905692600015
   2.5800000e+00  50.23649729260001
   2.5900000e+00  41.52010389260001
   2.6000000e+00  32.97080294260002
   2.6100000e+00  24.571717942600017
   2.6200000e+00  16.385318542600018
   2.6300000e+00  8.47048729260002
   2.6400000e+00  0.8362864926000189
   2.6500000e+00  -6.5229177573999815
   2.6600000e+00  -13.61789020739998
   2.6700000e+00  -20.50121170739998
   2.6800000e+00  -27.26589000739998
   2.6900000e+00  -33.98718090739998
   2.7000000e+00  -40.68119280739998
   2.7100000e+00  -47.31972960739998
   2.7200000e+00  -53.88525865739998
   2.7300000e+00  -60.44126835739998
   2.7400000e+00  -67.15029255739998
   2.7500000e+00  -74.15849805739998
   2.7600000e+00  -81.39925685739998
   2.7700000e+00  -88.52835635739997
   2.7800000e+00  -95.11223110739996
   2.7900000e+00  -100.84796935739996
   2.8000000e+00  -105.57501495739996
   2.8100000e+00  -109.23349705739996
   2.8200000e+00  -111.90068670739996
   2.8300000e+00  -113.74229665739996
   2.8400000e+00  -114.90171331239996
   2.8500000e+00  -115.48413348739996
   2.8600000e+00   -115.55736482239996
   2.8700000e+00   -115.13028341739997
   2.8800000e+00   -114.23327724739997
   2.8900000e+00   -113.04197934739997
   2.9000000e+00   -111.85233364739997
   2.9100000e+00   -110.91508378239998
   2.9200000e+00   -110.28684067239998
   2.9300000e+00   -109.81552799239998
   2.9400000e+00   -109.28985662239998
   2.9500000e+00   -108.58250791239998
   2.9600000e+00   -107.54915678739998
   2.9700000e+00   -105.84327553739998
   2.9800000e+00   -103.02616403739998
   2.9900000e+00   -98.84723428739998
   3.0000000e+00   -93.32694413739999
   3.0100000e+00   -86.77175783739999
   3.0200000e+00   -79.90396258739999
   3.0300000e+00   -73.70145643739998
   3.0400000e+00   -68.72376093739999
   3.0500000e+00   -64.71301073739998
   3.0600000e+00   -61.102496087399985
   3.0700000e+00   -57.663116687399985
   3.0800000e+00   -54.41853923739998
   3.0900000e+00   -51.24214993739999
   3.1000000e+00   -47.86143043739999
   3.1100000e+00   -44.15035778739999
   3.1200000e+00   -40.21298218739999
   3.1300000e+00   -36.229340987399986
   3.1400000e+00   -32.36766703739998
   3.1500000e+00   -28.828381187399984
   3.1600000e+00   -25.810928487399984
   3.1700000e+00   -23.330701637399983
   3.1800000e+00   -21.148180537399984
   3.1900000e+00   -18.989750187399984
   3.2000000e+00   -16.782656337399985
   3.2100000e+00   -14.611951337399985
   3.2200000e+00   -12.540092787399985
   3.2300000e+00   -10.547900137399985
   3.2400000e+00   -8.608817687399984
   3.2500000e+00   -6.759116387399985
   3.2600000e+00   -5.0834250373999845
   3.2700000e+00   -3.6512442373999847
   3.2800000e+00   -2.4969653373999847
   3.2900000e+00   -1.6592392223999848
   3.3000000e+00   -1.1720517673999848
   3.3100000e+00   -0.9594657723999849
   3.3200000e+00   -0.7651832823999849
   3.3300000e+00   -0.2286142523999849
   3.3400000e+00   0.9417257926000152
   3.3500000e+00   2.809662192600015
   3.3600000e+00   5.200872742600015
   3.3700000e+00   7.893016542600015
   3.3800000e+00   10.799546892600015
   3.3900000e+00   13.922502142600015
   3.4000000e+00   17.194324792600014
   3.4100000e+00   20.446121292600015
   3.4200000e+00   23.498249142600017
   3.4300000e+00   26.244807042600016
   3.4400000e+00   28.666643142600016
   3.4500000e+00   30.763508092600016
   3.4600000e+00   32.47825459260002
   3.4700000e+00   33.69378115260002
   3.4800000e+00   34.25890938760002
   3.4900000e+00  34.04971159760002
   3.5000000e+00  33.11961408260002
   3.5100000e+00  31.72562108260002
   3.5200000e+00  30.08780598260002
   3.5300000e+00  28.212143082600022
   3.5400000e+00  25.997879382600022
   3.5500000e+00  23.394059382600023
   3.5600000e+00  20.44275438260002
   3.5700000e+00  17.260374582600022
   3.5800000e+00  13.958894782600023
   3.5900000e+00  10.579808932600024
   3.6000000e+00  7.172794782600024
   3.6100000e+00  3.890402782600024
   3.6200000e+00  0.8831204826000238
   3.6300000e+00  -1.864797067399976
   3.6400000e+00  -4.462372717399976
   3.6500000e+00  -6.894947267399976
   3.6600000e+00  -9.021167717399976
   3.6700000e+00  -10.798639967399977
   3.6800000e+00  -12.405458967399976
   3.6900000e+00  -14.138741417399977
   3.7000000e+00  -16.276092567399978
   3.7100000e+00  -18.94760531739998
   3.7200000e+00  -21.92949046739998
   3.7300000e+00  -24.56843056739998
   3.7400000e+00  -26.15538978239998
   3.7500000e+00   -26.50134730739998
   3.7600000e+00   -26.021864022399978
   3.7700000e+00   -25.220513967399977
   3.7800000e+00   -24.28941531739998
   3.7900000e+00   -23.22822232739998
   3.8000000e+00   -22.08022137739998
   3.8100000e+00   -20.95664442739998
   3.8200000e+00   -19.96238207239998
   3.8300000e+00   -19.142437577399978
   3.8400000e+00   -18.46647866739998
   3.8500000e+00   -17.87087348739998
   3.8600000e+00   -17.31230072239998
   3.8700000e+00   -16.75861498239998
   3.8800000e+00   -16.12655484739998
   3.8900000e+00   -15.23397509739998
   3.9000000e+00   -13.86732569739998
   3.9100000e+00   -12.00059584739998
   3.9200000e+00   -9.91798584739998
   3.9300000e+00   -7.999706047399979
   3.9400000e+00   -6.465444247399979
   3.9500000e+00   -5.434296612399979
   3.9600000e+00   -5.0582352263499795
   3.9700000e+00  -5.44251729529998
   3.9800000e+00  -6.55859996529998
   3.9900000e+00  -8.30129836529998
   4.0000000e+00  -10.51185021529998
   4.0100000e+00  -12.95108756529998
   4.0200000e+00  -15.39941491529998
   4.0300000e+00  -17.79248686529998
   4.0400000e+00  -20.17326916529998
   4.0500000e+00  -22.55148016529998
   4.0600000e+00  -24.88581571529998
   4.0700000e+00  -27.16675831529998
   4.0800000e+00  -29.46434341529998
   4.0900000e+00  -31.86385471529998
   4.1000000e+00  -34.21965736529998
   4.1100000e+00  -35.92492411529998
   4.1200000e+00   -36.23972533529998
   4.1300000e+00   -35.01012875529998
   4.1400000e+00   -32.66560675529998
   4.1500000e+00   -29.417923555299982
   4.1600000e+00   -25.06459705529998
   4.1700000e+00   -19.71565820529998
   4.1800000e+00   -14.09986195529998
   4.1900000e+00   -9.03192500529998
   4.2000000e+00   -5.047733555299981
   4.2100000e+00   -2.452230405299981
   4.2200000e+00   -1.1825402252999808
   4.2300000e+00   -0.7151484102999808
   4.2400000e+00   -0.5421390052999808
   4.2500000e+00  -0.6882112852999809
   4.2600000e+00  -1.531478135299981
   4.2700000e+00  -3.241187885299981
   4.2800000e+00  -5.5773475852999805
   4.2900000e+00  -8.152677835299981
   4.3000000e+00  -10.76757033529998
   4.3100000e+00  -13.51798148529998
   4.3200000e+00  -16.61970808529998
   4.3300000e+00  -20.15542403529998
   4.3400000e+00  -24.00783363529998
   4.3500000e+00  -27.957233685299983
   4.3600000e+00  -31.75095843529998
   4.3700000e+00  -35.14197723529998
   4.3800000e+00  -38.013266885299984
   4.3900000e+00  -40.414581585299985
   4.4000000e+00  -42.27820698529999
   4.4100000e+00  -43.24031518529999
   4.4200000e+00   -43.05792243529999
   4.4300000e+00   -42.018966785299995
   4.4400000e+00   -40.60756933529999
   4.4500000e+00   -38.96556108529999
   4.4600000e+00   -36.96526433529999
   4.4700000e+00   -34.607559135299994
   4.4800000e+00   -32.03118703529999
   4.4900000e+00   -29.201578335299992
   4.5000000e+00   -25.929410135299992
   4.5100000e+00   -22.302886435299992
   4.5200000e+00   -18.85836763529999
   4.5300000e+00   -16.17901698529999
   4.5400000e+00   -14.442023935299991
   4.5500000e+00   -13.401881390299991
   4.5600000e+00   -12.668192935299992
   4.5700000e+00   -11.902880470299992
   4.5800000e+00   -10.867475415299992
   4.5900000e+00   -9.475453365299993
   4.6000000e+00   -7.8715703152999925
   4.6100000e+00   -6.434954865299993
   4.6200000e+00   -5.627474165299993
   4.6300000e+00  -5.7083593202999925
   4.6400000e+00  -6.527337425299993
   4.6500000e+00  -7.621998775299993
   4.6600000e+00  -8.539511385299992
   4.6700000e+00  -9.072035350299991
   4.6800000e+00   -9.208867604799991
   4.6900000e+00   -8.94089938429999
   4.7000000e+00   -8.235552199299992
   4.7100000e+00   -7.214074934299992
   4.7200000e+00   -6.226143659299992
   4.7300000e+00   -5.682097009299992
   4.7400000e+00  -5.778049719299991
   4.7500000e+00  -6.306992974299991
   4.7600000e+00  -6.786273644299991
   4.7700000e+00   -6.862907279299991
   4.7800000e+00   -6.505912679299991
   4.7900000e+00   -5.7798824792999905
   4.8000000e+00   -4.673019664299991
   4.8100000e+00   -3.269071464299991
   4.8200000e+00   -1.8710265142999911
   4.8300000e+00   -0.764465144299991
   4.8400000e+00   0.05954453570000906
   4.8500000e+00   0.822951550700009
   4.8600000e+00   1.675206005700009
   4.8700000e+00   2.6244152207000093
   4.8800000e+00   3.7180004857000095
   4.8900000e+00   5.127436485700009
   4.9000000e+00   6.970766935700009
   4.9100000e+00   9.12476608570001
   4.9200000e+00   11.29305633570001
   4.9300000e+00   13.22553918570001
   4.9400000e+00   14.83770058570001
   4.9500000e+00   16.181882185700008
   4.9600000e+00   17.379268835700007
   4.9700000e+00   18.585415885700005
   4.9800000e+00   19.959695635700005
   4.9900000e+00   21.582306085700004
   5.0000000e+00   23.354026585700005
   5.0100000e+00   24.965952985700007
   5.0200000e+00   25.993567845700007
   5.0300000e+00  26.114643055700007
   5.0400000e+00  25.302049355700007
   5.0500000e+00  23.817710605700007
   5.0600000e+00  22.048303255700006
   5.0700000e+00  20.298080105700006
   5.0800000e+00  18.643477255700006
   5.0900000e+00  16.987602005700005
   5.1000000e+00  15.255737305700006
   5.1100000e+00  13.507380955700006
   5.1200000e+00  11.917531855700005
   5.1300000e+00  10.726498655700006
   5.1400000e+00  10.162627045700006
   5.1500000e+00   10.279495450700006
   5.1600000e+00   10.820626475700006
   5.1700000e+00   11.347580265700007
   5.1800000e+00   11.570802660200007
   5.1900000e+00  11.499616719700008
   5.2000000e+00  11.258126094700007
   5.2100000e+00  10.861495184700006
   5.2200000e+00  10.232067634700005
   5.2300000e+00  9.348278124700006
   5.2400000e+00  8.278497324700005
   5.2500000e+00  7.069837674700006
   5.2600000e+00  5.661045424700006
   5.2700000e+00  3.981382524700006
   5.2800000e+00  2.178594174700006
   5.2900000e+00  0.6805200747000058
   5.3000000e+00  -0.08027928029999432
   5.3100000e+00   -0.0200338852999943
   5.3200000e+00   0.5884795597000058
   5.3300000e+00   1.4449353397000058
   5.3400000e+00   2.419089324700006
   5.3500000e+00   3.4483367747000058
   5.3600000e+00   4.456093034700006
   5.3700000e+00   5.4068986247000055
   5.3800000e+00   6.3084700797000055
   5.3900000e+00   7.161287999700005
   5.4000000e+00   7.989159864700005
   5.4100000e+00   8.889856874700005
   5.4200000e+00   9.980093414700004
   5.4300000e+00   11.292834364700004
   5.4400000e+00   12.750832564700005
   5.4500000e+00   14.199572714700004
   5.4600000e+00   15.425502664700003
   5.4700000e+00   16.201539954700003
   5.4800000e+00  16.428910440200003
   5.4900000e+00  16.257882305700004
   5.5000000e+00  15.996202900700004
   5.5100000e+00  15.862633189200004
   5.5200000e+00  15.836829413500004
   5.5300000e+00  15.712466389300005
   5.5400000e+00  15.254638599300005
   5.5500000e+00  14.331547544300005
   5.5600000e+00  12.947019194300005
   5.5700000e+00  11.191860244300004
   5.5800000e+00  9.203205744300003
   5.5900000e+00  7.151452244300003
   5.6000000e+00  5.196041594300003
   5.6100000e+00  3.418693094300003
   5.6200000e+00  1.799797994300003
   5.6300000e+00  0.24599764430000293
   5.6400000e+00  -1.3716692556999972
   5.6500000e+00  -3.182387305699997
   5.6600000e+00  -5.269934155699997
   5.6700000e+00  -7.624906705699997
   5.6800000e+00  -10.103339955699997
   5.6900000e+00  -12.392257055699996
   5.7000000e+00  -14.075115055699996
   5.7100000e+00  -14.876623550699996
   5.7200000e+00   -14.888498655699996
   5.7300000e+00   -14.500793690699997
   5.7400000e+00   -14.082508395699996
   5.7500000e+00   -13.726572290699997
   5.7600000e+00   -13.320012950699997
   5.7700000e+00   -12.835726510699997
   5.7800000e+00   -12.456394020699998
   5.7900000e+00  -12.380739995699997
   5.8000000e+00  -12.584326925699997
   5.8100000e+00  -12.827229240699998
   5.8200000e+00   -12.885827946699997
   5.8300000e+00   -12.735481372699997
   5.8400000e+00   -12.487386387699997
   5.8500000e+00   -12.209796787699997
   5.8600000e+00   -11.891822652699997
   5.8700000e+00   -11.536952077699997
   5.8800000e+00   -11.176610152699997
   5.8900000e+00   -10.789500052699998
   5.9000000e+00   -10.285098997699997
   5.9100000e+00   -9.567730437699996
   5.9200000e+00   -8.583034287699997
   5.9300000e+00   -7.349300537699997
   5.9400000e+00   -5.999979187699997
   5.9500000e+00   -4.761569737699997
   5.9600000e+00   -3.8297276676999967
   5.9700000e+00   -3.2413207376999966
   5.9800000e+00   -2.846193637699997
   5.9900000e+00   -2.388976777699997
   6.0000000e+00   -1.6407252276999968
   6.0100000e+00   -0.4958499976999968
   6.0200000e+00   1.0230805523000033
   6.0300000e+00   2.8522992523000035
   6.0400000e+00   4.996895902300004
   6.0500000e+00   7.541246602300004
   6.0600000e+00   10.537637802300004
   6.0700000e+00   13.938080302300005
   6.0800000e+00   17.666252902300005
   6.0900000e+00   21.697222152300007
   6.1000000e+00   26.031085302300006
   6.1100000e+00   30.625697402300005
   6.1200000e+00   35.380731902300006
   6.1300000e+00   40.170909902300004
   6.1400000e+00   44.8755886523
   6.1500000e+00   49.3924627023
   6.1600000e+00   53.656565152300004
   6.1700000e+00   57.6209730523
   6.1800000e+00   61.1332102523
   6.1900000e+00   63.8120373523
   6.2000000e+00   65.2085333223
   6.2100000e+00  65.2767744273
   6.2200000e+00  64.5686738773
   6.2300000e+00  63.7047315923
   6.2400000e+00  62.7385572423
   6.2500000e+00  61.2773184923
   6.2600000e+00  59.1152942923
   6.2700000e+00  56.4993153423
   6.2800000e+00  53.8098833423
   6.2900000e+00  51.204219542299995
   6.3000000e+00  48.660165142299995
   6.3100000e+00  46.247530242299995
   6.3200000e+00  44.183213192299995
   6.3300000e+00  42.59455209229999
   6.3400000e+00  41.37422564229999
   6.3500000e+00  40.37782380729999
   6.3600000e+00  39.65537856229999
   6.3700000e+00  39.31846967229999
   6.3800000e+00   39.25328875751999
   6.3900000e+00  39.16409344273999
   6.4000000e+00  38.87243833273999
   6.4100000e+00  38.44040112773999
   6.4200000e+00  38.05430934773999
   6.4300000e+00  37.868419878739985
   6.4400000e+00   37.88580554273999
   6.4500000e+00   37.94675099123999
   6.4600000e+00  37.88515103173999
   6.4700000e+00  37.69404199673999
   6.4800000e+00  37.52095859673999
   6.4900000e+00   37.53697317173999
   6.5000000e+00   37.81103275173999
   6.5100000e+00   38.27607886673999
   6.5200000e+00   38.80751751173999
   6.5300000e+00   39.327945971739986
   6.5400000e+00   39.840373226739985
   6.5500000e+00   40.40415281173998
   6.5600000e+00   41.081418711739985
   6.5700000e+00   41.82867652673998
   6.5800000e+00   42.394376816739985
   6.5900000e+00  42.392130986739986
   6.6000000e+00  41.58848883173999
   6.6100000e+00  40.121360481739984
   6.6200000e+00  38.330226581739986
   6.6300000e+00  36.39358238173998
   6.6400000e+00  34.286028231739984
   6.6500000e+00  32.03736358173998
   6.6600000e+00  29.80309068173998
   6.6700000e+00  27.67905983173998
   6.6800000e+00  25.62288418173998
   6.6900000e+00  23.55155268173998
   6.7000000e+00  21.38609723173998
   6.7100000e+00  19.00313348173998
   6.7200000e+00  16.25057733173998
   6.7300000e+00  13.046726131739979
   6.7400000e+00  9.404996381739979
   6.7500000e+00  5.3631518317399784
   6.7600000e+00  0.9902782317399783
   6.7700000e+00  -3.5275738682600215
   6.7800000e+00  -7.897464918260021
   6.7900000e+00  -11.800713368260022
   6.8000000e+00  -14.934829968260022
   6.8100000e+00  -17.067992068260022
   6.8200000e+00  -18.118176018260023
   6.8300000e+00   -18.171155243260024
   6.8400000e+00   -17.436989518260024
   6.8500000e+00   -16.159899218260023
   6.8600000e+00   -14.481562068260022
   6.8700000e+00   -12.40951811826002
   6.8800000e+00   -9.99810761826002
   6.8900000e+00   -7.51381606826002
   6.9000000e+00   -5.368698268260021
   6.9100000e+00   -3.9229176682600206
   6.9200000e+00   -3.2722800032600206
   6.9300000e+00  -3.1493036477600205
   6.9400000e+00  -3.1669285082100203
   6.9500000e+00  -3.2140670526600204
   6.9600000e+00  -3.5044706461600206
   6.9700000e+00  -4.291823046160021
   6.9800000e+00  -5.628180596160021
   6.9900000e+00  -7.318948246160021
   7.0000000e+00  -9.07197859616002
   7.0100000e+00  -10.70916684616002
   7.0200000e+00  -12.16153664616002
   7.0300000e+00  -13.259907271160019
   7.0400000e+00  -13.727020080660019
   7.0500000e+00   -13.51049271516002
   7.0600000e+00   -12.95746181016002
   7.0700000e+00   -12.476734650160019
   7.0800000e+00   -12.18825723516002
   7.0900000e+00   -12.058460420160019
   7.1000000e+00  -12.15104262016002
   7.1100000e+00  -12.54574810016002
   7.1200000e+00  -13.18614181516002
   7.1300000e+00  -13.99071673516002
   7.1400000e+00  -14.99850291516002
   7.1500000e+00  -16.26764651516002
   7.1600000e+00  -17.73950731516002
   7.1700000e+00  -19.322193315160018
   7.1800000e+00  -21.005698315160018
   7.1900000e+00  -22.785470765160017
   7.2000000e+00  -24.523740965160016
   7.2100000e+00  -25.935083765160016
   7.2200000e+00  -26.697637055160016
   7.2300000e+00   -26.624336095160015
   7.2400000e+00   -25.787536695160014
   7.2500000e+00   -24.450383145160014
   7.2600000e+00   -22.883444245160014
   7.2700000e+00   -21.384202745160014
   7.2800000e+00   -20.442451185160014
   7.2900000e+00  -20.548466730160015
   7.3000000e+00  -21.697687085160016
   7.3100000e+00  -23.344933935160014
   7.3200000e+00  -24.952482735160014
   7.3300000e+00  -26.350750135160013
   7.3400000e+00  -27.506293235160012
   7.3500000e+00  -28.22464923016001
   7.3600000e+00   -28.27927828016001
   7.3700000e+00   -27.68078722516001
   7.3800000e+00   -26.61193451516001
   7.3900000e+00   -25.197215565160008
   7.4000000e+00   -23.515598115160007
   7.4100000e+00   -21.709546565160007
   7.4200000e+00   -19.904152265160008
   7.4300000e+00   -18.131889165160008
   7.4400000e+00   -16.491042765160007
   7.4500000e+00   -15.314578470160006
   7.4600000e+00  -14.982336355160006
   7.4700000e+00  -15.470292940160007
   7.4800000e+00  -16.26535739016001
   7.4900000e+00  -16.88745563016001
   7.5000000e+00  -17.313913790160008
   7.5100000e+00  -17.734929810160008
   7.5200000e+00  -18.090013100160007
   7.5300000e+00   -18.033074360160008
   7.5400000e+00   -17.299613935160007
   7.5500000e+00   -16.006131635160006
   7.5600000e+00   -14.522599985160006
   7.5700000e+00   -13.068376385160006
   7.5800000e+00   -11.563718885160005
   7.5900000e+00   -9.876352485160005
   7.6000000e+00   -8.005359885160004
   7.6100000e+00   -5.965758435160004
   7.6200000e+00   -3.701825935160004
   7.6300000e+00   -1.2232185851600041
   7.6400000e+00   1.2878749148399962
   7.6500000e+00   3.535139864839996
   7.6600000e+00   5.210111464839996
   7.6700000e+00   6.1382381798399965
   7.6800000e+00   6.422699211339997
   7.6900000e+00  6.320477077839997
   7.7000000e+00  5.937616242839997
   7.7100000e+00  5.227179632839997
   7.7200000e+00  4.271258407839997
   7.7300000e+00  3.319447437839997
   7.7400000e+00  2.538674737839997
   7.7500000e+00  1.908766382839997
   7.7600000e+00  1.374280602839997
   7.7700000e+00  1.004986897839997
   7.7800000e+00   0.981329207839997
   7.7900000e+00   1.423778232839997
   7.8000000e+00   2.258980102839997
   7.8100000e+00   3.2697416078399972
   7.8200000e+00   4.233481987839998
   7.8300000e+00   4.998124742839997
   7.8400000e+00   5.489211052839997
   7.8500000e+00   5.701729010339998
   7.8600000e+00  5.683977852839997
   7.8700000e+00  5.501876662839997
   7.8800000e+00  5.2104492428399976
   7.8900000e+00  4.870918612839998
   7.9000000e+00  4.595190867839998
   7.9100000e+00   4.539387387839998
   7.9200000e+00   4.797570882839998
   7.9300000e+00   5.296154902839998
   7.9400000e+00   5.844606862839998
   7.9500000e+00   6.288476637839999
   7.9600000e+00   6.564413902839998
   7.9700000e+00  6.633137549839998
   7.9800000e+00  6.4314079568399976
   7.9900000e+00  5.893448281839998
   8.0000000e+00  4.994546416839998
   8.0100000e+00  3.7862125168399974
   8.0200000e+00  2.387092016839997
   8.0300000e+00  0.9171098168399969
   8.0400000e+00  -0.5549386831600029
   8.0500000e+00  -1.990973883160003
   8.0600000e+00  -3.3269264331600032
   8.0700000e+00  -4.4638010831600035
   8.0800000e+00  -5.327241328160003
   8.0900000e+00  -5.907353963160003
   8.1000000e+00  -6.2165702131600025
   8.1100000e+00   -6.235866683160002
   8.1200000e+00   -5.928878063160002
   8.1300000e+00   -5.288700118160002
   8.1400000e+00   -4.335999853160002
   8.1500000e+00   -3.0918699031600023
   8.1600000e+00   -1.6223231531600022
   8.1700000e+00   -0.10518475316000209
   8.1800000e+00   1.221907846839998
   8.1900000e+00   2.199640066839998
   8.2000000e+00   2.834874521839998
   8.2100000e+00   3.2775774518399983
   8.2200000e+00   3.6937433018399983
   8.2300000e+00   4.142317431839999
   8.2400000e+00   4.587247161839999
   8.2500000e+00   4.987508256839999
   8.2600000e+00   5.328375156839999
   8.2700000e+00   5.6102504368399995
   8.2800000e+00   5.85647516184
   8.2900000e+00   6.10361446684
   8.3000000e+00   6.35823679184
   8.3100000e+00   6.573004096839999
   8.3200000e+00  6.653495914339999
   8.3300000e+00  6.489687071839999
   8.3400000e+00  6.032119976839999
   8.3500000e+00  5.348680711839999
   8.3600000e+00  4.56466626684
   8.3700000e+00  3.76004707684
   8.3800000e+00  2.9686689018399997
   8.3900000e+00  2.25130401684
   8.4000000e+00  1.7117404068399997
   8.4100000e+00  1.4325541918399998
   8.4200000e+00   1.4131274508399998
   8.4300000e+00   1.5644904398399997
   8.4400000e+00   1.7642380848399997
   8.4500000e+00   1.9447579548399996
   8.4600000e+00   2.1256100348399998
   8.4700000e+00   2.34307445984
   8.4800000e+00   2.59279603484
   8.4900000e+00   2.88211729484
   8.5000000e+00   3.29295985484
   8.5100000e+00   3.94787446984
   8.5200000e+00   4.93150069984
   8.5300000e+00   6.23775624984
   8.5400000e+00   7.749416649840001
   8.5500000e+00   9.272496099840001
   8.5600000e+00   10.631010399840001
   8.5700000e+00   11.76506994984
   8.5800000e+00   12.764863589840001
   8.5900000e+00   13.800004129840001
   8.6000000e+00   14.985179479840001
   8.6100000e+00   16.313939779840002
   8.6200000e+00   17.722639329840003
   8.6300000e+00   19.177695329840002
   8.6400000e+00   20.67595317984
   8.6500000e+00   22.19950012984
   8.6600000e+00   23.71335082984
   8.6700000e+00   25.19743487984
   8.6800000e+00   26.65091357984
   8.6900000e+00   28.05381667984
   8.7000000e+00   29.31418142984
   8.7100000e+00   30.248528584840003
   8.7200000e+00   30.669746124840003
   8.7300000e+00  30.553639389840004
   8.7400000e+00  30.075796279840006
   8.7500000e+00  29.444769064840006
   8.7600000e+00  28.758776089840005
   8.7700000e+00  28.029672639840005
   8.7800000e+00  27.247417624840004
   8.7900000e+00  26.376221059840006
   8.8000000e+00  25.331432009840007
   8.8100000e+00  24.01857305984001
   8.8200000e+00  22.43451570984001
   8.8300000e+00  20.72162505984001
   8.8400000e+00  19.08455845984001
   8.8500000e+00  17.646636009840012
   8.8600000e+00  16.388822709840014
   8.8700000e+00  15.201011509840013
   8.8800000e+00  13.966979059840014
   8.8900000e+00  12.603604259840013
   8.9000000e+00  11.053844859840012
   8.9100000e+00  9.285625109840012
   8.9200000e+00  7.294158159840013
   8.9300000e+00  5.074531259840013
   8.9400000e+00  2.617648859840013
   8.9500000e+00  -0.031956840159987454
   8.9600000e+00  -2.7618869401599877
   8.9700000e+00  -5.473148490159987
   8.9800000e+00  -8.106084340159988
   8.9900000e+00  -10.486044340159989
   9.0000000e+00  -12.16274499015999
   9.0100000e+00   -12.609938730159989
   9.0200000e+00   -11.74571407015999
   9.0300000e+00   -10.10099432015999
   9.0400000e+00   -8.30677292015999
   9.0500000e+00   -6.59275447015999
   9.0600000e+00   -4.92052717015999
   9.0700000e+00   -3.33866652015999
   9.0800000e+00   -1.98729302015999
   9.0900000e+00   -0.9147479951599902
   9.1000000e+00   -0.06902350515999012
   9.1100000e+00   0.5844987098400098
   9.1200000e+00   1.02680087484001
   9.1300000e+00   1.23877128634001
   9.1400000e+00  1.23003682284001
   9.1500000e+00  1.0151382178400101
   9.1600000e+00  0.59392324784001
   9.1700000e+00  -0.03930335715998989
   9.1800000e+00  -0.8684087321599899
   9.1900000e+00  -1.8101890021599898
   9.2000000e+00  -2.68322527715999
   9.2100000e+00  -3.2571582121599896
   9.2200000e+00   -3.3841807671599895
   9.2300000e+00   -3.1195526721599895
   9.2400000e+00   -2.7272831521599894
   9.2500000e+00  -2.5596059881599893
   9.2600000e+00  -2.8922699591599894
   9.2700000e+00  -3.8063872891599893
   9.2800000e+00  -5.200550989159989
   9.2900000e+00  -6.929186539159989
   9.3000000e+00  -8.90737293915999
   9.3100000e+00  -11.10292788915999
   9.3200000e+00  -13.51080438915999
   9.3300000e+00  -16.14480893915999
   9.3400000e+00  -19.00438318915999
   9.3500000e+00  -22.025209289159992
   9.3600000e+00  -25.03229323915999
   9.3700000e+00  -27.69909733915999
   9.3800000e+00  -29.60479883915999
   9.3900000e+00  -30.50469547915999
   9.4000000e+00   -30.57942711915999
   9.4100000e+00   -30.230642339159992
   9.4200000e+00   -29.62834034415999
   9.4300000e+00   -28.66550942915999
   9.4400000e+00   -27.28891177915999
   9.4500000e+00   -25.62874957915999
   9.4600000e+00   -23.83128212915999
   9.4700000e+00   -21.94382907915999
   9.4800000e+00   -19.98311597915999
   9.4900000e+00   -18.02955627915999
   9.5000000e+00   -16.23189807915999
   9.5100000e+00   -14.75793522915999
   9.5200000e+00   -13.74413925415999
   9.5300000e+00   -13.249569969159989
   9.5400000e+00  -13.222708964159988
   9.5500000e+00  -13.519003419159988
   9.5600000e+00  -13.988431269159989
   9.5700000e+00  -14.551292094159988
   9.5800000e+00  -15.169340239159988
   9.5900000e+00  -15.782679479159988
   9.6000000e+00  -16.321147409159988
   9.6100000e+00  -16.748108164159987
   9.6200000e+00  -17.058619154159988
   9.6300000e+00  -17.255614609159988
   9.6400000e+00  -17.357876180159987
   9.6500000e+00  -17.420079009659986
   9.6600000e+00  -17.509766783159986
   9.6700000e+00  -17.663407918159987
   9.6800000e+00  -17.891955188159987
   9.6900000e+00  -18.223875693159986
   9.7000000e+00  -18.707309728159984
   9.7100000e+00  -19.362940938159984
   9.7200000e+00  -20.163563513159982
   9.7300000e+00  -21.063852943159983
   9.7400000e+00  -22.020279528159982
   9.7500000e+00  -22.98626790315998
   9.7600000e+00  -23.92044012815998
   9.7700000e+00  -24.793989258159982
   9.7800000e+00  -25.55169234315998
   9.7900000e+00  -26.052700588159983
   9.8000000e+00   -26.10908275315998
   9.8100000e+00   -25.65083136815998
   9.8200000e+00   -24.81155919815998
   9.8300000e+00   -23.79444712815998
   9.8400000e+00   -22.71004102815998
   9.8500000e+00   -21.581469228159982
   9.8600000e+00   -20.43057072815998
   9.8700000e+00   -19.298826628159983
   9.8800000e+00   -18.210380528159984
   9.8900000e+00   -17.157361428159984
   9.9000000e+00   -16.140585918159985
   9.9100000e+00   -15.238692323159984
   9.9200000e+00   -14.632552323159985
   9.9300000e+00  -14.496498103159984
   9.9400000e+00  -14.811736573159985
   9.9500000e+00  -15.348168808159985
   9.9600000e+00  -15.879028423159985
   9.9700000e+00  -16.330954828159985
   9.9800000e+00  -16.699441333159985
   9.9900000e+00  -16.939391543159985
   1.0000000e+01   -16.986286832159983
   1.0010000e+01   -16.798644451159984
   1.0020000e+01   -16.350770691159983
   1.0030000e+01   -15.650140456159983
   1.0040000e+01   -14.774035246159983
   1.0050000e+01   -13.841626146159983
   1.0060000e+01   -12.970274356159983
   1.0070000e+01   -12.303346026159984
   1.0080000e+01   -12.015542071659985
   1.0090000e+01  -12.178597207159985
   1.0100000e+01  -12.635577017159985
   1.0110000e+01  -13.115887797159985
   1.0120000e+01  -13.468452957159984
   1.0130000e+01  -13.698501927159985
   1.0140000e+01  -13.836135334659984
   1.0150000e+01  -13.888362496659983
   1.0160000e+01   -13.885306180659983
   1.0170000e+01   -13.867725684659982
   1.0180000e+01   -13.818937885659983
   1.0190000e+01   -13.664133832159983
   1.0200000e+01   -13.357954472159983
   1.0210000e+01   -12.950801487159984
   1.0220000e+01   -12.556512132159984
   1.0230000e+01   -12.277098102159984
   1.0240000e+01   -12.175447879909983
   1.0250000e+01  -12.286371342659983
   1.0260000e+01  -12.607519512659984
   1.0270000e+01  -13.085439902659983
   1.0280000e+01  -13.632944327659983
   1.0290000e+01  -14.147499427659984
   1.0300000e+01  -14.510652052659983
   1.0310000e+01   -14.616288299659983
   1.0320000e+01   -14.432790211659983
   1.0330000e+01   -14.000153961659983
   1.0340000e+01   -13.342373071659983
   1.0350000e+01   -12.444291021659984
   1.0360000e+01   -11.325210571659984
   1.0370000e+01   -10.048513721659983
   1.0380000e+01   -8.658091671659983
   1.0390000e+01   -7.177845521659983
   1.0400000e+01   -5.651916821659983
   1.0410000e+01   -4.133051771659982
   1.0420000e+01   -2.650971821659982
   1.0430000e+01   -1.2142217216599822
   1.0440000e+01   0.17299857834001764
   1.0450000e+01   1.5050722783400177
   1.0460000e+01   2.775382028340018
   1.0470000e+01   3.974047528340018
   1.0480000e+01   5.086090478340018
   1.0490000e+01   6.089469323340018
   1.0500000e+01   6.946885818340018
   1.0510000e+01   7.600922328340018
   1.0520000e+01   7.990425108340018
   1.0530000e+01  8.095517806840018
   1.0540000e+01  7.990576890340018
   1.0550000e+01  7.839105990340018
   1.0560000e+01   7.801614432840018
   1.0570000e+01   7.942395635340018
   1.0580000e+01   8.219048920340018
   1.0590000e+01   8.526035360340018
   1.0600000e+01   8.726135625340017
   1.0610000e+01  8.668154390340018
   1.0620000e+01  8.242227420340017
   1.0630000e+01  7.468077865340017
   1.0640000e+01  6.515252535340016
   1.0650000e+01  5.616885035340016
   1.0660000e+01  4.981827255340016
   1.0670000e+01   4.754410117540016
   1.0680000e+01   4.969164684740016
   1.0690000e+01   5.539183749740016
   1.0700000e+01   6.3299692397400165
   1.0710000e+01   7.231281169740017
   1.0720000e+01   8.168202249740016
   1.0730000e+01   9.099932039740017
   1.0740000e+01   10.019491114740017
   1.0750000e+01   10.940900209740017
   1.0760000e+01   11.894291899740017
   1.0770000e+01   12.919723074740016
   1.0780000e+01   14.031243074740017
   1.0790000e+01   15.183643374740017
   1.0800000e+01   16.282815024740017
   1.0810000e+01   17.20935754474002
   1.0820000e+01   17.83521501474002
   1.0830000e+01   18.08636422474002
   1.0840000e+01  18.02765826474002
   1.0850000e+01  17.83157817474002
   1.0860000e+01  17.63748900974002
   1.0870000e+01  17.47990835474002
   1.0880000e+01  17.332012719740018
   1.0890000e+01  17.153276629740017
   1.0900000e+01  16.900905074740017
   1.0910000e+01  16.537698139740016
   1.0920000e+01  16.034479179740014
   1.0930000e+01  15.365381874740015
   1.0940000e+01  14.518685099740015
   1.0950000e+01  13.516394264740015
   1.0960000e+01  12.414093514740015
   1.0970000e+01  11.279608164740015
   1.0980000e+01  10.177086614740015
   1.0990000e+01  9.174876844740014
   1.1000000e+01  8.355680469740014
   1.1010000e+01  7.790369939740014
   1.1020000e+01  7.485307894740014
   1.1030000e+01  7.3744481422400145
   1.1040000e+01   7.388794913240014
   1.1050000e+01   7.517968221740015
   1.1060000e+01   7.782261346740015
   1.1070000e+01   8.166021746740014
   1.1080000e+01   8.597086796740015
   1.1090000e+01   8.975425686740016
   1.1100000e+01   9.205898426740015
   1.1110000e+01  9.207203431740016
   1.1120000e+01  8.919530516740016
   1.1130000e+01  8.339311251740016
   1.1140000e+01  7.5363518117400154
   1.1150000e+01  6.609306526740015
   1.1160000e+01  5.638703421740015
   1.1170000e+01  4.693540236740015
   1.1180000e+01  3.848311246740015
   1.1190000e+01  3.1628639317400147
   1.1200000e+01  2.6484153667400148
   1.1210000e+01  2.267712116740015
   1.1220000e+01  1.970866671740015
   1.1230000e+01  1.722450201740015
   1.1240000e+01  1.5002190217400149
   1.1250000e+01  1.2863980567400148
   1.1260000e+01  1.060352266740015
   1.1270000e+01  0.7868432417400149
   1.1280000e+01  0.41566504174001484
   1.1290000e+01  -0.08866703825998512
   1.1300000e+01  -0.7118896382599851
   1.1310000e+01  -1.3933422032599851
   1.1320000e+01  -2.061535688259985
   1.1330000e+01  -2.655340923259985
   1.1340000e+01  -3.118718658259985
   1.1350000e+01  -3.398693398259985
   1.1360000e+01   -3.4527498932599854
   1.1370000e+01   -3.2481445082599856
   1.1380000e+01   -2.7649913482599855
   1.1390000e+01   -2.0083838932599853
   1.1400000e+01   -1.0043143632599854
   1.1410000e+01   0.2048384867400148
   1.1420000e+01   1.5465190867400147
   1.1430000e+01   2.933148886740015
   1.1440000e+01   4.310485136740015
   1.1450000e+01   5.667052536740015
   1.1460000e+01   6.998546636740015
   1.1470000e+01   8.287847936740015
   1.1480000e+01   9.505274336740015
   1.1490000e+01   10.595966736740015
   1.1500000e+01   11.472859621740016
   1.1510000e+01   12.052972996740015
   1.1520000e+01   12.305191338240016
   1.1530000e+01  12.247309389740016
   1.1540000e+01  11.912234414740016
   1.1550000e+01  11.348430929740017
   1.1560000e+01  10.643792299740017
   1.1570000e+01  9.909201429740017
   1.1580000e+01  9.217011004740018
   1.1590000e+01  8.562505744740017
   1.1600000e+01  7.8924633047400174
   1.1610000e+01  7.161162674740018
   1.1620000e+01  6.355010229740017
   1.1630000e+01  5.480936469740017
   1.1640000e+01  4.546571044740017
   1.1650000e+01  3.5500934097400174
   1.1660000e+01  2.4850178597400174
   1.1670000e+01  1.3550399597400173
   1.1680000e+01  0.18682515974001723
   1.1690000e+01  -0.9575541902599827
   1.1700000e+01  -1.9610894602599827
   1.1710000e+01  -2.661049565259983
   1.1720000e+01  -2.939683443259983
   1.1730000e+01   -2.830798886259983
   1.1740000e+01   -2.4844527562599827
   1.1750000e+01   -2.0133546112599827
   1.1760000e+01   -1.4333418312599826
   1.1770000e+01   -0.7391590162599825
   1.1780000e+01   0.04649168374001755
   1.1790000e+01   0.8954429987400176
   1.1800000e+01   1.7837390837400178
   1.1810000e+01   2.6797119937400176
   1.1820000e+01   3.5503782637400176
   1.1830000e+01   4.371924068740018
   1.1840000e+01   5.118002723740018
   1.1850000e+01   5.737829368740018
   1.1860000e+01   6.150164258740018
   1.1870000e+01  6.271812577740018
   1.1880000e+01  6.076962261740018
   1.1890000e+01  5.635441211740018
   1.1900000e+01  5.075845846740018
   1.1910000e+01  4.507276341740018
   1.1920000e+01  3.9837371267400177
   1.1930000e+01  3.5249877817400175
   1.1940000e+01  3.1391807567400174
   1.1950000e+01  2.8210612017400174
   1.1960000e+01  2.5476448267400174
   1.1970000e+01  2.2867104967400174
   1.1980000e+01  2.005466161740017
   1.1990000e+01  1.669173471740017
   1.2000000e+01  1.240689016740017
   1.2010000e+01  0.690798701740017
   1.2020000e+01  0.012716786740017083
   1.2030000e+01  -0.7737344032599829
   1.2040000e+01  -1.6333347832599827
   1.2050000e+01  -2.523679533259983
   1.2060000e+01  -3.384652443259983
   1.2070000e+01  -4.123741693259983
   1.2080000e+01  -4.6249460082599825
   1.2090000e+01   -4.798642105159982
   1.2100000e+01   -4.6507775970599825
   1.2110000e+01   -4.301476467059983
   1.2120000e+01   -3.909487277059983
   1.2130000e+01   -3.570418997059983
   1.2140000e+01   -3.297612192059983
   1.2150000e+01   -3.075011937059983
   1.2160000e+01   -2.8845443920599827
   1.2170000e+01   -2.693800722059983
   1.2180000e+01   -2.464588362059983
   1.2190000e+01   -2.188724747059983
   1.2200000e+01   -1.9050557970599828
   1.2210000e+01   -1.683708972059983
   1.2220000e+01  -1.5985914678799829
   1.2230000e+01  -1.6966807586999828
   1.2240000e+01  -1.968194448699983
   1.2250000e+01  -2.3460366736999827
   1.2260000e+01  -2.7435689936999825
   1.2270000e+01  -3.0847535286999825
   1.2280000e+01  -3.3028583986999824
   1.2290000e+01   -3.3472890986999824
   1.2300000e+01   -3.2169150386999825
   1.2310000e+01   -2.9786467186999825
   1.2320000e+01   -2.7380082436999826
   1.2330000e+01   -2.5865813306999828
   1.2340000e+01  -2.5696714176999826
   1.2350000e+01  -2.6780836876999827
   1.2360000e+01  -2.8551224476999826
   1.2370000e+01  -3.0277727826999827
   1.2380000e+01  -3.145651157199983
   1.2390000e+01  -3.1891508684999827
   1.2400000e+01   -3.152141868799983
   1.2410000e+01   -3.0387323222999827
   1.2420000e+01   -2.8755504672999828
   1.2430000e+01   -2.7076975672999826
   1.2440000e+01   -2.5763384272999827
   1.2450000e+01   -2.501127201799983
   1.2460000e+01   -2.4751981682999826
   1.2470000e+01   -2.4714510133499825
   1.2480000e+01   -2.4597279978999826
   1.2490000e+01   -2.423505720399983
   1.2500000e+01   -2.361294850399983
   1.2510000e+01   -2.2714624293999828
   1.2520000e+01   -2.135307979399983
   1.2530000e+01   -1.919224394399983
   1.2540000e+01   -1.5962875143999828
   1.2550000e+01   -1.162330734399983
   1.2560000e+01   -0.6361624493999829
   1.2570000e+01   -0.05649246939998287
   1.2580000e+01   0.5213548256000171
   1.2590000e+01   1.0270311156000171
   1.2600000e+01   1.3687865206000172
   1.2610000e+01  1.4452399916000171
   1.2620000e+01  1.2019075876000171
   1.2630000e+01  0.6828480726000171
   1.2640000e+01  0.003328487600017027
   1.2650000e+01  -0.728061597399983
   1.2660000e+01  -1.440676647399983
   1.2670000e+01  -2.075790502399983
   1.2680000e+01  -2.579212412399983
   1.2690000e+01  -2.938240262399983
   1.2700000e+01  -3.207064892399983
   1.2710000e+01  -3.4719163973999834
   1.2720000e+01  -3.7824517423999833
   1.2730000e+01  -4.118169297399984
   1.2740000e+01  -4.410726167399984
   1.2750000e+01  -4.586289477399984
   1.2760000e+01   -4.604448936399984
   1.2770000e+01   -4.482031335399983
   1.2780000e+01   -4.273642740399984
   1.2790000e+01   -4.025396745399984
   1.2800000e+01   -3.768753765399984
   1.2810000e+01   -3.5575502553999843
   1.2820000e+01  -3.4729054438299842
   1.2830000e+01  -3.562201162259984
   1.2840000e+01  -3.782198347259984
   1.2850000e+01  -4.0297954022599844
   1.2860000e+01  -4.228917902259984
   1.2870000e+01  -4.3720731522599845
   1.2880000e+01  -4.495492962259984
   1.2890000e+01  -4.646661097259984
   1.2900000e+01  -4.872800392259984
   1.2910000e+01  -5.205940382259985
   1.2920000e+01  -5.6347229822599845
   1.2930000e+01  -6.0977004922599845
   1.2940000e+01  -6.5172943422599845
   1.2950000e+01  -6.8412208872599845
   1.2960000e+01  -7.060112302259984
   1.2970000e+01  -7.201156542259985
   1.2980000e+01  -7.3023997317599845
   1.2990000e+01  -7.376713340759984
   1.3000000e+01   -7.391170025759984
   1.3010000e+01   -7.291167051259984
   1.3020000e+01   -7.060626581259984
   1.3030000e+01   -6.753432141259984
   1.3040000e+01   -6.456018576259984
   1.3050000e+01   -6.232419981259984
   1.3060000e+01   -6.1118330167599835
   1.3070000e+01  -6.105956278259984
   1.3080000e+01  -6.220152924259984
   1.3090000e+01  -6.455216159259984
   1.3100000e+01  -6.810555464259984
   1.3110000e+01  -7.285771694259984
   1.3120000e+01  -7.870459829259984
   1.3130000e+01  -8.532299319259984
   1.3140000e+01  -9.226181484259984
   1.3150000e+01  -9.913818574259984
   1.3160000e+01  -10.560513959259984
   1.3170000e+01  -11.110449844259984
   1.3180000e+01  -11.481726339259984
   1.3190000e+01  -11.613671987009983
   1.3200000e+01   -11.530995044759983
   1.3210000e+01   -11.337017074759983
   1.3220000e+01   -11.126581434759983
   1.3230000e+01   -10.929091209759983
   1.3240000e+01   -10.747663064759983
   1.3250000e+01   -10.618577021759984
   1.3260000e+01  -10.606440930759984
   1.3270000e+01  -10.752083477759983
   1.3280000e+01  -11.034370912759984
   1.3290000e+01  -11.383697857759984
   1.3300000e+01  -11.735188642759983
   1.3310000e+01  -12.062072312759984
   1.3320000e+01  -12.360251672759984
   1.3330000e+01  -12.623677032759984
   1.3340000e+01  -12.841070717759983
   1.3350000e+01  -12.997071547759983
   1.3360000e+01  -13.066751338759984
   1.3370000e+01   -13.021651614759984
   1.3380000e+01   -12.847685114759983
   1.3390000e+01   -12.544086004759983
   1.3400000e+01   -12.106632104759983
   1.3410000e+01   -11.535987164759984
   1.3420000e+01   -10.861310879759984
   1.3430000e+01   -10.132946954759984
   1.3440000e+01   -9.399175374759984
   1.3450000e+01   -8.714233269759985
   1.3460000e+01   -8.166168709759985
   1.3470000e+01   -7.869136429759985
   1.3480000e+01  -7.896534569759985
   1.3490000e+01  -8.204738004759985
   1.3500000e+01  -8.634582714759985
   1.3510000e+01  -9.005628489759985
   1.3520000e+01  -9.203500771759986
   1.3530000e+01   -9.181525598759986
   1.3540000e+01   -8.931998318759986
   1.3550000e+01   -8.493259693759985
   1.3560000e+01   -7.946484663759985
   1.3570000e+01   -7.364944143759985
   1.3580000e+01   -6.778486953759985
   1.3590000e+01   -6.190793503759985
   1.3600000e+01   -5.6032015287599855
   1.3610000e+01   -5.0145026587599855
   1.3620000e+01   -4.414655158759985
   1.3630000e+01   -3.7864070787599853
   1.3640000e+01   -3.111988333759985
   1.3650000e+01   -2.379114758759985
   1.3660000e+01   -1.582809798759985
   1.3670000e+01   -0.727678328759985
   1.3680000e+01   0.16968093124001515
   1.3690000e+01   1.0893491112400153
   1.3700000e+01   2.020960046240015
   1.3710000e+01   2.962196836240015
   1.3720000e+01   3.909151571240015
   1.3730000e+01   4.853390961240015
   1.3740000e+01   5.783046106240015
   1.3750000e+01   6.683419731240015
   1.3760000e+01   7.538046071240015
   1.3770000e+01   8.325730791240016
   1.3780000e+01   9.011437316240016
   1.3790000e+01   9.546132701240015
   1.3800000e+01   9.889021291240015
   1.3810000e+01   10.033304949240016
   1.3820000e+01  10.011072866240015
   1.3830000e+01  9.881546685240016
   1.3840000e+01  9.709163765240016
   1.3850000e+01  9.535169725240015
   1.3860000e+01  9.364991465240015
   1.3870000e+01  9.179699980240015
   1.3880000e+01  8.951085840240015
   1.3890000e+01  8.654782425240015
   1.3900000e+01  8.286819145240015
   1.3910000e+01  7.867278195240015
   1.3920000e+01  7.426160420240015
   1.3930000e+01  6.996079600240015
   1.3940000e+01  6.614216455240015
   1.3950000e+01  6.308856735240015
   1.3960000e+01  6.073310780240015
   1.3970000e+01  5.861957150240015
   1.3980000e+01  5.624692820240015
   1.3990000e+01  5.350109960240015
   1.4000000e+01  5.076027810240015
   1.4010000e+01  4.866052535240016
   1.4020000e+01  4.781683167290016
   1.4030000e+01   4.862171694340016
   1.4040000e+01   5.105246089340016
   1.4050000e+01   5.455790739340015
   1.4060000e+01   5.819759244340015
   1.4070000e+01   6.0925608993400155
   1.4080000e+01  6.179130987340016
   1.4090000e+01  6.023229230340016
   1.4100000e+01  5.651837420340016
   1.4110000e+01  5.173532400340016
   1.4120000e+01  4.713013535340016
   1.4130000e+01  4.363878040340016
   1.4140000e+01  4.192750352840016
   1.4150000e+01   4.224673635340016
   1.4160000e+01   4.405191025340017
   1.4170000e+01   4.632658285340017
   1.4180000e+01   4.850029660340017
   1.4190000e+01   5.0733603053400165
   1.4200000e+01   5.339152225340016
   1.4210000e+01   5.658953340340016
   1.4220000e+01   6.014598180340016
   1.4230000e+01   6.370080645340016
   1.4240000e+01   6.6877936153400155
   1.4250000e+01   6.9424640353400155
   1.4260000e+01   7.122669180340016
   1.4270000e+01   7.224257922840016
   1.4280000e+01  7.245656549840016
   1.4290000e+01  7.184151664340016
   1.4300000e+01  7.036822254340016
   1.4310000e+01  6.813327609340016
   1.4320000e+01  6.546335054340016
   1.4330000e+01  6.283531469340016
   1.4340000e+01  6.072665064340016
   1.4350000e+01  5.952617071340016
   1.4360000e+01   5.943583813840016
   1.4370000e+01   6.034262589340016
   1.4380000e+01   6.179917859340016
   1.4390000e+01   6.318870444340016
   1.4400000e+01   6.3941904868400155
   1.4410000e+01  6.365804100840015
   1.4420000e+01  6.2185735073400155
   1.4430000e+01  5.970534697340016
   1.4440000e+01  5.665381097340016
   1.4450000e+01  5.344121687340016
   1.4460000e+01  5.022239397340016
   1.4470000e+01  4.697802802340016
   1.4480000e+01  4.377064947340016
   1.4490000e+01  4.085220497340016
   1.4500000e+01  3.859859302340016
   1.4510000e+01  3.7467300413400157
   1.4520000e+01   3.799999485340016
   1.4530000e+01   4.071267130340016
   1.4540000e+01   4.579646725340016
   1.4550000e+01   5.285170085340016
   1.4560000e+01   6.101626410340016
   1.4570000e+01   6.941686385340016
   1.4580000e+01   7.743408375340016
   1.4590000e+01   8.460249835340015
   1.4600000e+01   9.052729650340016
   1.4610000e+01   9.502321550340016
   1.4620000e+01   9.812313590340015
   1.4630000e+01   9.981017879340015
   1.4640000e+01  9.992795354340016
   1.4650000e+01  9.839641260340017
   1.4660000e+01  9.529516170340017
   1.4670000e+01  9.075938700340016
   1.4680000e+01  8.500042580340017
   1.4690000e+01  7.842402325340016
   1.4700000e+01  7.161431455340016
   1.4710000e+01  6.5148673403400155
   1.4720000e+01  5.941194920340015
   1.4730000e+01  5.456514085340015
   1.4740000e+01  5.061038095340015
   1.4750000e+01  4.739526085340015
   1.4760000e+01  4.458132340340015
   1.4770000e+01  4.177530925340015
   1.4780000e+01  3.880244575340015
   1.4790000e+01  3.576270245340015
   1.4800000e+01  3.278107000340015
   1.4810000e+01  2.984252485340015
   1.4820000e+01  2.685984610340015
   1.4830000e+01  2.369160595340015
   1.4840000e+01  2.003668065340015
   1.4850000e+01  1.547926630340015
   1.4860000e+01  0.977503695340015
   1.4870000e+01  0.30441398534001496
   1.4880000e+01  -0.43799343965998516
   1.4890000e+01  -1.2190360446599853
   1.4900000e+01  -2.0145062046599853
   1.4910000e+01  -2.7971709196599854
   1.4920000e+01  -3.5225116846599853
   1.4930000e+01  -4.114720664659986
   1.4940000e+01  -4.492744699659986
   1.4950000e+01  -4.655831349659986
   1.4960000e+01  -4.7236819321599866
   1.4970000e+01  -4.830330024659987
   1.4980000e+01  -4.994410974659987
   1.4990000e+01  -5.137540749659987
   1.5000000e+01   -5.180683800659987
   1.5010000e+01   -5.071728771659988
   1.5020000e+01   -4.7761899816599875
   1.5030000e+01   -4.306610076659988
   1.5040000e+01   -3.741452316659988
   1.5050000e+01   -3.177381046659988
   1.5060000e+01   -2.6658519566599876
   1.5070000e+01   -2.2017752916599878
   1.5080000e+01   -1.7574540916599877
   1.5090000e+01   -1.3179052466599877
   1.5100000e+01   -0.8933002766599876
   1.5110000e+01   -0.5118690666599875
   1.5120000e+01   -0.21302181665998754
   1.5130000e+01   -0.05374874665998755
   1.5140000e+01  -0.11436500665998756
   1.5150000e+01  -0.47162492165998754
   1.5160000e+01  -1.1322389666599877
   1.5170000e+01  -1.9884113316599876
   1.5180000e+01  -2.8659563166599877
   1.5190000e+01  -3.6196502566599875
   1.5200000e+01  -4.1630438466599875
   1.5210000e+01  -4.433145116659987
   1.5220000e+01   -4.390934386659987
   1.5230000e+01   -4.077264076659987
   1.5240000e+01   -3.634248681659987
   1.5250000e+01   -3.234623176659987
   1.5260000e+01   -2.974084821659987
   1.5270000e+01   -2.8322491516599873
   1.5280000e+01   -2.7292632616599874
   1.5290000e+01   -2.5966798316599875
   1.5300000e+01   -2.4018528416599874
   1.5310000e+01   -2.1502020216599873
   1.5320000e+01   -1.8798306566599874
   1.5330000e+01   -1.6274926166599875
   1.5340000e+01   -1.3920935866599875
   1.5350000e+01   -1.1429024366599876
   1.5360000e+01   -0.8565022016599876
   1.5370000e+01   -0.5384478916599875
   1.5380000e+01   -0.21530808665998752
   1.5390000e+01   0.09099140334001249
   1.5400000e+01   0.3788328983400125
   1.5410000e+01   0.6580681933400125
   1.5420000e+01   0.9382994783400125
   1.5430000e+01   1.2326812433400125
   1.5440000e+01   1.5601195133400125
   1.5450000e+01   1.9310718483400127
   1.5460000e+01   2.3336877083400127
   1.5470000e+01   2.7328281233400125
   1.5480000e+01   3.0724830533400125
   1.5490000e+01   3.2880330433400125
   1.5500000e+01  3.3420507468400125
   1.5510000e+01  3.2468804953400126
   1.5520000e+01  3.0358390503400123
   1.5530000e+01  2.732229455340012
   1.5540000e+01  2.365673980340012
   1.5550000e+01  1.990809825340012
   1.5560000e+01  1.671468260340012
   1.5570000e+01  1.465899260340012
   1.5580000e+01   1.423864703840012
   1.5590000e+01   1.5585505023400121
   1.5600000e+01   1.8146111023400122
   1.5610000e+01   2.105055552340012
   1.5620000e+01   2.391469677340012
   1.5630000e+01   2.695814377340012
   1.5640000e+01   3.034535187340012
   1.5650000e+01   3.380778892340012
   1.5660000e+01   3.696930362340012
   1.5670000e+01   3.9726583673400118
   1.5680000e+01   4.2204117673400114
   1.5690000e+01   4.448207307340011
   1.5700000e+01   4.640604922340011
   1.5710000e+01   4.7566123688400115
   1.5720000e+01  4.744564514840011
   1.5730000e+01  4.5763310243400115
   1.5740000e+01  4.277792264340011
   1.5750000e+01  3.903024604340011
   1.5760000e+01  3.466902089340011
   1.5770000e+01  2.933497874340011
   1.5780000e+01  2.280877859340011
   1.5790000e+01  1.5448880743400109
   1.5800000e+01  0.7858125743400108
   1.5810000e+01  0.03864211434001086
   1.5820000e+01  -0.6830171256599891
   1.5830000e+01  -1.350092285659989
   1.5840000e+01  -1.9084433156599891
   1.5850000e+01  -2.304711235659989
   1.5860000e+01  -2.519568565659989
   1.5870000e+01  -2.586064244009989
   1.5880000e+01   -2.569491666359989
   1.5890000e+01   -2.515075592359989
   1.5900000e+01   -2.421884634359989
   1.5910000e+01   -2.266187289359989
   1.5920000e+01   -2.0250053343599888
   1.5930000e+01   -1.6796625343599887
   1.5940000e+01   -1.2329616843599887
   1.5950000e+01   -0.7356965693599886
   1.5960000e+01   -0.2812138043599886
   1.5970000e+01   0.032685090640011405
   1.5980000e+01  0.14221938119001143
   1.5990000e+01  0.04494886674001142
   1.6000000e+01  -0.1945622532599886
   1.6010000e+01  -0.4899078832599886
   1.6020000e+01  -0.7956543082599885
   1.6030000e+01  -1.1057078582599886
   1.6040000e+01  -1.4044565682599885
   1.6050000e+01  -1.6493544182599886
   1.6060000e+01  -1.7811313942599887
   1.6070000e+01   -1.7351931002599887
   1.6080000e+01   -1.4835531052599888
   1.6090000e+01   -1.0873180802599889
   1.6100000e+01   -0.6673213652599888
   1.6110000e+01   -0.3044904152599887
   1.6120000e+01   -0.00183955525998869
   1.6130000e+01   0.2593036747400113
   1.6140000e+01   0.47508476974001135
   1.6150000e+01   0.6374985047400114
   1.6160000e+01   0.7547556262400114
   1.6170000e+01   0.8367717392400114
   1.6180000e+01   0.8830949952400113
   1.6190000e+01   0.8985851542400113
   1.6200000e+01   0.9097941607400113
   1.6210000e+01   0.9544674022400113
   1.6220000e+01   1.0578634567400114
   1.6230000e+01   1.2265615867400115
   1.6240000e+01   1.4604606167400114
   1.6250000e+01   1.7602252567400114
   1.6260000e+01   2.1186628767400113
   1.6270000e+01   2.4977181167400113
   1.6280000e+01   2.8154040317400115
   1.6290000e+01   2.9864454352400114
   1.6300000e+01  2.9961467897400116
   1.6310000e+01  2.9125363957400117
   1.6320000e+01  2.813404322240012
   1.6330000e+01  2.7186783122400118
   1.6340000e+01  2.5967266107400118
   1.6350000e+01  2.4170897007400116
   1.6360000e+01  2.1836589557400115
   1.6370000e+01  1.9226661357400114
   1.6380000e+01  1.6562935057400114
   1.6390000e+01  1.3936214657400114
   1.6400000e+01  1.1344705957400114
   1.6410000e+01  0.8757573157400114
   1.6420000e+01  0.6211351807400114
   1.6430000e+01  0.38463432574001133
   1.6440000e+01  0.18134589574001134
   1.6450000e+01  0.022735900740011333
   1.6460000e+01  -0.07748698325998868
   1.6470000e+01   -0.10936043150998867
   1.6480000e+01   -0.08178270825998868
   1.6490000e+01   -0.016716089759988673
   1.6500000e+01   0.07372904624001134
   1.6510000e+01   0.19630333124001134
   1.6520000e+01   0.36883080624001136
   1.6530000e+01   0.6147160812400114
   1.6540000e+01   0.9547299562400114
   1.6550000e+01   1.3835443362400115
   1.6560000e+01   1.8594446712400114
   1.6570000e+01   2.3304662162400116
   1.6580000e+01   2.7566322362400117
   1.6590000e+01   3.0950128812400117
   1.6600000e+01   3.2814932172400115
   1.6610000e+01  3.2542498082400115
   1.6620000e+01  3.0157558882400117
   1.6630000e+01  2.662806253240012
   1.6640000e+01  2.318608393240012
   1.6650000e+01  2.037581048240012
   1.6660000e+01  1.8048619682400118
   1.6670000e+01  1.5987926832400117
   1.6680000e+01  1.4086584632400116
   1.6690000e+01  1.2152180132400117
   1.6700000e+01  0.9977781182400116
   1.6710000e+01  0.7552876682400116
   1.6720000e+01  0.49910100824001163
   1.6730000e+01  0.23092249324001163
   1.6740000e+01  -0.06193165175998838
   1.6750000e+01  -0.3986466167599884
   1.6760000e+01  -0.7961041117599885
   1.6770000e+01  -1.2535185967599887
   1.6780000e+01  -1.7403841067599886
   1.6790000e+01  -2.204697461759989
   1.6800000e+01  -2.5843050017599887
   1.6810000e+01  -2.8094521217599886
   1.6820000e+01   -2.8293116027599887
   1.6830000e+01   -2.659844738759989
   1.6840000e+01   -2.378470273759989
   1.6850000e+01   -2.048227388759989
   1.6860000e+01   -1.6656569187599888
   1.6870000e+01   -1.1918097637599887
   1.6880000e+01   -0.6088133987599886
   1.6890000e+01   0.06488208124001138
   1.6900000e+01   0.7880360762400114
   1.6910000e+01   1.4973270212400114
   1.6920000e+01   2.0984859112400116
   1.6930000e+01   2.4884277212400114
   1.6940000e+01   2.6227791925400115
   1.6950000e+01  2.5635113188400114
   1.6960000e+01  2.4228774788400114
   1.6970000e+01  2.2538751288400114
   1.6980000e+01  2.0278089888400115
   1.6990000e+01  1.7084450238400115
   1.7000000e+01  1.3050467588400114
   1.7010000e+01  0.8544533638400114
   1.7020000e+01  0.38265373384001133
   1.7030000e+01  -0.10985387615998865
   1.7040000e+01  -0.6395831161599886
   1.7050000e+01  -1.2228051511599887
   1.7060000e+01  -1.8591425611599885
   1.7070000e+01  -2.524267101159989
   1.7080000e+01  -3.176559536159989
   1.7090000e+01  -3.770505041159989
   1.7100000e+01  -4.262611721159989
   1.7110000e+01  -4.609814836159989
   1.7120000e+01  -4.77899499165999
   1.7130000e+01   -4.77003678815999
   1.7140000e+01   -4.61819837415999
   1.7150000e+01   -4.36382729915999
   1.7160000e+01   -4.03673198415999
   1.7170000e+01   -3.6743767091599895
   1.7180000e+01   -3.3244079891599894
   1.7190000e+01   -3.0150832291599894
   1.7200000e+01   -2.7414188291599895
   1.7210000e+01   -2.4853861991599895
   1.7220000e+01   -2.2353289641599896
   1.7230000e+01   -1.9854582341599896
   1.7240000e+01   -1.7313083941599896
   1.7250000e+01   -1.4728312691599896
   1.7260000e+01   -1.2169594241599897
   1.7270000e+01   -0.9696973691599897
   1.7280000e+01   -0.7250577341599898
   1.7290000e+01   -0.46696735415998974
   1.7300000e+01   -0.18170703415998973
   1.7310000e+01   0.1367963058400103
   1.7320000e+01   0.4895387008400103
   1.7330000e+01   0.8687729008400102
   1.7340000e+01   1.2530745208400103
   1.7350000e+01   1.6169646458400102
   1.7360000e+01   1.9475980908400103
   1.7370000e+01   2.24947376584001
   1.7380000e+01   2.5358826608400102
   1.7390000e+01   2.8185779108400104
   1.7400000e+01   3.1022717058400104
   1.7410000e+01   3.3831287208400105
   1.7420000e+01   3.6499897708400106
   1.7430000e+01   3.8903006108400104
   1.7440000e+01   4.09976877584001
   1.7450000e+01   4.28891361584001
   1.7460000e+01   4.48201449584001
   1.7470000e+01   4.706161700840011
   1.7480000e+01   4.97119641584001
   1.7490000e+01   5.25759282084001
   1.7500000e+01   5.52980480584001
   1.7510000e+01   5.75904080084001
   1.7520000e+01   5.9270412658400105
   1.7530000e+01   6.0185068853400105
   1.7540000e+01  6.027024412340011
   1.7550000e+01  5.964677602840011
   1.7560000e+01  5.851542955840011
   1.7570000e+01  5.699925395840011
   1.7580000e+01  5.5188145258400105
   1.7590000e+01  5.32421672584001
   1.7600000e+01  5.13526316084001
   1.7610000e+01  4.96810869584001
   1.7620000e+01  4.83925818084001
   1.7630000e+01  4.76591298984001
   1.7640000e+01   4.7536096203400104
   1.7650000e+01   4.789466088340011
   1.7660000e+01   4.858857835840011
   1.7670000e+01   4.9653358618400105
   1.7680000e+01   5.12799902684001
   1.7690000e+01   5.36036899184001
   1.7700000e+01   5.649428596840011
   1.7710000e+01   5.956232186840011
   1.7720000e+01   6.241272391840011
   1.7730000e+01   6.484102946840011
   1.7740000e+01   6.6786243618400105
   1.7750000e+01   6.826479861840011
   1.7760000e+01   6.941706581840011
   1.7770000e+01   7.041573052840011
   1.7780000e+01   7.117998532840011
   1.7790000e+01  7.131522764840011
   1.7800000e+01  7.045174202840011
   1.7810000e+01  6.855517747840011
   1.7820000e+01  6.588290092840011
   1.7830000e+01  6.277278342840011
   1.7840000e+01  5.951731017840012
   1.7850000e+01  5.631403212840012
   1.7860000e+01  5.323447857840012
   1.7870000e+01  5.028435637840012
   1.7880000e+01  4.755026967840012
   1.7890000e+01  4.524124067840011
   1.7900000e+01  4.355227097840012
   1.7910000e+01  4.251752897840012
   1.7920000e+01  4.203437024340012
   1.7930000e+01   4.208155072340012
   1.7940000e+01   4.286241468840012
   1.7950000e+01   4.458924538840011
   1.7960000e+01   4.716267628840011
   1.7970000e+01   5.0160321488400115
   1.7980000e+01   5.302838808840011
   1.7990000e+01   5.520569188840011
   1.8000000e+01   5.625718944840012
   1.8010000e+01  5.608719482340011
   1.8020000e+01  5.493378573840011
   1.8030000e+01  5.306108613840011
   1.8040000e+01  5.0626405338400104
   1.8050000e+01  4.78893413384001
   1.8060000e+01  4.532359478840011
   1.8070000e+01  4.345477663840011
   1.8080000e+01  4.264457739340012
   1.8090000e+01   4.293234782340011
   1.8100000e+01   4.404494214840011
   1.8110000e+01   4.568946849840011
   1.8120000e+01   4.783685314840011
   1.8130000e+01   5.060484189840011
   1.8140000e+01   5.391997854840011
   1.8150000e+01   5.744447954840011
   1.8160000e+01   6.081962154840011
   1.8170000e+01   6.386938924840011
   1.8180000e+01   6.658791314840011
   1.8190000e+01   6.905086784840011
   1.8200000e+01   7.136391329840011
   1.8210000e+01   7.360993574840011
   1.8220000e+01   7.580001449840011
   1.8230000e+01   7.789873724840011
   1.8240000e+01   7.988016089840011
   1.8250000e+01   8.171839214840011
   1.8260000e+01   8.334852894840012
   1.8270000e+01   8.465096179840012
   1.8280000e+01   8.540392906840012
   1.8290000e+01  8.523454512840011
   1.8300000e+01  8.372740391840011
   1.8310000e+01  8.06702309684001
   1.8320000e+01  7.62190432184001
   1.8330000e+01  7.08698329184001
   1.8340000e+01  6.52788573684001
   1.8350000e+01  6.00650144184001
   1.8360000e+01  5.57413998684001
   1.8370000e+01  5.272814221840011
   1.8380000e+01  5.126133618340011
   1.8390000e+01   5.120220263840011
   1.8400000e+01   5.201122597840011
   1.8410000e+01   5.303967097340011
   1.8420000e+01   5.384295345840011
   1.8430000e+01   5.41905373889001
   1.8440000e+01  5.39489424344001
   1.8450000e+01  5.310256848940011
   1.8460000e+01  5.178882283940011
   1.8470000e+01  5.018959148940011
   1.8480000e+01  4.839874103940011
   1.8490000e+01  4.641036623940011
   1.8500000e+01  4.417938878940012
   1.8510000e+01  4.1638437839400115
   1.8520000e+01  3.8675323989400114
   1.8530000e+01  3.5182190539400113
   1.8540000e+01  3.1186122789400113
   1.8550000e+01  2.6902092889400113
   1.8560000e+01  2.2637070289400114
   1.8570000e+01  1.8681277939400114
   1.8580000e+01  1.5284337439400113
   1.8590000e+01  1.2637802339400113
   1.8600000e+01  1.0806155889400113
   1.8610000e+01  0.9698302634400113
   1.8620000e+01  0.9119408564400113
   1.8630000e+01  0.8832844494400113
   1.8640000e+01  0.8649920139400112
   1.8650000e+01  0.8538667269400112
   1.8660000e+01   0.8593320424400112
   1.8670000e+01   0.8856919719400111
   1.8680000e+01   0.9225395094400112
   1.8690000e+01   0.9546402234400112
   1.8700000e+01   0.9762128049400112
   1.8710000e+01   0.9923399609400112
   1.8720000e+01   1.0094049524400113
   1.8730000e+01   1.0273366224400113
   1.8740000e+01   1.0389998435900114
   1.8750000e+01  1.0324303562400114
   1.8760000e+01  0.9929709307400114
   1.8770000e+01  0.9076382772400114
   1.8780000e+01  0.7700635772400115
   1.8790000e+01  0.5813575872400115
   1.8800000e+01  0.35015491224001155
   1.8810000e+01  0.09397381724001158
   1.8820000e+01  -0.16529524775998844
   1.8830000e+01  -0.41165746775998846
   1.8840000e+01  -0.6400672977599885
   1.8850000e+01  -0.8530480877599885
   1.8860000e+01  -1.0552266977599885
   1.8870000e+01  -1.2481560227599884
   1.8880000e+01  -1.4252763227599883
   1.8890000e+01  -1.5737342377599883
   1.8900000e+01  -1.6854512597599882
   1.8910000e+01  -1.7642809322599882
   1.8920000e+01  -1.8207321407599881
   1.8930000e+01  -1.862701087759988
   1.8940000e+01  -1.8923594027599882
   1.8950000e+01  -1.9141162522599882
   1.8960000e+01  -1.9492160522599882
   1.8970000e+01  -2.036702103759988
   1.8980000e+01  -2.2058643037599883
   1.8990000e+01  -2.4437504237599885
   1.9000000e+01  -2.6994523437599884
   1.9010000e+01  -2.9187795987599885
   1.9020000e+01  -3.0621124642599886
   1.9030000e+01   -3.1013902267599884
   1.9040000e+01   -3.0319357887599883
   1.9050000e+01   -2.8883431137599884
   1.9060000e+01   -2.7220442237599887
   1.9070000e+01   -2.560444858759989
   1.9080000e+01   -2.404745358759989
   1.9090000e+01   -2.257834173759989
   1.9100000e+01   -2.131033473759989
   1.9110000e+01   -2.028491427259989
   1.9120000e+01   -1.943577801259989
   1.9130000e+01   -1.872273860759989
   1.9140000e+01   -1.8235807862599889
   1.9150000e+01  -1.8164681502599889
   1.9160000e+01  -1.867043091759989
   1.9170000e+01  -1.977223795759989
   1.9180000e+01  -2.135939975759989
   1.9190000e+01  -2.328623570759989
   1.9200000e+01  -2.5401537857599887
   1.9210000e+01  -2.7510024357599887
   1.9220000e+01  -2.939064265759989
   1.9230000e+01  -3.087282370759989
   1.9240000e+01  -3.187236922759989
   1.9250000e+01  -3.237856365759989
   1.9260000e+01   -3.2453130727599886
   1.9270000e+01   -3.2246784087599885
   1.9280000e+01   -3.1966126092599882
   1.9290000e+01   -3.1773895272599884
   1.9300000e+01  -3.1724640352099884
   1.9310000e+01  -3.1795650351599885
   1.9320000e+01  -3.1942574171599882
   1.9330000e+01  -3.212866619159988
   1.9340000e+01  -3.234752308159988
   1.9350000e+01  -3.263216515159988
   1.9360000e+01  -3.302413932659988
   1.9370000e+01  -3.353063241659988
   1.9380000e+01  -3.4120042556599883
   1.9390000e+01  -3.4753002306599883
   1.9400000e+01  -3.540539968159988
   1.9410000e+01  -3.606543179659988
   1.9420000e+01  -3.6723486741599882
   1.9430000e+01  -3.736991467159988
   1.9440000e+01  -3.799667975159988
   1.9450000e+01  -3.8598450421599884
   1.9460000e+01  -3.9172337746599886
   1.9470000e+01  -3.9713911026599886
   1.9480000e+01  -4.021340377159989
   1.9490000e+01  -4.065905153659989
   1.9500000e+01  -4.104486296659989
   1.9510000e+01  -4.137430798659989
   1.9520000e+01  -4.165521805159989
   1.9530000e+01  -4.18903239065999
   1.9540000e+01  -4.20752062465999
   1.9550000e+01  -4.22080811115999
   1.9560000e+01  -4.23004641260999
   1.9570000e+01  -4.237508242209991
   1.9580000e+01  -4.245193659159991
   1.9590000e+01  -4.253797799159991
   1.9600000e+01  -4.262993857059991
   1.9610000e+01  -4.272255112959991
   1.9620000e+01  -4.281260139009991
   1.9630000e+01  -4.28993750355999
   1.9640000e+01  -4.29841829195999
   1.9650000e+01  -4.306897420859991
   1.9660000e+01  -4.31549670530999
   1.9670000e+01  -4.32423207235999
   1.9680000e+01  -4.33304265250999
   1.9690000e+01  -4.34185173715999
   1.9700000e+01  -4.35063129325999
   1.9710000e+01  -4.359405740009991
   1.9720000e+01  -4.3682063493099905
   1.9730000e+01  -4.377047807509991
   1.9740000e+01  -4.38593921950999
   1.9750000e+01  -4.39488679475999
   1.9760000e+01  -4.4038804417099895
   1.9770000e+01  -4.412889707759989
   1.9780000e+01  -4.421865044809989
   1.9790000e+01  -4.430734341109989
   1.9800000e+01  -4.439416656409989
   1.9810000e+01  -4.447857129259989
   1.9820000e+01  -4.456043972359989
   1.9830000e+01  -4.463988771159989
   1.9840000e+01  -4.471700860959989
   1.9850000e+01  -4.4791826365599885
   1.9860000e+01  -4.486436043409989
   1.9870000e+01  -4.493463909809988
   1.9880000e+01  -4.5002672687099885
   1.9890000e+01  -4.506845260059989
   1.9900000e+01  -4.513197082809989
