   0.0000000e+00   0.015878187
   2.0000000e-02  0.024043114799999998
   4.0000000e-02  -0.008436993400000006
   6.0000000e-02  -0.0659321164
   8.0000000e-02  -0.14124200139999998
   1.0000000e-01  -0.20546537439999998
   1.2000000e-01  -0.2401533604
   1.4000000e-01   -0.23646385539999998
   1.6000000e-01  -0.2554937504
   1.8000000e-01  -0.3470275354
   2.0000000e-01   -0.40139029
   2.2000000e-01   -0.3765938296
   2.4000000e-01  -0.3587995214
   2.6000000e-01  -0.3909714752
   2.8000000e-01   -0.40860565629999995
   3.0000000e-01   -0.37439516939999995
   3.2000000e-01  -0.36392132639999997
   3.4000000e-01  -0.41125125339999996
   3.6000000e-01   -0.40107239139999995
   3.8000000e-01   -0.30248474639999995
   4.0000000e-01  -0.2730737503999999
   4.2000000e-01  -0.40217882739999994
   4.4000000e-01  -0.6160396574
   4.6000000e-01   -0.7166646464
   4.8000000e-01  -0.7960569474000001
   5.0000000e-01   -0.7630356894000001
   5.2000000e-01   -0.5053560094
   5.4000000e-01  -0.5918661794
   5.6000000e-01  -0.9623270894
   5.8000000e-01  -1.1550757404
   6.0000000e-01   -0.6487221814
   6.2000000e-01   0.1386550486
   6.4000000e-01  0.24464590860000002
   6.6000000e-01  -0.12724550139999996
   6.8000000e-01  -0.6147744413999999
   7.0000000e-01   -0.7313548014
   7.2000000e-01   -0.46727718139999996
   7.4000000e-01   -0.20895415139999995
   7.6000000e-01  -0.13111206239999995
   7.8000000e-01  -0.24221278939999996
   8.0000000e-01  -0.7236435053999999
   8.2000000e-01  -1.3135413554
   8.4000000e-01   -1.4098057914
   8.6000000e-01   -0.6654713874
   8.8000000e-01   0.8638723525999998
   9.0000000e-01  1.4495280025999997
   9.2000000e-01  0.2645232925999996
   9.4000000e-01  -1.3312535474000005
   9.6000000e-01   -1.6515320774000004
   9.8000000e-01   -0.024244477400000353
   1.0000000e+00   1.7532759225999996
   1.0200000e+00  2.0641368325999996
   1.0400000e+00  1.2007183925999996
   1.0600000e+00  -0.7045184574000005
   1.0800000e+00   -1.5516538574000005
   1.1000000e+00   -0.8641257874000005
   1.1200000e+00   -0.04740231740000045
   1.1400000e+00   0.9221907225999996
   1.1600000e+00  0.5493230225999997
   1.1800000e+00   -0.21889180640000028
   1.2000000e+00  -0.8885762354000003
   1.2200000e+00   -1.2594214454000003
   1.2400000e+00   -0.10659784540000028
   1.2600000e+00  0.6516099195999997
   1.2800000e+00   0.7216111945999997
   1.3000000e+00  0.2710995545999997
   1.3200000e+00  -0.8685537954000002
   1.3400000e+00  -1.4647014814000001
   1.3600000e+00  -1.5497082034
   1.3800000e+00   -1.2101069794
   1.4000000e+00   -0.22015910939999983
   1.4200000e+00  -0.4320081393999998
   1.4400000e+00  -1.8225507693999998
   1.4600000e+00   -1.9403026993999999
   1.4800000e+00  -1.6669947894
   1.5000000e+00   -1.3608908893999998
   1.5200000e+00   -0.43726289939999985
   1.5400000e+00  -0.42251092939999985
   1.5600000e+00   -0.46036678939999987
   1.5800000e+00  -0.7514582593999999
   1.6000000e+00  -1.8786629494
   1.6200000e+00   -2.1151721994
   1.6400000e+00   -1.6411977694
   1.6600000e+00  -1.4014270425
   1.6800000e+00  -1.6853423556
   1.7000000e+00  -2.3907789656
   1.7200000e+00   -2.7788678206
   1.7400000e+00   -2.0062657055999997
   1.7600000e+00   -0.8303470155999997
   1.7800000e+00  -0.7355920655999997
   1.8000000e+00   -0.8250633855999997
   1.8200000e+00   -0.02441920559999977
   1.8400000e+00  0.19269016440000017
   1.8600000e+00  -0.40936492559999993
   1.8800000e+00  -0.9103965956
   1.9000000e+00  -1.1986305086
   1.9200000e+00  -1.6871984916
   1.9400000e+00   -1.0951872916
   1.9600000e+00  -0.18990404160000007
   1.9800000e+00   -0.10199351160000006
   2.0000000e+00   0.37066452839999997
   2.0200000e+00  -0.08650985160000008
   2.0400000e+00   -0.6383947216000001
   2.0600000e+00   -0.33848383160000006
   2.0800000e+00   -0.19533681960000007
   2.1000000e+00  -0.3339974376000001
   2.1200000e+00   0.26270067239999983
   2.1400000e+00  0.05822090239999975
   2.1600000e+00  -1.5686388076000002
   2.1800000e+00   -1.8427442376000003
   2.2000000e+00   -0.6198927576000002
   2.2200000e+00   0.8197167023999998
   2.2400000e+00  0.7114192523999998
   2.2600000e+00  -0.3523558976000003
   2.2800000e+00  -1.4261313876000004
   2.3000000e+00   -1.5903265676000005
   2.3200000e+00   -0.5632518776000004
   2.3400000e+00   0.3090475723999996
   2.3600000e+00   1.1099000923999995
   2.3800000e+00  1.1751605923999995
   2.4000000e+00  0.6938055023999995
   2.4200000e+00  -0.3701969176000005
   2.4400000e+00   -0.8114096576000005
   2.4600000e+00   0.005804122399999501
   2.4800000e+00   0.5026921623999995
   2.5000000e+00   0.8866905423999996
   2.5200000e+00  0.8125492623999996
   2.5400000e+00  0.04533895239999941
   2.5600000e+00   0.21709613239999936
   2.5800000e+00   1.3321428323999995
   2.6000000e+00  1.0502327223999997
   2.6200000e+00  -0.22493090760000034
   2.6400000e+00  -1.5625137676000003
   2.6600000e+00   -2.2235789576
   2.6800000e+00   -1.6887954376
   2.7000000e+00  -1.4546071576000001
   2.7200000e+00   -1.4843966276000002
   2.7400000e+00   -1.0621755276000002
   2.7600000e+00   -0.4047451876000002
   2.7800000e+00   1.0230300324
   2.8000000e+00   2.2482162723999997
   2.8200000e+00   2.8854900823999996
   2.8400000e+00   4.6472438524
   2.8600000e+00   6.3139520523999995
   2.8800000e+00   7.202243922399999
   2.9000000e+00   8.166884632399999
   2.9200000e+00  8.562617096399999
   2.9400000e+00  7.9388826203999985
   2.9600000e+00  7.2515726103999985
   2.9800000e+00  6.775549200399999
   3.0000000e+00   6.6951845803999985
   3.0200000e+00  6.8191691903999985
   3.0400000e+00   7.481642560399998
   3.0600000e+00   9.105721190399999
   3.0800000e+00   11.0448802804
   3.1000000e+00   14.1441096804
   3.1200000e+00   17.736608580400002
   3.1400000e+00   20.3277135804
   3.1600000e+00  21.0457219504
   3.1800000e+00  20.4552179904
   3.2000000e+00  19.1269417604
   3.2200000e+00  18.0856983984
   3.2400000e+00   18.5505802264
   3.2600000e+00  18.6683310764
   3.2800000e+00  17.255453036400002
   3.3000000e+00  14.608663236400002
   3.3200000e+00  10.690834336400002
   3.3400000e+00  6.304550636400002
   3.3600000e+00  4.205464454400001
   3.3800000e+00   4.197388129400001
   3.4000000e+00  2.773350786400001
   3.4200000e+00  -0.8293095135999993
   3.4400000e+00  -5.351205713599999
   3.4600000e+00  -11.483024413599999
   3.4800000e+00  -18.9407379136
   3.5000000e+00  -23.9416298136
   3.5200000e+00   -24.7564417336
   3.5400000e+00  -25.812756053599998
   3.5600000e+00  -31.137401653599998
   3.5800000e+00  -35.745699093599995
   3.6000000e+00   -35.060800433599994
   3.6200000e+00   -30.376276833599995
   3.6400000e+00   -22.040154533599996
   3.6600000e+00   -11.416639233599996
   3.6800000e+00   -1.7915930335999963
   3.7000000e+00   5.861313966400004
   3.7200000e+00   12.191228266400003
   3.7400000e+00  14.742672296400004
   3.7600000e+00  12.854803726400004
   3.7800000e+00  9.438866226400004
   3.8000000e+00  6.164871726400003
   3.8200000e+00  2.395127626400003
   3.8400000e+00  -3.209880773599996
   3.8600000e+00  -9.438806873599995
   3.8800000e+00  -15.782056173599996
   3.9000000e+00  -21.264965973599995
   3.9200000e+00  -23.720678893599995
   3.9400000e+00   -23.249354693599994
   3.9600000e+00   -20.731736173599995
   3.9800000e+00   -16.726974173599995
   4.0000000e+00   -10.351666573599996
   4.0200000e+00   -2.081420973599995
   4.0400000e+00   3.2748108264000058
   4.0600000e+00   4.911909376400006
   4.0800000e+00   7.3838114264000065
   4.1000000e+00   12.097752826400008
   4.1200000e+00   16.221872726400008
   4.1400000e+00  17.44307107640001
   4.1600000e+00  14.362358126400009
   4.1800000e+00  8.02964502640001
   4.2000000e+00  3.79772689640001
   4.2200000e+00  -0.4466212335999904
   4.2400000e+00  -7.512618433599991
   4.2600000e+00  -13.534717833599991
   4.2800000e+00   -15.883329889599992
   4.3000000e+00   -13.996057045599992
   4.3200000e+00   -10.061096445599992
   4.3400000e+00   -4.097130045599992
   4.3600000e+00   4.9737565544000075
   4.3800000e+00   14.625286154400008
   4.4000000e+00   20.210506154400008
   4.4200000e+00   23.474210054400007
   4.4400000e+00  25.566432430400006
   4.4600000e+00  21.911199106400005
   4.4800000e+00  11.189321506400004
   4.5000000e+00  -4.000070393599996
   4.5200000e+00  -16.367587593599996
   4.5400000e+00  -24.474897093599996
   4.5600000e+00  -29.932983393599997
   4.5800000e+00   -30.418526193599998
   4.6000000e+00   -27.0025870936
   4.6200000e+00   -21.3051967936
   4.6400000e+00   -11.5243566936
   4.6600000e+00   2.438932106400001
   4.6800000e+00   13.269628606400001
   4.7000000e+00  16.3964835804
   4.7200000e+00   16.7682144344
   4.7400000e+00  16.333059124400002
   4.7600000e+00  12.5880271344
   4.7800000e+00  8.686397534400001
   4.8000000e+00  7.207534864400001
   4.8200000e+00  5.812072264400001
   4.8400000e+00  4.851903180200001
   4.8600000e+00  4.666804676000001
   4.8800000e+00  2.705755926000001
   4.9000000e+00   1.507167356000001
   4.9200000e+00   7.086222786
   4.9400000e+00   14.674934086
   4.9600000e+00   21.660572986000002
   4.9800000e+00   28.253810386
   5.0000000e+00  29.867438256
   5.0200000e+00  28.954296906
   5.0400000e+00  26.681995386
   5.0600000e+00  23.215221486
   5.0800000e+00  17.154834186000002
   5.1000000e+00  8.084252586000002
   5.1200000e+00  2.6134629160000014
   5.1400000e+00  0.6703922460000014
   5.1600000e+00  -1.3076758839999985
   5.1800000e+00   -1.6918721339999985
   5.2000000e+00   -0.05119865399999868
   5.2200000e+00   3.249751746000001
   5.2400000e+00   6.509687046000002
   5.2600000e+00   7.9989258360000015
   5.2800000e+00  7.313744126000001
   5.3000000e+00  4.781882426000001
   5.3200000e+00  3.0066386460000007
   5.3400000e+00   3.032834646000001
   5.3600000e+00   3.5471072270000006
   5.3800000e+00  2.647541628000001
   5.4000000e+00  0.638649028000001
   5.4200000e+00  -1.8832462719999992
   5.4400000e+00  -3.949834061999999
   5.4600000e+00   -2.745759251999999
   5.4800000e+00   1.5033883480000005
   5.5000000e+00   8.782540148
   5.5200000e+00   19.140784648
   5.5400000e+00   25.901558748
   5.5600000e+00  26.362699367999998
   5.5800000e+00  24.720368238
   5.6000000e+00  21.818984187999998
   5.6200000e+00  15.805259688
   5.6400000e+00  7.457536487999999
   5.6600000e+00  -0.37507471200000175
   5.6800000e+00  -6.506601812000002
   5.7000000e+00  -11.402578212000002
   5.7200000e+00  -14.593668052000002
   5.7400000e+00  -15.578891252000002
   5.7600000e+00   -15.188397972000002
   5.7800000e+00  -16.117272232
   5.8000000e+00  -18.946525432
   5.8200000e+00  -21.418025132
   5.8400000e+00   -22.198567522
   5.8600000e+00   -19.861119712
   5.8800000e+00   -15.859003012
   5.9000000e+00   -12.011596212
   5.9200000e+00   -7.667712012000001
   5.9400000e+00   -2.161039112000001
   5.9600000e+00   2.0251943879999983
   5.9800000e+00  2.5474418079999985
   6.0000000e+00  0.9776198279999984
   6.0200000e+00  -1.3042335720000018
   6.0400000e+00  -4.064519672000002
   6.0600000e+00  -6.7493878720000025
   6.0800000e+00  -8.696791652000003
   6.1000000e+00  -10.271724542000003
   6.1200000e+00  -11.523181692000003
   6.1400000e+00   -9.806759232000003
   6.1600000e+00   -5.065314832000003
   6.1800000e+00   -1.1563712320000028
   6.2000000e+00   0.7272787779999974
   6.2200000e+00  1.1124870679999974
   6.2400000e+00   1.0565061179999975
   6.2600000e+00  1.0464030379999976
   6.2800000e+00   1.2576575279999975
   6.3000000e+00   2.1176384079999977
   6.3200000e+00   3.9169880479999977
   6.3400000e+00   5.202028303399998
   6.3600000e+00  3.707472758799998
   6.3800000e+00  1.1205243587999978
   6.4000000e+00  -1.8070979412000021
   6.4200000e+00  -4.620368731200003
   6.4400000e+00  -6.179783881200003
   6.4600000e+00  -8.319888941200002
   6.4800000e+00  -10.660944841200003
   6.5000000e+00  -11.857346051200002
   6.5200000e+00  -13.650602861200003
   6.5400000e+00  -16.787194561200003
   6.5600000e+00  -19.9801310612
   6.5800000e+00  -21.705569021200002
   6.6000000e+00   -21.5611898012
   6.6200000e+00  -22.229615721200002
   6.6400000e+00  -25.778886121200003
   6.6600000e+00   -25.045514421200004
   6.6800000e+00   -14.019091821200002
   6.7000000e+00   1.3970647787999972
   6.7200000e+00   14.501659678799998
   6.7400000e+00   23.1548527788
   6.7600000e+00   29.0563365788
   6.7800000e+00   33.3282051788
   6.8000000e+00   36.1405332788
   6.8200000e+00   37.8168697788
   6.8400000e+00  37.933363198799995
   6.8600000e+00  34.8907371188
   6.8800000e+00  25.293422618799998
   6.9000000e+00  6.0336634188
   6.9200000e+00  -12.1432508812
   6.9400000e+00   -15.9873721812
   6.9600000e+00  -16.3116384812
   6.9800000e+00   -17.7356454312
   7.0000000e+00  -17.934612071199997
   7.0200000e+00  -20.856787961199995
   7.0400000e+00   -20.817100761199995
   7.0600000e+00   -15.052942261199995
   7.0800000e+00   -8.750706961199995
   7.1000000e+00   -0.17550756119999456
   7.1200000e+00   14.207205038800005
   7.1400000e+00   27.586411638800005
   7.1600000e+00   33.8484220388
   7.1800000e+00  35.004032669800004
   7.2000000e+00  34.649307480800005
   7.2200000e+00  31.183300260800003
   7.2400000e+00  25.402993060800004
   7.2600000e+00  20.354139860800004
   7.2800000e+00  15.558626960800003
   7.3000000e+00  6.432646060800003
   7.3200000e+00  -3.6400594391999963
   7.3400000e+00   -0.9712550391999959
   7.3600000e+00   9.474895060800005
   7.3800000e+00   16.894022060800005
   7.4000000e+00  19.477920960800006
   7.4200000e+00  17.151023760800005
   7.4400000e+00  13.731224160800004
   7.4600000e+00  8.097911460800002
   7.4800000e+00  -1.4601670391999981
   7.5000000e+00  -17.156555839199996
   7.5200000e+00  -33.7211028392
   7.5400000e+00  -40.0369433432
   7.5600000e+00  -44.0466684472
   7.5800000e+00  -51.1396708472
   7.6000000e+00   -53.102473447200005
   7.6200000e+00   -48.487132547200005
   7.6400000e+00   -39.31302624720001
   7.6600000e+00   -26.626156747200007
   7.6800000e+00   -13.469789447200007
   7.7000000e+00   -1.3905154472000074
   7.7200000e+00   10.696926752799992
   7.7400000e+00   22.16742775279999
   7.7600000e+00   30.258655452799992
   7.7800000e+00   36.436434552799994
   7.8000000e+00   42.89842855279999
   7.8200000e+00   48.38406565279999
   7.8400000e+00   51.47969047279999
   7.8600000e+00  48.614819892799986
   7.8800000e+00  35.14987649279999
   7.9000000e+00  11.12366359279999
   7.9200000e+00  -18.12883840720001
   7.9400000e+00  -46.98035440720001
   7.9600000e+00  -64.66846310720001
   7.9800000e+00  -69.29303005720001
   8.0000000e+00  -72.7264037072
   8.0200000e+00   -71.8614201072
   8.0400000e+00   -63.3505291072
   8.0600000e+00   -54.2040791072
   8.0800000e+00   -49.0860011472
   8.1000000e+00  -48.8447159472
   8.1200000e+00  -49.6826331372
   8.1400000e+00  -51.3311669672
   8.1600000e+00  -55.8929828672
   8.1800000e+00  -63.522338067199996
   8.2000000e+00  -73.6377421672
   8.2200000e+00  -84.7160795672
   8.2400000e+00  -91.6211115672
   8.2600000e+00   -91.5842442672
   8.2800000e+00  -90.9444209172
   8.3000000e+00  -92.9010515672
   8.3200000e+00  -98.9093335672
   8.3400000e+00   -98.3203565672
   8.3600000e+00   -72.7582012672
   8.3800000e+00   -40.19788126719999
   8.4000000e+00   -16.442147267199985
   8.4200000e+00   1.6558279328000154
   8.4400000e+00   13.721653932800015
   8.4600000e+00   23.795833132800013
   8.4800000e+00   31.624756732800012
   8.5000000e+00   37.840520632800015
   8.5200000e+00   43.89359723280001
   8.5400000e+00   52.196844532800014
   8.5600000e+00   61.29774943280002
   8.5800000e+00   67.47405843280002
   8.6000000e+00  69.83706768280003
   8.6200000e+00  63.94035033280002
   8.6400000e+00  42.62146023280002
   8.6600000e+00  15.061836232800015
   8.6800000e+00  -0.970669667199985
   8.7000000e+00  -6.765581867199985
   8.7200000e+00  -11.647836767199983
   8.7400000e+00  -15.212855537199983
   8.7600000e+00   -12.090575507199983
   8.7800000e+00   -7.895643707199983
   8.8000000e+00   -5.836076607199983
   8.8200000e+00   -3.475785497199983
   8.8400000e+00   -1.4185067871999832
   8.8600000e+00   3.167864012800017
   8.8800000e+00   12.180960312800016
   8.9000000e+00   23.84516891280002
   8.9200000e+00   32.19277751280002
   8.9400000e+00  33.72665904280002
   8.9600000e+00   33.802887912800024
   8.9800000e+00   35.089413892800025
   9.0000000e+00  33.59207593280002
   9.0200000e+00  28.47097543280002
   9.0400000e+00  21.655539932800018
   9.0600000e+00  14.510054932800017
   9.0800000e+00  9.774480132800019
   9.1000000e+00   9.130542092800018
   9.1200000e+00   10.177474992800018
   9.1400000e+00   10.672413981800018
   9.1600000e+00   11.094341800800018
   9.1800000e+00   11.968869690800018
   9.2000000e+00   12.620004710800018
   9.2200000e+00  12.147732600800017
   9.2400000e+00  9.992637590800017
   9.2600000e+00  6.0107647908000175
   9.2800000e+00  0.5582594908000171
   9.3000000e+00  -6.1178217091999825
   9.3200000e+00  -12.204404109199983
   9.3400000e+00  -16.124504109199982
   9.3600000e+00  -18.688409609199983
   9.3800000e+00  -20.011494669199983
   9.4000000e+00   -19.849832749199983
   9.4200000e+00   -19.451533076199983
   9.4400000e+00  -19.97182749319998
   9.4600000e+00  -21.032521313199982
   9.4800000e+00  -22.020552463199984
   9.5000000e+00   -21.440930003199984
   9.5200000e+00   -17.326726103199984
   9.5400000e+00   -12.430206403199985
   9.5600000e+00   -9.367373303199985
   9.5800000e+00   -7.068207703199985
   9.6000000e+00   -4.783846003199985
   9.6200000e+00   -2.828783423199985
   9.6400000e+00  -2.288903683199985
   9.6600000e+00   -0.7094643231999849
   9.6800000e+00   2.422871976800015
   9.7000000e+00  3.3008311768000147
   9.7200000e+00  1.8938986068000145
   9.7400000e+00   0.9658073230000145
   9.7600000e+00   3.570590309200014
   9.7800000e+00   9.245552409200014
   9.8000000e+00   14.424795509200013
   9.8200000e+00   17.78602210920001
   9.8400000e+00   19.26466546920001
   9.8600000e+00  18.85447503920001
   9.8800000e+00  17.31495746920001
   9.9000000e+00  15.01657408920001
   9.9200000e+00  10.013427189200009
   9.9400000e+00  2.219469589200009
   9.9600000e+00  -2.6214515607999918
   9.9800000e+00   -1.7257438107999916
   1.0000000e+01   1.9099101892000085
   1.0020000e+01   7.965300089200009
   1.0040000e+01   16.89684698920001
   1.0060000e+01   27.056655689200014
   1.0080000e+01   35.091527189200015
   1.0100000e+01   38.637370209200014
   1.0120000e+01   40.70310872920001
   1.0140000e+01   43.29717662920001
   1.0160000e+01  43.70276853920001
   1.0180000e+01  39.65750674920001
   1.0200000e+01  32.26785464920001
   1.0220000e+01  25.25013134920001
   1.0240000e+01  21.28525344920001
   1.0260000e+01  19.11545064920001
   1.0280000e+01  16.49021784920001
   1.0300000e+01  14.34620330920001
   1.0320000e+01   15.719257469200011
   1.0340000e+01   21.35036306920001
   1.0360000e+01   29.86944536920001
   1.0380000e+01   37.88578986920001
   1.0400000e+01   41.66969399920001
   1.0420000e+01   43.19104650920001
   1.0440000e+01   45.62744748920001
   1.0460000e+01  46.99400150920001
   1.0480000e+01  44.50416822920001
   1.0500000e+01  38.39772312920001
   1.0520000e+01  30.31808602920001
   1.0540000e+01  20.44133092920001
   1.0560000e+01  10.86372972920001
   1.0580000e+01   7.330979719200009
   1.0600000e+01  5.664621809200009
   1.0620000e+01  -0.785570290799992
   1.0640000e+01  -8.717737390799993
   1.0660000e+01  -17.083798790799992
   1.0680000e+01  -24.501324690799994
   1.0700000e+01  -27.538044670799994
   1.0720000e+01   -24.868938050799994
   1.0740000e+01   -13.631338650799995
   1.0760000e+01   6.5546301492000065
   1.0780000e+01   25.40794804920001
   1.0800000e+01   33.99810404920001
   1.0820000e+01   35.97315288920001
   1.0840000e+01   37.94915152920001
   1.0860000e+01   44.58849012920001
   1.0880000e+01   52.62653592920001
   1.0900000e+01   58.17506912920001
   1.0920000e+01   61.07438725920001
   1.0940000e+01  58.723098589200006
   1.0960000e+01  47.76418648920001
   1.0980000e+01  28.037938089200008
   1.1000000e+01  9.438890289200007
   1.1020000e+01  -1.3454560107999924
   1.1040000e+01  -10.096558110799993
   1.1060000e+01  -20.280023210799996
   1.1080000e+01  -28.795623210799995
   1.1100000e+01  -33.12224449079999
   1.1120000e+01   -33.97177808079999
   1.1140000e+01   -32.46976179079999
   1.1160000e+01   -27.92828229079999
   1.1180000e+01   -20.57121579079999
   1.1200000e+01   -7.765760190799989
   1.1220000e+01   5.671576009200011
   1.1240000e+01  9.702271279200012
   1.1260000e+01   11.765904849200012
   1.1280000e+01   18.659034449200014
   1.1300000e+01   25.925913949200016
   1.1320000e+01   30.400324849200018
   1.1340000e+01   32.00941182920002
   1.1360000e+01  32.05664900920002
   1.1380000e+01  29.10789410920002
   1.1400000e+01  18.67362890920002
   1.1420000e+01  -0.3938221907999804
   1.1440000e+01  -18.88716529079998
   1.1460000e+01  -28.18325409079998
   1.1480000e+01  -32.25838809079998
   1.1500000e+01  -35.09055713079998
   1.1520000e+01   -35.19991871079998
   1.1540000e+01   -34.075499470799976
   1.1560000e+01   -32.64796589079997
   1.1580000e+01   -30.378785590799975
   1.1600000e+01   -27.968563090799975
   1.1620000e+01   -25.728470590799976
   1.1640000e+01   -23.903291870799976
   1.1660000e+01   -22.081596250799976
   1.1680000e+01   -18.756474250799975
   1.1700000e+01   -13.447896150799975
   1.1720000e+01   -6.438382250799975
   1.1740000e+01   0.4792753492000248
   1.1760000e+01   3.7498332592000247
   1.1780000e+01  2.781242769200025
   1.1800000e+01  0.12780366920002484
   1.1820000e+01  -2.039872500799975
   1.1840000e+01   -2.843714880699975
   1.1860000e+01   -2.001751360599975
   1.1880000e+01   -0.3980305505999746
   1.1900000e+01   1.1275915194000254
   1.1920000e+01   2.0927617294000256
   1.1940000e+01  1.7943821394000257
   1.1960000e+01  0.4558476594000256
   1.1980000e+01  -2.0837562105999745
   1.2000000e+01  -5.900779610599974
   1.2020000e+01  -10.045042010599975
   1.2040000e+01  -13.182337310599975
   1.2060000e+01   -14.210517801599975
   1.2080000e+01  -14.172163768599976
   1.2100000e+01   -13.510689494599976
   1.2120000e+01   -11.642641644599976
   1.2140000e+01   -9.375295944599976
   1.2160000e+01   -6.694397544599976
   1.2180000e+01   -3.367717644599976
   1.2200000e+01   0.17219495540002416
   1.2220000e+01   4.087002955400024
   1.2240000e+01   8.603346455400024
   1.2260000e+01   13.281852855400023
   1.2280000e+01   17.840981555400024
   1.2300000e+01   21.784518255400023
   1.2320000e+01   24.196738125400024
   1.2340000e+01   25.566146355400026
   1.2360000e+01   26.763328885400025
   1.2380000e+01   27.521090005400026
   1.2400000e+01  27.182871875400025
   1.2420000e+01  24.500481195400024
   1.2440000e+01  18.505569495400024
   1.2460000e+01  11.911321695400023
   1.2480000e+01   9.379572365400023
   1.2500000e+01  9.600927969900022
   1.2520000e+01  7.685416604400022
   1.2540000e+01  3.7698148044000215
   1.2560000e+01  0.004124304400021206
   1.2580000e+01  -3.101707895599979
   1.2600000e+01  -5.7643169955999785
   1.2620000e+01  -8.02034686559998
   1.2640000e+01   -8.79455645559998
   1.2660000e+01   -7.777175925599979
   1.2680000e+01   -6.106999815599979
   1.2700000e+01   -4.977126915599978
   1.2720000e+01  -4.974880005599978
   1.2740000e+01  -6.221515935599978
   1.2760000e+01  -8.444334435599979
   1.2780000e+01  -11.32857693559998
   1.2800000e+01  -14.78877303559998
   1.2820000e+01  -18.08181453559998
   1.2840000e+01  -19.80669140559998
   1.2860000e+01   -19.34150889559998
   1.2880000e+01   -17.025530115599977
   1.2900000e+01   -13.316314615599977
   1.2920000e+01   -8.307737515599976
   1.2940000e+01   -2.2227514155999764
   1.2960000e+01   4.1870913844000235
   1.2980000e+01   10.148221584400023
   1.3000000e+01   14.315572584400023
   1.3020000e+01  15.645234327400024
   1.3040000e+01  14.737167480400023
   1.3060000e+01  11.945668690400023
   1.3080000e+01  6.998408890400023
   1.3100000e+01  0.42182649040002307
   1.3120000e+01  -6.8484171095999775
   1.3140000e+01  -13.471578209599977
   1.3160000e+01  -17.960619009599977
   1.3180000e+01  -20.695858309599977
   1.3200000e+01  -23.027434209599978
   1.3220000e+01  -25.107033859599976
   1.3240000e+01  -26.267007789599976
   1.3260000e+01   -25.937276339599975
   1.3280000e+01   -24.199189309599976
   1.3300000e+01   -21.034014309599975
   1.3320000e+01   -16.167669109599974
   1.3340000e+01   -9.742344009599973
   1.3360000e+01   -1.4331499095999742
   1.3380000e+01   8.416678490400026
   1.3400000e+01   15.817884590400027
   1.3420000e+01   18.551976340400028
   1.3440000e+01  18.450622890400027
   1.3460000e+01  15.421509990400025
   1.3480000e+01  9.796327090400027
   1.3500000e+01  5.101049490400026
   1.3520000e+01   3.656821100400026
   1.3540000e+01   4.655301120400026
   1.3560000e+01   6.609187430400025
   1.3580000e+01   8.640884400400026
   1.3600000e+01   10.544055810400026
   1.3620000e+01   11.960743670400026
   1.3640000e+01  12.098115640400026
   1.3660000e+01  10.176952190400026
   1.3680000e+01  5.648227490400026
   1.3700000e+01  -0.5064272095999751
   1.3720000e+01  -6.0293315095999755
   1.3740000e+01  -9.906874409599975
   1.3760000e+01  -12.221745969599976
   1.3780000e+01  -13.531782459599976
   1.3800000e+01  -14.771057829599975
   1.3820000e+01  -15.622106799599976
   1.3840000e+01   -15.570644469599976
   1.3860000e+01   -15.190675829599977
   1.3880000e+01   -14.918584069599977
   1.3900000e+01   -13.909897179599977
   1.3920000e+01   -11.694403069599977
   1.3940000e+01   -9.341249669599977
   1.3960000e+01   -7.5722743895999765
   1.3980000e+01   -5.814456009599977
   1.4000000e+01   -3.4116368095999765
   1.4020000e+01   -0.6078511095999768
   1.4040000e+01   1.7821874904000232
   1.4060000e+01   3.1634523004000235
   1.4080000e+01   3.7464998204000235
   1.4100000e+01  3.9107044364000236
   1.4120000e+01  3.399387192400024
   1.4140000e+01  1.9015112324000238
   1.4160000e+01  -0.508723377599976
   1.4180000e+01  -3.127427277599976
   1.4200000e+01  -4.984999877599976
   1.4220000e+01  -6.022273227599976
   1.4240000e+01  -6.577930847599976
   1.4260000e+01   -6.535376607599976
   1.4280000e+01   -5.879507217599976
   1.4300000e+01   -4.774384777599975
   1.4320000e+01   -3.062716617599975
   1.4340000e+01   -0.4846821175999749
   1.4360000e+01   3.2193005824000256
   1.4380000e+01   7.040282882400026
   1.4400000e+01  7.618271182400027
   1.4420000e+01  3.781449882400026
   1.4440000e+01  -2.129855417599974
   1.4460000e+01  -7.680950517599975
   1.4480000e+01  -11.239419317599975
   1.4500000e+01  -13.392445617599975
   1.4520000e+01  -14.839803347599975
   1.4540000e+01   -15.234919718599976
   1.4560000e+01   -14.635862839599975
   1.4580000e+01   -12.967532919599975
   1.4600000e+01   -10.338479919599974
   1.4620000e+01   -7.037355419599974
   1.4640000e+01   -3.117895519599974
   1.4660000e+01   1.4141075804000258
   1.4680000e+01   5.423847780400026
   1.4700000e+01   7.186768860400026
   1.4720000e+01  6.567409300400025
   1.4740000e+01  4.059653460400026
   1.4760000e+01  0.07324236040002541
   1.4780000e+01  -3.895166039599975
   1.4800000e+01  -6.742564539599975
   1.4820000e+01  -8.353456089599975
   1.4840000e+01  -8.971183219599975
   1.4860000e+01  -9.213656969599976
   1.4880000e+01  -9.548820259599976
   1.4900000e+01  -10.018869349599976
   1.4920000e+01  -10.523402759599977
   1.4940000e+01  -10.829138469599977
   1.4960000e+01   -10.096001069599977
   1.4980000e+01   -7.691556199599977
   1.5000000e+01   -4.2101116995999766
   1.5020000e+01   -0.7007093995999765
   1.5040000e+01   2.4927272004000236
   1.5060000e+01   5.403412400400024
   1.5080000e+01   7.296124000400024
   1.5100000e+01  7.545684470400023
   1.5120000e+01  6.896728400400024
   1.5140000e+01  6.015582010400024
   1.5160000e+01  5.051623460400024
   1.5180000e+01  4.202246280400024
   1.5200000e+01  3.4757979304000237
   1.5220000e+01  2.317166060400024
   1.5240000e+01  0.08447836040002388
   1.5260000e+01  -2.7875100395999763
   1.5280000e+01  -5.191239649599977
   1.5300000e+01  -6.547946759599977
   1.5320000e+01  -7.028410154599977
   1.5340000e+01   -6.712039119599977
   1.5360000e+01   -5.456870469599977
   1.5380000e+01   -3.089810949599977
   1.5400000e+01   0.4945152504000232
   1.5420000e+01   5.031320650400023
   1.5440000e+01   10.008533550400022
   1.5460000e+01   14.583033850400021
   1.5480000e+01   17.41873206040002
   1.5500000e+01  17.941730270400022
   1.5520000e+01  16.414383570400023
   1.5540000e+01  12.811270670400024
   1.5560000e+01  7.885870570400024
   1.5580000e+01  3.481933970400023
   1.5600000e+01  0.6823575304000231
   1.5620000e+01  -0.6607197795999769
   1.5640000e+01   -0.9170064095999768
   1.5660000e+01  -1.3930550695999768
   1.5680000e+01  -2.626587069599977
   1.5700000e+01  -3.7697424195999774
   1.5720000e+01  -5.230698979599977
   1.5740000e+01  -7.053724689599978
   1.5760000e+01   -7.751515619599978
   1.5780000e+01   -6.607836719599978
   1.5800000e+01   -4.419513289599978
   1.5820000e+01   -2.027553989599978
   1.5840000e+01   -0.275976979599978
   1.5860000e+01  0.007177900400021975
   1.5880000e+01  -1.548946229599978
   1.5900000e+01  -4.942995229599978
   1.5920000e+01  -9.565735129599979
   1.5940000e+01  -13.989886129599979
   1.5960000e+01  -17.36279512959998
   1.5980000e+01  -20.39566272959998
   1.6000000e+01  -23.09135212959998
   1.6020000e+01  -24.621476059599978
   1.6040000e+01   -24.598593649599977
   1.6060000e+01   -23.008476009599978
   1.6080000e+01   -19.994311109599977
   1.6100000e+01   -15.419625109599977
   1.6120000e+01   -8.714022009599978
   1.6140000e+01   -0.07902260959997776
   1.6160000e+01   7.051086990400023
   1.6180000e+01  9.427363640400024
   1.6200000e+01  8.417622050400023
   1.6220000e+01  5.332695210400024
   1.6240000e+01  -0.12274098959997559
   1.6260000e+01  -5.658608089599976
   1.6280000e+01  -8.026502559599976
   1.6300000e+01   -7.389183469599976
   1.6320000e+01  -6.797547849599976
   1.6340000e+01  -6.992430325599976
   1.6360000e+01   -6.584358871599976
   1.6380000e+01   -5.490268281599976
   1.6400000e+01   -3.7340092815999757
   1.6420000e+01   -1.3427317815999755
   1.6440000e+01   1.6334200184000247
   1.6460000e+01   5.399389118400025
   1.6480000e+01   9.327127318400025
   1.6500000e+01   12.366619918400026
   1.6520000e+01   13.796015988400026
   1.6540000e+01  13.420830928400026
   1.6560000e+01  11.474779298400026
   1.6580000e+01  7.838313098400026
   1.6600000e+01  2.8623280984000266
   1.6620000e+01  -1.803948101599973
   1.6640000e+01  -4.913971401599973
   1.6660000e+01  -6.362590121599973
   1.6680000e+01  -6.825463551599973
   1.6700000e+01   -6.779027791599973
   1.6720000e+01   -6.179622111599973
   1.6740000e+01   -5.355401591599973
   1.6760000e+01   -4.484840961599973
   1.6780000e+01   -3.021766471599973
   1.6800000e+01   -0.6714880015999727
   1.6820000e+01   2.1886926984000272
   1.6840000e+01   5.183793898400028
   1.6860000e+01   8.151465398400028
   1.6880000e+01   10.960962998400028
   1.6900000e+01   12.845255828400028
   1.6920000e+01  12.972341878400028
   1.6940000e+01  11.80131510840003
   1.6960000e+01  10.054103288400029
   1.6980000e+01  8.200975048400029
   1.7000000e+01  6.565208118400029
   1.7020000e+01  4.956570778400028
   1.7040000e+01  3.0775557584000284
   1.7060000e+01  0.8502531584000286
   1.7080000e+01  -1.5563557415999716
   1.7100000e+01  -4.007972841599972
   1.7120000e+01  -6.180249191599971
   1.7140000e+01  -7.556659191599971
   1.7160000e+01  -8.55677207159997
   1.7180000e+01  -10.09945914159997
   1.7200000e+01  -11.947618441599971
   1.7220000e+01  -13.669521641599971
   1.7240000e+01  -15.252020641599971
   1.7260000e+01  -16.533697351599972
   1.7280000e+01  -17.40473776159997
   1.7300000e+01   -17.546897001599973
   1.7320000e+01   -16.463118871599974
   1.7340000e+01   -14.251550561599974
   1.7360000e+01   -11.611538861599973
   1.7380000e+01   -8.969246161599973
   1.7400000e+01   -6.539387661599973
   1.7420000e+01   -4.935326811599973
   1.7440000e+01  -4.729952171599973
   1.7460000e+01  -5.557095381599973
   1.7480000e+01  -6.6638815815999735
   1.7500000e+01  -7.743752861599973
   1.7520000e+01  -8.538516221599973
   1.7540000e+01   -8.349857141599973
   1.7560000e+01   -7.115080521599973
   1.7580000e+01   -5.625642981599973
   1.7600000e+01   -3.898304001599973
   1.7620000e+01   -1.6294837015999732
   1.7640000e+01   0.8936557984000268
   1.7660000e+01   3.6452658984000266
   1.7680000e+01   6.9285057984000264
   1.7700000e+01   9.782729298400026
   1.7720000e+01  10.658349768400026
   1.7740000e+01  9.642042738400026
   1.7760000e+01  7.740077438400025
   1.7780000e+01  5.890103908400025
   1.7800000e+01  4.705413858400025
   1.7820000e+01   4.305868643900025
   1.7840000e+01   4.555317239400025
   1.7860000e+01   5.038069559400025
   1.7880000e+01   5.496830069400025
   1.7900000e+01   6.064599599400025
   1.7920000e+01   6.767354449400025
   1.7940000e+01   7.429034189400025
   1.7960000e+01   8.229376879400025
   1.7980000e+01   9.460072009400026
   1.8000000e+01   10.713086849400026
   1.8020000e+01  10.978642569400026
   1.8040000e+01  10.163622049400027
   1.8060000e+01  9.267897489400028
   1.8080000e+01  8.931647654310028
   1.8100000e+01   9.190927519220029
   1.8120000e+01   9.52256608422003
   1.8140000e+01  9.27984548922003
   1.8160000e+01  8.37158422922003
   1.8180000e+01  7.23529542922003
   1.8200000e+01  6.28712673922003
   1.8220000e+01  5.5272039892200295
   1.8240000e+01  4.9147963892200295
   1.8260000e+01  4.4527429492200294
   1.8280000e+01  3.9381059692200293
   1.8300000e+01  3.2907306392200293
   1.8320000e+01  2.6907031392200293
   1.8340000e+01  2.211275689220029
   1.8360000e+01  1.647800139220029
   1.8380000e+01  0.7574167292200289
   1.8400000e+01  -0.3916494207799712
   1.8420000e+01  -1.4787497907799712
   1.8440000e+01  -2.2055275807799712
   1.8460000e+01  -2.6935472307799713
   1.8480000e+01  -3.3867710207799715
   1.8500000e+01  -4.130874110779971
   1.8520000e+01   -4.1964153207799715
   1.8540000e+01   -3.3585840307799715
   1.8560000e+01   -2.061514820779972
   1.8580000e+01   -1.028956610779972
   1.8600000e+01   -0.5817330207799719
   1.8620000e+01   -0.3580716007799719
   1.8640000e+01   -0.1176705207799719
   1.8660000e+01   0.004060177320028099
   1.8680000e+01  -0.12311385457997191
   1.8700000e+01  -0.3451969165799719
   1.8720000e+01   -0.39931687657997195
   1.8740000e+01   -0.2563819045799719
   1.8760000e+01   -0.07297605657997189
   1.8780000e+01   0.13590637142002812
   1.8800000e+01   0.5624359414200282
   1.8820000e+01   1.3220463614200284
   1.8840000e+01   2.1985866214200285
   1.8860000e+01   2.7856329814200285
   1.8880000e+01  2.9331895334200286
   1.8900000e+01  2.8045116454200287
   1.8920000e+01  2.5314712954200287
   1.8940000e+01  2.0432540854200285
   1.8960000e+01  1.3505381354200283
   1.8980000e+01  0.6529665154200284
   1.9000000e+01  0.1415654954200284
   1.9020000e+01   0.10602171542002839
   1.9040000e+01   0.7152413454200284
   1.9060000e+01   1.6818333954200284
   1.9080000e+01   2.8327605954200283
   1.9100000e+01   3.9400867854200285
   1.9120000e+01  4.3899335264200285
   1.9140000e+01  4.013673907420029
   1.9160000e+01  3.063426857420029
   1.9180000e+01  1.801166797420029
   1.9200000e+01  0.3937727274200289
   1.9220000e+01  -1.155053652579971
   1.9240000e+01  -2.7519636425799714
   1.9260000e+01  -4.192910782579972
   1.9280000e+01  -5.2777050725799715
   1.9300000e+01  -5.7182427395799715
   1.9320000e+01   -5.522138226579972
   1.9340000e+01   -5.262301342579971
   1.9360000e+01  -5.299996876579971
   1.9380000e+01  -5.460963238579971
   1.9400000e+01  -5.6119799135799715
   1.9420000e+01  -5.880822044579972
   1.9440000e+01  -6.315824494579972
   1.9460000e+01  -6.848274094579971
   1.9480000e+01  -7.329361664579971
   1.9500000e+01   -7.2961730145799715
   1.9520000e+01   -6.428261434579971
   1.9540000e+01   -5.115939704579971
   1.9560000e+01   -3.8133129245799715
   1.9580000e+01   -2.6399652345799716
   1.9600000e+01   -1.6176259145799714
   1.9620000e+01   -0.8382948545799713
   1.9640000e+01   -0.5054812225799713
   1.9660000e+01  -0.5042921065799713
   1.9680000e+01   -0.5272244167799712
   1.9700000e+01   -0.2630087809799712
   1.9720000e+01   0.4966333890200289
   1.9740000e+01   1.567266149020029
   1.9760000e+01   2.716744499020029
   1.9780000e+01   3.962076109020029
   1.9800000e+01   5.474317189020029
   1.9820000e+01   7.283148669020029
   1.9840000e+01   9.18689960902003
   1.9860000e+01   10.86719363902003
   1.9880000e+01   12.00132529902003
   1.9900000e+01   12.62164222902003
   1.9920000e+01  12.798294842020029
   1.9940000e+01  12.470482765020028
   1.9960000e+01  11.575204515020028
   1.9980000e+01  9.966429525020027
   2.0000000e+01  7.789453825020027
   2.0020000e+01  5.386168325020027
   2.0040000e+01  2.992795225020027
   2.0060000e+01  1.016398355020027
   2.0080000e+01  -0.052355664979973016
   2.0100000e+01  -0.491316154979973
   2.0120000e+01  -0.857597594979973
   2.0140000e+01  -1.147814686979973
   2.0160000e+01  -1.304324984979973
   2.0180000e+01  -1.425125744979973
   2.0200000e+01  -1.507711957979973
   2.0220000e+01   -1.241265256979973
   2.0240000e+01   -0.35693785697997293
   2.0260000e+01   0.9364364330200269
   2.0280000e+01   2.350766973020027
   2.0300000e+01   3.700975363020027
   2.0320000e+01   4.890442903020027
   2.0340000e+01   5.977775063020027
   2.0360000e+01   6.742247803020026
   2.0380000e+01  6.692961293020026
   2.0400000e+01  5.665981303020026
   2.0420000e+01  3.9577408530200264
   2.0440000e+01  2.2016582830200266
   2.0460000e+01  1.3810747730200266
   2.0480000e+01   1.7095368530200266
   2.0500000e+01   2.4562652830200267
   2.0520000e+01   3.5393929530200268
   2.0540000e+01   5.0375910430200275
   2.0560000e+01   6.523212503020027
   2.0580000e+01   7.679539393020027
   2.0600000e+01   8.482670113020028
   2.0620000e+01   8.891847950020027
   2.0640000e+01  8.507173867020027
   2.0660000e+01  7.178942237020027
   2.0680000e+01  5.092602577020028
   2.0700000e+01  2.3010234770200273
   2.0720000e+01  -0.7347488229799728
   2.0740000e+01  -2.894084022979973
   2.0760000e+01  -3.718846682979973
   2.0780000e+01  -3.8506931961799733
   2.0800000e+01   -3.8290761933799735
   2.0820000e+01  -3.8920418853799736
   2.0840000e+01  -4.143544833379973
   2.0860000e+01  -4.518252303379973
   2.0880000e+01  -4.876169813379973
   2.0900000e+01  -5.217643513379973
   2.0920000e+01  -5.638989913379973
   2.0940000e+01  -6.004601443379973
   2.0960000e+01  -6.197954003379973
   2.0980000e+01  -6.275619370379973
   2.1000000e+01  -6.320450817379973
   2.1020000e+01  -6.428601193379973
   2.1040000e+01  -6.5965717633799725
   2.1060000e+01  -6.719727541379973
   2.1080000e+01  -6.7689417966799725
   2.1100000e+01   -6.686466574979972
   2.1120000e+01   -6.554984990979972
   2.1140000e+01   -6.483131112979972
   2.1160000e+01   -6.319542205979972
   2.1180000e+01   -5.970255095979972
   2.1200000e+01   -5.457019315979972
   2.1220000e+01   -4.802846005979972
   2.1240000e+01   -4.024970435979972
   2.1260000e+01   -3.175213885979972
   2.1280000e+01   -2.447997485979972
   2.1300000e+01   -2.073255330979972
   2.1320000e+01  -2.0262108839799717
   2.1340000e+01  -2.1349064559799715
   2.1360000e+01  -2.3829752899799717
   2.1380000e+01  -2.8926979199799714
   2.1400000e+01  -3.6546868299799713
   2.1420000e+01  -4.155409545979971
   2.1440000e+01   -3.8794619519799713
   2.1460000e+01   -2.9749559319799714
   2.1480000e+01   -1.6491657619799716
   2.1500000e+01   -0.024040961979971742
   2.1520000e+01   1.6301561980200283
   2.1540000e+01   3.0789214780200282
   2.1560000e+01   4.2349145180200285
   2.1580000e+01   5.172850718020029
   2.1600000e+01   5.879425138020029
   2.1620000e+01  6.1363236560200285
   2.1640000e+01  5.728890414020029
   2.1660000e+01  4.862218774020029
   2.1680000e+01  4.071106514020029
   2.1700000e+01   3.7914766680200285
   2.1720000e+01   4.0936125020200285
   2.1740000e+01   4.763972192020028
   2.1760000e+01   5.543931392020028
   2.1780000e+01   6.270794602020028
   2.1800000e+01   6.937970562020028
   2.1820000e+01   7.467768062020028
   2.1840000e+01   7.743703441020028
   2.1860000e+01  7.756357217020027
   2.1880000e+01  7.527485934020027
   2.1900000e+01  7.0926209740200274
   2.1920000e+01  6.482758464020027
   2.1940000e+01  5.661724544020028
   2.1960000e+01  4.627226374020028
   2.1980000e+01  3.578194254020028
   2.2000000e+01  2.794045344020028
   2.2020000e+01  2.3181823940200283
   2.2040000e+01  1.9481308540200284
   2.2060000e+01  1.5895801740200284
   2.2080000e+01  1.3225483340200284
   2.2100000e+01   1.2504928470200283
   2.2120000e+01   1.4350506300200283
   2.2140000e+01   1.7370300700200283
   2.2160000e+01  1.7625754500200284
   2.2180000e+01  1.2268768000200283
   2.2200000e+01  0.3696745400200283
   2.2220000e+01  -0.5476180899799717
   2.2240000e+01  -1.5684668199799718
   2.2260000e+01  -2.682524529979972
   2.2280000e+01  -3.6843209599799716
   2.2300000e+01  -4.2283254399799715
   2.2320000e+01   -4.313985126979971
   2.2340000e+01   -4.1731541039799716
   2.2360000e+01   -3.8540217639799716
   2.2380000e+01   -3.6042826709799716
   2.2400000e+01  -3.7711494879799714
   2.2420000e+01  -4.099751227979971
   2.2440000e+01   -4.072627627979971
   2.2460000e+01   -3.611914447979971
   2.2480000e+01   -2.822538877979971
   2.2500000e+01   -1.6208255479799711
   2.2520000e+01   0.06074460202002885
   2.2540000e+01   1.9713971520200286
   2.2560000e+01   3.8625462720200288
   2.2580000e+01   5.617597102020029
   2.2600000e+01   6.914145552020029
   2.2620000e+01  7.24838115202003
   2.2640000e+01  6.44793677202003
   2.2660000e+01  4.8790450920200295
   2.2680000e+01  3.059207902020029
   2.2700000e+01  1.676959632020029
   2.2720000e+01   1.3158755120200292
   2.2740000e+01   1.7523557620200292
   2.2760000e+01   2.512856272020029
   2.2780000e+01   3.6278585420200287
   2.2800000e+01   5.035339172020029
   2.2820000e+01   6.229996922020029
   2.2840000e+01  6.599416183020029
   2.2860000e+01  6.023913054020029
   2.2880000e+01  5.020842834020029
   2.2900000e+01  3.9308191040200287
   2.2920000e+01  2.784121974020029
   2.2940000e+01  1.9130764640200288
   2.2960000e+01  1.608675427020029
   2.2980000e+01   1.606995460020029
   2.3000000e+01   1.8579323900200289
   2.3020000e+01   2.440605470020029
   2.3040000e+01   3.230349550020029
   2.3060000e+01   4.181427530020029
   2.3080000e+01   5.20331420002003
   2.3100000e+01   6.27063323002003
   2.3120000e+01   7.24239479002003
   2.3140000e+01   7.839110680020029
   2.3160000e+01  7.90848418002003
   2.3180000e+01  7.47528078002003
   2.3200000e+01  6.792711240020029
   2.3220000e+01  6.2518726500200295
   2.3240000e+01  5.84904495002003
   2.3260000e+01  5.24386816002003
   2.3280000e+01  4.37424987002003
   2.3300000e+01  3.4611888600200302
   2.3320000e+01  2.7739272700200304
   2.3340000e+01  2.3190061500200305
   2.3360000e+01  1.9247899500200305
   2.3380000e+01  1.5269765300200304
   2.3400000e+01  1.2349832980200304
   2.3420000e+01  1.0714806240200303
   2.3440000e+01  0.8788574620200302
   2.3460000e+01  0.5245425320200302
   2.3480000e+01  -0.0965135679799698
   2.3500000e+01  -0.9672124979799699
   2.3520000e+01  -2.05058723797997
   2.3540000e+01  -3.30614640797997
   2.3560000e+01  -4.44932753797997
   2.3580000e+01  -5.11312059797997
   2.3600000e+01   -5.24742074597997
   2.3620000e+01   -4.88727790397997
   2.3640000e+01   -4.00873350397997
   2.3660000e+01   -2.8069190739799703
   2.3680000e+01   -1.5526098039799703
   2.3700000e+01   -0.5322548739799702
   2.3720000e+01   -0.005377523979970156
   2.3740000e+01  -0.11027833397997015
   2.3760000e+01  -0.80718791397997
   2.3780000e+01  -1.8924259239799701
   2.3800000e+01  -2.96196847397997
   2.3820000e+01  -3.5275683339799704
   2.3840000e+01   -3.6097850199799706
   2.3860000e+01   -3.5778884747799706
   2.3880000e+01   -3.562863682079971
   2.3900000e+01  -3.604198537579971
   2.3920000e+01  -3.725760366579971
   2.3940000e+01   -3.696517558579971
   2.3960000e+01   -3.242525168579971
   2.3980000e+01   -2.260554748579971
   2.4000000e+01   -0.9721284285799707
   2.4020000e+01   0.28452668142002935
   2.4040000e+01   1.3737181114200292
   2.4060000e+01   2.2431076014200295
   2.4080000e+01   2.9500920514200297
   2.4100000e+01   3.48939450142003
   2.4120000e+01   3.78974164342003
   2.4140000e+01   3.89472121842003
   2.4160000e+01  3.88679399342003
   2.4180000e+01  3.7610347254200303
   2.4200000e+01  3.4796129354200303
   2.4220000e+01  3.11439188542003
   2.4240000e+01   2.98068726742003
   2.4260000e+01   3.3220555894200303
   2.4280000e+01   3.8632291894200304
   2.4300000e+01   4.32255611942003
   2.4320000e+01   4.70517754942003
   2.4340000e+01   5.05704101942003
   2.4360000e+01   5.3271734614200295
   2.4380000e+01   5.452986381420029
   2.4400000e+01  5.341389859420029
   2.4420000e+01  4.768750259420029
   2.4440000e+01  3.7683492394200293
   2.4460000e+01  2.5756555794200295
   2.4480000e+01  1.3846851294200295
   2.4500000e+01  0.2916869494200296
   2.4520000e+01  -0.7706992605799703
   2.4540000e+01  -1.8298330405799703
   2.4560000e+01  -2.8753629205799704
   2.4580000e+01  -3.8655800105799702
   2.4600000e+01  -4.66321611057997
   2.4620000e+01  -5.18583975057997
   2.4640000e+01  -5.50311861057997
   2.4660000e+01  -5.77414802057997
   2.4680000e+01  -6.07793569057997
   2.4700000e+01  -6.34890541057997
   2.4720000e+01  -6.5702283605799705
   2.4740000e+01  -6.764098807579971
   2.4760000e+01  -6.904045943579971
   2.4780000e+01  -7.0892398125799705
   2.4800000e+01  -7.41640277257997
   2.4820000e+01  -7.831724212579971
   2.4840000e+01  -8.287837302579971
   2.4860000e+01  -8.690438762579971
   2.4880000e+01   -8.85160729667997
   2.4900000e+01   -8.70764343077997
   2.4920000e+01   -8.34715394077997
   2.4940000e+01   -7.81290713077997
   2.4960000e+01   -7.10964557077997
   2.4980000e+01   -6.38282383077997
   2.5000000e+01   -5.831629240779971
   2.5020000e+01   -5.50663205077997
   2.5040000e+01   -5.31395293077997
   2.5060000e+01   -5.14855419277997
   2.5080000e+01   -4.9505892547799695
   2.5100000e+01   -4.682509354779969
   2.5120000e+01   -4.358278634779969
   2.5140000e+01   -4.007490834779969
   2.5160000e+01   -3.583199544779969
   2.5180000e+01   -3.107081684779969
   2.5200000e+01   -2.658119374779969
   2.5220000e+01   -2.145517564779969
   2.5240000e+01   -1.6073190747799688
   2.5260000e+01   -1.1271412747799687
   2.5280000e+01   -0.6017124847799687
   2.5300000e+01   -0.06434321477996874
   2.5320000e+01   0.49273613522003123
   2.5340000e+01   1.1640222452200313
   2.5360000e+01   1.7527537852200314
   2.5380000e+01  1.9346795862200314
   2.5400000e+01  1.6240478072200315
   2.5420000e+01  0.9234483172200315
   2.5440000e+01  -0.04554244277996855
   2.5460000e+01  -1.1155824327799686
   2.5480000e+01  -1.9726080827799686
   2.5500000e+01   -2.1987233177799688
   2.5520000e+01   -1.760554182779969
   2.5540000e+01   -0.9196034927799689
   2.5560000e+01   0.2840408672200313
   2.5580000e+01   1.6187947972200312
   2.5600000e+01   2.4286516472200312
   2.5620000e+01  2.3050900572200312
   2.5640000e+01  1.6557824972200312
   2.5660000e+01  1.1702562372200314
   2.5680000e+01   1.2209935572200314
   2.5700000e+01   1.7551669472200313
   2.5720000e+01   2.309489767220031
   2.5740000e+01  2.511516908320031
   2.5760000e+01  2.338421259420031
   2.5780000e+01  1.9548526794200312
   2.5800000e+01  1.688837309420031
   2.5820000e+01   1.808110969420031
   2.5840000e+01   2.104186969420031
   2.5860000e+01   2.307603236420031
   2.5880000e+01   2.446029284420031
   2.5900000e+01   2.613276315420031
   2.5920000e+01   2.8440308754200307
   2.5940000e+01   3.0061967894200308
   2.5960000e+01  2.7867078834200307
   2.5980000e+01  2.135920313420031
   2.6000000e+01  1.370225813420031
   2.6020000e+01  0.6518880834200308
   2.6040000e+01  -0.06740340657996913
   2.6060000e+01  -0.9213888765799693
   2.6080000e+01  -1.8387546565799693
   2.6100000e+01  -2.567880886579969
   2.6120000e+01  -2.913193322579969
   2.6140000e+01   -2.843275818579969
   2.6160000e+01   -2.576745848579969
   2.6180000e+01   -2.2821431785799686
   2.6200000e+01   -2.0024662785799685
   2.6220000e+01   -1.7811570355799684
   2.6240000e+01   -1.6416847175799685
   2.6260000e+01  -1.6146846815799685
   2.6280000e+01  -1.7202573435799684
   2.6300000e+01  -1.8548424025799684
   2.6320000e+01  -1.9806698395799684
   2.6340000e+01  -2.1084186655799684
   2.6360000e+01  -2.2236335625799684
   2.6380000e+01  -2.371803899579968
   2.6400000e+01   -2.4389274215799683
   2.6420000e+01   -2.2441499185799683
   2.6440000e+01   -1.8193164085799682
   2.6460000e+01   -1.3562060985799682
   2.6480000e+01   -0.9662498085799682
   2.6500000e+01   -0.6424302485799682
   2.6520000e+01   -0.3878717285799682
   2.6540000e+01   -0.18126414457996823
   2.6560000e+01   0.03773378942003178
   2.6580000e+01   0.3258853094200318
   2.6600000e+01   0.6600873594200318
   2.6620000e+01   0.9024484724200318
   2.6640000e+01  0.9724643453200318
   2.6660000e+01  0.8500058552200318
   2.6680000e+01  0.5783385852200318
   2.6700000e+01  0.27894084522003176
   2.6720000e+01  -0.042073514779968235
   2.6740000e+01  -0.5203338847799682
   2.6760000e+01  -1.199965894779968
   2.6780000e+01  -1.813268204779968
   2.6800000e+01   -2.028478212779968
   2.6820000e+01   -1.779535930779968
   2.6840000e+01   -1.133269290779968
   2.6860000e+01   -0.2259122707799679
   2.6880000e+01   0.5757267592200321
   2.6900000e+01   0.963687597220032
   2.6920000e+01  1.010325345220032
   2.6940000e+01  0.853240225220032
   2.6960000e+01  0.4873298352200319
   2.6980000e+01  -0.00042485477996812016
   2.7000000e+01  -0.4320439547799682
   2.7020000e+01  -0.6705897467799682
   2.7040000e+01   -0.6838430527799682
   2.7060000e+01   -0.5977931307799682
   2.7080000e+01   -0.5085068677799682
   2.7100000e+01   -0.3632622707799682
   2.7120000e+01   -0.17888485277996818
   2.7140000e+01   -0.06996854177996817
   2.7160000e+01   0.014152140220031834
   2.7180000e+01   0.20112133922003184
   2.7200000e+01   0.4922861392200319
   2.7220000e+01   0.747770431220032
   2.7240000e+01  0.779883755220032
   2.7260000e+01  0.590575077220032
   2.7280000e+01  0.323445467220032
   2.7300000e+01  0.03805229722003195
   2.7320000e+01  -0.22279413277996807
   2.7340000e+01  -0.43742062277996807
   2.7360000e+01  -0.605448458779968
   2.7380000e+01  -0.706900569779968
   2.7400000e+01   -0.739817558279968
   2.7420000e+01  -0.741013287479968
   2.7440000e+01   -0.740406595379968
   2.7460000e+01   -0.628748937579968
   2.7480000e+01   -0.373404147579968
   2.7500000e+01   -0.10817081757996799
   2.7520000e+01  -0.006580455579968003
   2.7540000e+01  -0.094014644579968
   2.7560000e+01  -0.22022426357996802
   2.7580000e+01  -0.34455069357996804
   2.7600000e+01  -0.5152328455799681
   2.7620000e+01  -0.7281879355799681
   2.7640000e+01  -1.0241334955799681
   2.7660000e+01  -1.6339804955799682
   2.7680000e+01  -2.633134535579968
   2.7700000e+01  -3.716243195579968
   2.7720000e+01  -4.456786105579968
   2.7740000e+01   -4.637136998579968
   2.7760000e+01   -4.353934721579968
   2.7780000e+01   -3.606423481579968
   2.7800000e+01   -2.4708649115799677
   2.7820000e+01   -1.2381323515799676
   2.7840000e+01   0.017891138420032426
   2.7860000e+01   1.3327886884200324
   2.7880000e+01   2.7827037284200324
   2.7900000e+01   4.3518416784200324
   2.7920000e+01   5.617493648420033
   2.7940000e+01   6.116284515420033
   2.7960000e+01  5.988795692420033
   2.7980000e+01  5.645373212420033
   2.8000000e+01  5.289754382420033
   2.8020000e+01  5.061761703420033
   2.8040000e+01  4.973477919420033
   2.8060000e+01  4.854210838420033
   2.8080000e+01  4.571777172420033
   2.8100000e+01  4.235321942420033
   2.8120000e+01  4.016950506420033
   2.8140000e+01   3.9681704544200325
   2.8160000e+01   4.020676831420032
   2.8180000e+01   4.128099092420032
   2.8200000e+01   4.295203214420032
   2.8220000e+01   4.422315441420031
   2.8240000e+01  4.352171884420032
   2.8260000e+01  3.9252402644200317
   2.8280000e+01  3.1467762744200316
   2.8300000e+01  2.1951679544200315
   2.8320000e+01  1.2049820044200314
   2.8340000e+01  0.2537468244200314
   2.8360000e+01  -0.44534216557996864
   2.8380000e+01  -0.7162471135799686
   2.8400000e+01  -0.7527956165799686
   2.8420000e+01  -0.8358678275799686
   2.8440000e+01  -1.0713633535799685
   2.8460000e+01  -1.3774757435799685
   2.8480000e+01   -1.4951499985799686
   2.8500000e+01   -1.2672659835799687
   2.8520000e+01   -0.9681183875799687
   2.8540000e+01  -1.0343623715799688
   2.8560000e+01  -1.5483149815799688
   2.8580000e+01  -2.321095811579969
   2.8600000e+01  -3.1475066415799695
   2.8620000e+01  -3.8355274315799694
   2.8640000e+01  -4.33423846157997
   2.8660000e+01  -4.66585032157997
   2.8680000e+01   -4.78442733500997
   2.8700000e+01  -4.82181368643997
   2.8720000e+01   -4.84919093843997
   2.8740000e+01   -4.66932376243997
   2.8760000e+01   -4.28421704243997
   2.8780000e+01   -3.8236046624399695
   2.8800000e+01   -3.3738970624399696
   2.8820000e+01   -3.0599832224399695
   2.8840000e+01   -2.8344553124399696
   2.8860000e+01   -2.5882987324399696
   2.8880000e+01   -2.3534328124399697
   2.8900000e+01   -2.1026143724399695
   2.8920000e+01   -1.7639722424399695
   2.8940000e+01   -1.3735306624399695
   2.8960000e+01   -0.9846876324399694
   2.8980000e+01   -0.6754418624399694
   2.9000000e+01   -0.4460754524399694
   2.9020000e+01   -0.24182565543996937
   2.9040000e+01  -0.18462827343996935
   2.9060000e+01  -0.3623598584399694
   2.9080000e+01  -0.6318437784399693
   2.9100000e+01  -0.9038747684399693
   2.9120000e+01  -1.2743430084399692
   2.9140000e+01  -1.749248588439969
   2.9160000e+01  -2.226794418439969
   2.9180000e+01  -2.653753268439969
   2.9200000e+01  -2.996932938439969
   2.9220000e+01  -3.194760954439969
   2.9240000e+01  -3.295574208439969
   2.9260000e+01  -3.409559031439969
   2.9280000e+01   -3.472442043739969
   2.9300000e+01   -3.348999251039969
   2.9320000e+01   -3.020115481039969
   2.9340000e+01   -2.662268391039969
   2.9360000e+01   -2.490866007039969
   2.9380000e+01  -2.573459143039969
   2.9400000e+01  -2.881302353039969
   2.9420000e+01  -3.307930183039969
   2.9440000e+01  -3.7161881030399693
   2.9460000e+01  -3.9794575630399693
   2.9480000e+01   -3.9972904690399695
   2.9500000e+01   -3.7270752550399697
   2.9520000e+01   -3.2362853250399697
   2.9540000e+01   -2.6448364350399696
   2.9560000e+01   -2.0204328050399694
   2.9580000e+01   -1.5452077450399693
   2.9600000e+01  -1.3859888082399692
   2.9620000e+01   -1.3741911064399692
   2.9640000e+01   -1.3163239474399693
   2.9660000e+01   -1.1898846424399694
   2.9680000e+01   -1.0052861014399694
   2.9700000e+01   -0.7520246014399694
   2.9720000e+01   -0.3737136114399694
   2.9740000e+01   0.1220603885600306
   2.9760000e+01   0.7179000585600306
   2.9780000e+01   1.3415909885600306
   2.9800000e+01   1.8336435085600307
   2.9820000e+01   2.1623971485600304
   2.9840000e+01   2.4363824685600304
   2.9860000e+01   2.6692193045600305
   2.9880000e+01  2.7370631655600306
   2.9900000e+01  2.5385212005600306
   2.9920000e+01  2.052872900560031
   2.9940000e+01  1.4290430205600309
   2.9960000e+01  0.9525560805600308
   2.9980000e+01   0.7903371184600309
   3.0000000e+01   0.8859897523600309
   3.0020000e+01   1.169685858360031
   3.0040000e+01   1.608896088360031
   3.0060000e+01   2.100366668360031
   3.0080000e+01   2.547875628360031
   3.0100000e+01   2.969199438360031
   3.0120000e+01   3.319437468360031
   3.0140000e+01   3.488971209360031
   3.0160000e+01  3.515778468360031
   3.0180000e+01  3.3927494763600308
   3.0200000e+01  3.0302659663600306
   3.0220000e+01  2.4635710763600307
   3.0240000e+01  1.8693085963600307
   3.0260000e+01  1.3903035863600306
   3.0280000e+01  1.1062435333600305
   3.0300000e+01   1.0701900043600305
   3.0320000e+01   1.1767828493600305
   3.0340000e+01   1.2518842073600305
   3.0360000e+01  1.2613654691600305
   3.0380000e+01  1.2542168020600304
   3.0400000e+01  1.2278306021600305
   3.0420000e+01  1.1835427631600304
   3.0440000e+01   1.2012196011600305
   3.0460000e+01   1.3179332231600305
   3.0480000e+01   1.4653458101600305
   3.0500000e+01   1.6436514241600304
   3.0520000e+01   1.9144980641600304
   3.0540000e+01   2.3447873741600302
   3.0560000e+01   2.9048030741600304
   3.0580000e+01   3.39879071416003
   3.0600000e+01   3.6612108211600303
   3.0620000e+01  3.6462898021600303
   3.0640000e+01  3.3566259061600303
   3.0660000e+01  2.8539708561600303
   3.0680000e+01  2.32868379616003
   3.0700000e+01  2.08220687716003
   3.0720000e+01   2.23031208816003
   3.0740000e+01   2.5521724981600302
   3.0760000e+01   2.92237071816003
   3.0780000e+01   3.35116214816003
   3.0800000e+01   3.72656053816003
   3.0820000e+01   3.91613530416003
   3.0840000e+01  3.9074449571600303
   3.0860000e+01  3.70202695416003
   3.0880000e+01  3.26706817416003
   3.0900000e+01  2.66723035416003
   3.0920000e+01  1.9857911741600303
   3.0940000e+01  1.2461040541600301
   3.0960000e+01  0.45222939416003016
   3.0980000e+01  -0.3066298258399698
   3.1000000e+01  -0.8965611558399698
   3.1020000e+01  -1.3087465158399698
   3.1040000e+01  -1.5587996478399697
   3.1060000e+01  -1.6467395460399696
   3.1080000e+01   -1.5897961202399697
   3.1100000e+01   -1.3358286382399698
   3.1120000e+01   -0.9120919282399698
   3.1140000e+01   -0.48120987823996975
   3.1160000e+01   -0.22274175323996975
   3.1180000e+01  -0.17547529423996977
   3.1200000e+01  -0.2065561002399698
   3.1220000e+01  -0.3050146792399698
   3.1240000e+01  -0.6082612982399698
   3.1260000e+01  -1.0845514482399699
   3.1280000e+01  -1.5012694682399699
   3.1300000e+01  -1.76300267823997
   3.1320000e+01  -1.9031943652399699
   3.1340000e+01  -1.9704771872399698
   3.1360000e+01  -2.0512569762399697
   3.1380000e+01  -2.13027962623997
   3.1400000e+01  -2.2098350532399698
   3.1420000e+01  -2.31086733423997
   3.1440000e+01  -2.3943930372399698
   3.1460000e+01   -2.4227809544399697
   3.1480000e+01   -2.3463596346399695
   3.1500000e+01   -2.2532183876399694
   3.1520000e+01  -2.2948599626399693
   3.1540000e+01  -2.524580320639969
   3.1560000e+01  -2.875109180639969
   3.1580000e+01  -3.243563820639969
   3.1600000e+01  -3.539988450639969
   3.1620000e+01  -3.677622626639969
   3.1640000e+01   -3.6727477966399693
   3.1660000e+01   -3.6011044466399693
   3.1680000e+01  -3.559969784239969
   3.1700000e+01   -3.542705172839969
   3.1720000e+01   -3.345900039839969
   3.1740000e+01   -2.914416849839969
   3.1760000e+01   -2.4423228698399693
   3.1780000e+01   -2.0035052298399694
   3.1800000e+01   -1.5784597698399694
   3.1820000e+01   -1.1484034098399694
   3.1840000e+01   -0.6438465098399694
   3.1860000e+01   -0.050466449839969396
   3.1880000e+01   0.5741209801600305
   3.1900000e+01   1.1399837701600306
   3.1920000e+01   1.6065907601600307
   3.1940000e+01   2.0404354401600306
   3.1960000e+01   2.4726432601600306
   3.1980000e+01   2.8560765401600303
   3.2000000e+01   3.1846843801600304
   3.2020000e+01   3.4738530101600302
   3.2040000e+01   3.7656244801600303
   3.2060000e+01   4.05681057016003
   3.2080000e+01   4.24908423516003
   3.2100000e+01  4.27072547816003
   3.2120000e+01  4.11085930616003
   3.2140000e+01  3.79342473616003
   3.2160000e+01  3.35676317616003
   3.2180000e+01  2.8990785661600302
   3.2200000e+01  2.4752483861600303
   3.2220000e+01  2.0492403861600303
   3.2240000e+01  1.6691456161600304
   3.2260000e+01  1.4023816361600305
   3.2280000e+01   1.3312458891600305
   3.2300000e+01   1.5447210821600306
   3.2320000e+01   1.9775430521600306
   3.2340000e+01   2.452483072160031
   3.2360000e+01   2.723361821160031
   3.2380000e+01  2.673844337160031
   3.2400000e+01  2.419256784160031
   3.2420000e+01  2.009142344160031
   3.2440000e+01  1.437930984160031
   3.2460000e+01  0.799199694160031
   3.2480000e+01  0.222752434160031
   3.2500000e+01  -0.20520188583996907
   3.2520000e+01  -0.49105510583996903
   3.2540000e+01  -0.6325219988399691
   3.2560000e+01   -0.5764281528399691
   3.2580000e+01   -0.33119148383996905
   3.2600000e+01   0.04988478616003095
   3.2620000e+01   0.446822656160031
   3.2640000e+01  0.615730466860031
   3.2660000e+01  0.469182797560031
   3.2680000e+01  0.15827407756003103
   3.2700000e+01  -0.19188738243996895
   3.2720000e+01  -0.5014682224399689
   3.2740000e+01  -0.7589061624399689
   3.2760000e+01  -1.071993162439969
   3.2780000e+01  -1.4584550924399688
   3.2800000e+01  -1.773529312439969
   3.2820000e+01  -1.8999583261399688
   3.2840000e+01   -1.8527801158399688
   3.2860000e+01   -1.7073417058399687
   3.2880000e+01   -1.5012972598399688
   3.2900000e+01   -1.2316225498399689
   3.2920000e+01   -0.8729545798399689
   3.2940000e+01   -0.4714274598399689
   3.2960000e+01   -0.2105598338399689
   3.2980000e+01  -0.1900688228399689
   3.3000000e+01  -0.2977724138399689
   3.3020000e+01  -0.46203942983996893
   3.3040000e+01  -0.7179823598399689
   3.3060000e+01  -1.028542059839969
   3.3080000e+01  -1.224657715839969
   3.3100000e+01   -1.1644642388399689
   3.3120000e+01   -0.8924650658399689
   3.3140000e+01   -0.46568539583996893
   3.3160000e+01   0.038862644160031046
   3.3180000e+01   0.46371854416003105
   3.3200000e+01   0.7183441521600311
   3.3220000e+01  0.7890913679600311
   3.3240000e+01  0.7166455477600311
   3.3260000e+01  0.552705989760031
   3.3280000e+01  0.36497472876003106
   3.3300000e+01  0.27575382446003105
   3.3320000e+01   0.3044819511600311
   3.3340000e+01   0.36877432316003106
   3.3360000e+01   0.46579993616003107
   3.3380000e+01   0.5905093041600311
   3.3400000e+01   0.7485742731600311
   3.3420000e+01   0.9735024351600311
   3.3440000e+01   1.1907528211600311
   3.3460000e+01   1.3292829721600312
   3.3480000e+01   1.3899951961600312
   3.3500000e+01  1.3973650083600313
   3.3520000e+01   1.3936619983800314
   3.3540000e+01   1.4120497662000313
   3.3560000e+01   1.4865906522000314
   3.3580000e+01   1.6135518802000315
   3.3600000e+01   1.7573653802000315
   3.3620000e+01  1.8303595772600316
   3.3640000e+01  1.7606305223200316
   3.3660000e+01  1.5935258253200315
   3.3680000e+01  1.3603045633200315
   3.3700000e+01  1.0589178433200315
   3.3720000e+01  0.7617797033200315
   3.3740000e+01  0.6065477813200315
   3.3760000e+01   0.6315783013200316
   3.3780000e+01   0.7535355283200316
   3.3800000e+01   0.8972561113200316
   3.3820000e+01   1.0308456413200315
   3.3840000e+01   1.1552043273200314
   3.3860000e+01   1.3022792463200314
   3.3880000e+01   1.4767570813200315
   3.3900000e+01   1.5858564333200316
   3.3920000e+01  1.5848831423200316
   3.3940000e+01  1.5200758663200316
   3.3960000e+01  1.4237722843200316
   3.3980000e+01  1.3256759933200315
   3.4000000e+01  1.2086297783200315
   3.4020000e+01  1.0247867153200314
   3.4040000e+01  0.8092845853200314
   3.4060000e+01  0.6540831683200314
   3.4080000e+01  0.5896278323200315
   3.4100000e+01   0.6312820343200315
   3.4120000e+01   0.7571145283200315
   3.4140000e+01   0.8736126043200314
   3.4160000e+01   0.9253440644200314
   3.4180000e+01  0.9234511245200314
   3.4200000e+01  0.8937014435200314
   3.4220000e+01  0.8153274035200314
   3.4240000e+01  0.6952797495200314
   3.4260000e+01  0.5941664115200314
   3.4280000e+01  0.5483408227200314
   3.4300000e+01  0.5266414609200314
   3.4320000e+01  0.48826303092003137
   3.4340000e+01  0.41114291292003136
   3.4360000e+01  0.28093932592003135
   3.4380000e+01  0.15959935092003136
   3.4400000e+01  0.09769425592003136
   3.4420000e+01  0.055685850920031366
   3.4440000e+01  -0.011885949079968636
   3.4460000e+01  -0.10968899207996864
   3.4480000e+01  -0.21536391007996863
   3.4500000e+01  -0.3181838880799686
   3.4520000e+01  -0.4164603390799686
   3.4540000e+01  -0.4877346650799686
   3.4560000e+01  -0.5170745298799686
   3.4580000e+01   -0.5028799506799686
   3.4600000e+01   -0.4070630116799686
   3.4620000e+01   -0.2706495916799686
   3.4640000e+01  -0.2501003896799686
   3.4660000e+01  -0.39198564567996863
   3.4680000e+01  -0.6216763556799686
   3.4700000e+01  -0.8479514016799686
   3.4720000e+01  -0.9914520476799686
   3.4740000e+01  -1.0507682236799687
   3.4760000e+01  -1.0931869586799687
   3.4780000e+01  -1.2263206976799688
   3.4800000e+01  -1.5092891276799687
   3.4820000e+01  -1.8929208676799687
   3.4840000e+01  -2.283469967679969
   3.4860000e+01  -2.546573445679969
   3.4880000e+01   -2.612827643679969
   3.4900000e+01   -2.5523069206799693
   3.4920000e+01   -2.4563111926799692
   3.4940000e+01   -2.3487014056799693
   3.4960000e+01   -2.2051798176799693
   3.4980000e+01   -1.9856717316799692
   3.5000000e+01   -1.6712816616799693
   3.5020000e+01   -1.2574293516799693
   3.5040000e+01   -0.7410569516799692
   3.5060000e+01   -0.1812278216799692
   3.5080000e+01   0.33124773832003085
   3.5100000e+01   0.7340343583200308
   3.5120000e+01   0.9843903633200308
   3.5140000e+01  1.0635921913200308
   3.5160000e+01  1.0086699843200309
   3.5180000e+01  0.8650752303200309
   3.5200000e+01  0.6735221663200308
   3.5220000e+01  0.4790285863200308
   3.5240000e+01  0.3560583813200308
   3.5260000e+01   0.3626710693200308
   3.5280000e+01   0.4868140893200308
   3.5300000e+01   0.6394495603200308
   3.5320000e+01  0.6733495193200307
   3.5340000e+01  0.6154989783200308
   3.5360000e+01  0.5412155173200308
   3.5380000e+01  0.40811656832003085
   3.5400000e+01  0.19689913432003084
   3.5420000e+01  -0.03891404567996917
   3.5440000e+01  -0.27838098567996916
   3.5460000e+01  -0.5001778356799691
   3.5480000e+01  -0.6678737706799691
   3.5500000e+01  -0.8458341056799691
   3.5520000e+01  -1.005671739679969
   3.5540000e+01   -1.059589297179969
   3.5560000e+01   -1.000342384679969
   3.5580000e+01   -0.8735956096799691
   3.5600000e+01   -0.6760180206799691
   3.5620000e+01   -0.3726623706799691
   3.5640000e+01   -0.022849100679969092
   3.5660000e+01   0.2749198893200309
   3.5680000e+01   0.45722200532003093
   3.5700000e+01   0.544486485320031
   3.5720000e+01   0.6034188553200309
   3.5740000e+01   0.6517872343200309
   3.5760000e+01   0.6808449093200309
   3.5780000e+01   0.698443964420031
   3.5800000e+01  0.675169430520031
   3.5820000e+01  0.599742287520031
   3.5840000e+01  0.485585977520031
   3.5860000e+01  0.29902457352003103
   3.5880000e+01  -0.01468731647996896
   3.5900000e+01  -0.43773875647996896
   3.5920000e+01  -0.844050826479969
   3.5940000e+01  -1.116630183479969
   3.5960000e+01  -1.2526577094799691
   3.5980000e+01   -1.2434412794799692
   3.6000000e+01   -1.1079133604799691
   3.6020000e+01   -1.0163812511799692
   3.6040000e+01  -1.0753613818799692
   3.6060000e+01  -1.2321910838799692
   3.6080000e+01  -1.4379875358799692
   3.6100000e+01  -1.616592975879969
   3.6120000e+01  -1.719832296879969
   3.6140000e+01  -1.8163781388799691
   3.6160000e+01   -1.861709625879969
   3.6180000e+01   -1.820675348879969
   3.6200000e+01   -1.762331853879969
   3.6220000e+01   -1.6888892488799692
   3.6240000e+01   -1.5347088058799692
   3.6260000e+01   -1.2486769058799692
   3.6280000e+01   -0.9056952258799691
   3.6300000e+01   -0.5818073658799692
   3.6320000e+01   -0.28111850587996917
   3.6340000e+01   -0.04219090787996915
   3.6360000e+01   0.10123209012003087
   3.6380000e+01   0.17425636912003087
   3.6400000e+01   0.20845752132003087
   3.6420000e+01  0.17756544452003087
   3.6440000e+01  0.09599165552003087
   3.6460000e+01  0.005561503520030875
   3.6480000e+01  -0.10617879147996913
   3.6500000e+01   -0.16726301967996915
   3.6520000e+01  -0.16810854617996915
   3.6540000e+01  -0.19467276047996915
   3.6560000e+01  -0.23222050847996914
   3.6580000e+01   -0.21403415847996915
   3.6600000e+01   -0.08907023847996914
   3.6620000e+01   0.09413607052003084
   3.6640000e+01   0.23040285052003082
   3.6660000e+01  0.2437903525200308
   3.6680000e+01  0.13908340652003082
   3.6700000e+01  0.03589827652003082
   3.6720000e+01   0.03746019452003082
   3.6740000e+01   0.13807446352003083
   3.6760000e+01   0.29629814852003084
   3.6780000e+01   0.46645808052003085
   3.6800000e+01   0.5897687645200309
   3.6820000e+01  0.6215860995200309
   3.6840000e+01  0.5447987675200309
   3.6860000e+01  0.4029610865200309
   3.6880000e+01  0.2661010125200308
   3.6900000e+01  0.16447817452003083
   3.6920000e+01  0.10429351452003083
   3.6940000e+01   0.11622214152003082
   3.6960000e+01   0.22735506152003082
   3.6980000e+01   0.4267102875200308
   3.7000000e+01   0.6737961975200308
   3.7020000e+01   0.8773293175200308
   3.7040000e+01   0.9677647725200309
   3.7060000e+01  0.9751417268200309
   3.7080000e+01  0.9261295841200309
   3.7100000e+01  0.7949189311200309
   3.7120000e+01  0.5634281501200309
   3.7140000e+01  0.2539576901200309
   3.7160000e+01  -0.08243578987996908
   3.7180000e+01  -0.3787405498799691
   3.7200000e+01  -0.5763922108799691
   3.7220000e+01  -0.677133810879969
   3.7240000e+01   -0.6961158588799691
   3.7260000e+01   -0.6266931058799691
   3.7280000e+01   -0.46331929387996906
   3.7300000e+01   -0.24758338387996906
   3.7320000e+01   -0.08777340887996907
   3.7340000e+01  -0.038912068479969066
   3.7360000e+01  -0.08127818307996906
   3.7380000e+01  -0.22217650707996905
   3.7400000e+01  -0.47413563107996903
   3.7420000e+01  -0.781682881079969
   3.7440000e+01  -1.035058891079969
   3.7460000e+01  -1.1615238410799689
   3.7480000e+01   -1.185287923379969
   3.7500000e+01   -1.1430089676799688
   3.7520000e+01   -1.054921920679969
   3.7540000e+01   -0.9695303636799689
   3.7560000e+01  -0.938351791579969
   3.7580000e+01  -0.993724483479969
   3.7600000e+01  -1.084973227479969
   3.7620000e+01   -1.124450006709969
   3.7640000e+01   -1.058293619939969
   3.7660000e+01   -0.8656164519399691
   3.7680000e+01   -0.584235841939969
   3.7700000e+01   -0.283817071939969
   3.7720000e+01   -0.07092420593996901
   3.7740000e+01  -0.02435280593996901
   3.7760000e+01  -0.09697082493996902
   3.7780000e+01  -0.20686593793996902
   3.7800000e+01  -0.318970367939969
   3.7820000e+01  -0.438374674939969
   3.7840000e+01  -0.578894413939969
   3.7860000e+01  -0.711594260939969
   3.7880000e+01  -0.806325060939969
   3.7900000e+01  -0.849829180139969
   3.7920000e+01   -0.843470482339969
   3.7940000e+01   -0.828963971039969
   3.7960000e+01  -0.851315972739969
   3.7980000e+01  -0.9136079617399689
   3.8000000e+01  -0.9894714147399689
   3.8020000e+01  -1.053147021739969
   3.8040000e+01  -1.083820080639969
   3.8060000e+01   -1.065324612539969
   3.8080000e+01   -0.9765594125399689
   3.8100000e+01   -0.8371210765399689
   3.8120000e+01   -0.7044335045399689
   3.8140000e+01   -0.5990055065399689
   3.8160000e+01   -0.5183400425399689
   3.8180000e+01   -0.4559009765399689
   3.8200000e+01   -0.4186861628399689
   3.8220000e+01  -0.4348571051399689
   3.8240000e+01  -0.4996105031399689
   3.8260000e+01  -0.5703686901399689
   3.8280000e+01   -0.6002901059999689
   3.8300000e+01   -0.5714016998599689
   3.8320000e+01   -0.5106989208599689
   3.8340000e+01   -0.4490453008599689
   3.8360000e+01   -0.3866115528599689
   3.8380000e+01   -0.3273373808599689
   3.8400000e+01   -0.2917028677599689
   3.8420000e+01   -0.2818995515714689
   3.8440000e+01  -0.2973345204829689
   3.8460000e+01  -0.3458485754829689
   3.8480000e+01  -0.4274112844829689
   3.8500000e+01  -0.5294018994829689
   3.8520000e+01  -0.631404562482969
   3.8540000e+01  -0.7156293514829689
   3.8560000e+01  -0.773361188482969
   3.8580000e+01  -0.8131980294829689
   3.8600000e+01  -0.8480095734829689
   3.8620000e+01  -0.8713482540829689
   3.8640000e+01   -0.8679818198829689
   3.8660000e+01   -0.8407440780829688
   3.8680000e+01   -0.8037823490829688
   3.8700000e+01   -0.7639602110829687
   3.8720000e+01   -0.7233489620829687
   3.8740000e+01   -0.6744069510829688
   3.8760000e+01   -0.6029371610829688
   3.8780000e+01   -0.5124492200829688
   3.8800000e+01   -0.42672847108296874
   3.8820000e+01   -0.36140190508296877
   3.8840000e+01   -0.30551401208296874
   3.8860000e+01   -0.25021141708296873
   3.8880000e+01   -0.20728362208296874
   3.8900000e+01   -0.18503142618296875
   3.8920000e+01   -0.17318684758296876
   3.8940000e+01   -0.15557485788296876
   3.8960000e+01   -0.12736421488296876
   3.8980000e+01   -0.09950174388296876
   3.9000000e+01   -0.07979971848296875
   3.9020000e+01   -0.06255086838296875
   3.9040000e+01   -0.04592363398296875
   3.9060000e+01   -0.03398453218296875
   3.9080000e+01  -0.032779711582968746
   3.9100000e+01  -0.04225689418296875
   3.9120000e+01  -0.05325368078296874
   3.9140000e+01   -0.057133171062968745
   3.9160000e+01   -0.051989708742968745
   3.9180000e+01   -0.04120702204296874
   3.9200000e+01   -0.024382302442968743
   3.9220000e+01   0.000591168557031254
   3.9240000e+01   0.03403259755703125
   3.9260000e+01   0.07508450755703125
   3.9280000e+01   0.11884077855703125
   3.9300000e+01   0.15996962655703123
   3.9320000e+01   0.19747345555703122
   3.9340000e+01   0.22879369655703122
   3.9360000e+01   0.2515219317570312
   3.9380000e+01   0.2683902594570312
   3.9400000e+01   0.2838694563570312
   3.9420000e+01   0.2988608880570312
   3.9440000e+01   0.3092135867570312
   3.9460000e+01  0.3121034886570312
   3.9480000e+01  0.3092615344570312
   3.9500000e+01  0.3048362059570312
   3.9520000e+01  0.3012037717570312
   3.9540000e+01  0.2986013657970312
   3.9560000e+01  0.29705303702703123
   3.9580000e+01  0.2959007520970312
   3.9600000e+01  0.2942136976770312
   3.9620000e+01  0.2907091686770312
   3.9640000e+01  0.2853670336770312
   3.9660000e+01  0.2799979701770312
   3.9680000e+01  0.27501905647703123
   3.9700000e+01  0.2699368827770312
   3.9720000e+01  0.26476531857703123
   3.9740000e+01  0.25934773927703125
   3.9760000e+01  0.25394414847703123
   3.9780000e+01  0.24936363177703122
   3.9800000e+01  0.24629875237703122
   3.9820000e+01  0.24506355239703123
   3.9840000e+01   0.24553857107703123
   3.9860000e+01   0.24727396583703123
   3.9880000e+01   0.24973683173703123
   3.9900000e+01   0.25236083123703124
   3.9920000e+01   0.25496190813703123
   3.9940000e+01   0.2576644112370312
   3.9960000e+01   0.2606808626370312
   3.9980000e+01   0.26415586083703124
