   0.0000000e+00  -0.0040306148
   2.0000000e-02  -0.0192021316
   4.0000000e-02  -0.0346100466
   6.0000000e-02   -0.030207326899999998
   8.0000000e-02   0.0014640308000000019
   1.0000000e-01   0.0526269418
   1.2000000e-01   0.0924416748
   1.4000000e-01  0.09654410399999999
   1.6000000e-01  0.0637997982
   1.8000000e-01  0.01582860519999999
   2.0000000e-01  -0.026791380800000007
   2.2000000e-01  -0.07026533580000001
   2.4000000e-01  -0.10823095180000002
   2.6000000e-01   -0.11966660260000002
   2.8000000e-01   -0.09081515140000002
   3.0000000e-01   -0.016624821400000003
   3.2000000e-01   0.0756119106
   3.4000000e-01   0.1316982716
   3.6000000e-01  0.1160328916
   3.8000000e-01  0.03632756159999999
   4.0000000e-01  -0.06340778840000001
   4.2000000e-01  -0.12767277940000002
   4.4000000e-01   -0.13224124140000001
   4.6000000e-01   -0.10744967440000001
   4.8000000e-01   -0.07244770440000001
   5.0000000e-01   -0.028431278400000003
   5.2000000e-01  -0.008456685500000002
   5.4000000e-01  -0.036336010599999996
   5.6000000e-01   -0.060373785299999996
   5.8000000e-01   -0.046534954999999996
   6.0000000e-01  -0.068307859
   6.2000000e-01  -0.195838906
   6.4000000e-01  -0.351130494
   6.6000000e-01  -0.43259773500000004
   6.8000000e-01  -0.540099841
   7.0000000e-01  -0.672229537
   7.2000000e-01   -0.6396721949999999
   7.4000000e-01   -0.44898224699999995
   7.6000000e-01   -0.21220521699999992
   7.8000000e-01   0.05636120300000011
   8.0000000e-01   0.3122478930000001
   8.2000000e-01   0.4844097370000001
   8.4000000e-01   0.5919768420000001
   8.6000000e-01   0.6480514500000001
   8.8000000e-01  0.6065945650000001
   9.0000000e-01  0.4978647370000001
   9.2000000e-01  0.4335695011000001
   9.4000000e-01   0.4820012852000001
   9.6000000e-01  0.48902831520000006
   9.8000000e-01  0.27597195120000007
   1.0000000e+00  -0.11876085879999992
   1.0200000e+00  -0.5998569787999999
   1.0400000e+00  -0.9431002127999999
   1.0600000e+00   -0.9457062977999999
   1.0800000e+00   -0.6451190088
   1.1000000e+00   -0.23014121879999994
   1.1200000e+00   0.11017381120000008
   1.1400000e+00  0.22589880920000008
   1.1600000e+00  0.14097119720000006
   1.1800000e+00   0.09563858220000007
   1.2000000e+00   0.2579059672000001
   1.2200000e+00   0.6220856172000001
   1.2400000e+00   0.9670113372000002
   1.2600000e+00  1.0869498307000003
   1.2800000e+00  0.9405527942000003
   1.3000000e+00  0.5989401042000002
   1.3200000e+00  0.3266295822000002
   1.3400000e+00   0.3729183502000002
   1.3600000e+00   0.6099951702000002
   1.3800000e+00   0.7794294442000002
   1.4000000e+00  0.8122324962000002
   1.4200000e+00  0.6316434942000002
   1.4400000e+00  0.2132923342000002
   1.4600000e+00  -0.2800319157999998
   1.4800000e+00  -0.6163894397999998
   1.5000000e+00  -0.7430066647999998
   1.5200000e+00   -0.7361108497999997
   1.5400000e+00   -0.5499503837999997
   1.5600000e+00   -0.19599724379999972
   1.5800000e+00   0.1766464562000003
   1.6000000e+00   0.4632304262000003
   1.6200000e+00   0.6951761062000004
   1.6400000e+00   0.9134296962000004
   1.6600000e+00   1.0983523852000003
   1.6800000e+00   1.2282871732000002
   1.7000000e+00  1.2207190862000001
   1.7200000e+00  1.0357111902000002
   1.7400000e+00  0.7103404202000002
   1.7600000e+00  0.3829063602000002
   1.7800000e+00  0.22779905420000018
   1.8000000e+00  0.18955146620000018
   1.8200000e+00  0.12521806220000017
   1.8400000e+00  -0.016622172799999835
   1.8600000e+00  -0.20239196179999985
   1.8800000e+00  -0.3624310447999999
   1.9000000e+00  -0.4519282847999999
   1.9200000e+00   -0.4045394297999999
   1.9400000e+00   -0.20261317179999988
   1.9600000e+00   0.023617058200000124
   1.9800000e+00   0.13532014520000013
   2.0000000e+00   0.1729105172000001
   2.0200000e+00   0.2388524682000001
   2.0400000e+00   0.34504977120000013
   2.0600000e+00   0.43726066220000015
   2.0800000e+00   0.47292568560000015
   2.1000000e+00  0.43436679700000014
   2.1200000e+00  0.27386916900000013
   2.1400000e+00  0.09531427700000011
   2.1600000e+00   0.1350051350000001
   2.1800000e+00   0.40592824500000013
   2.2000000e+00   0.6882912050000002
   2.2200000e+00   0.8326704620000002
   2.2400000e+00  0.8403551450000002
   2.2600000e+00  0.7188403510000002
   2.2800000e+00  0.48073845100000023
   2.3000000e+00  0.1999044610000002
   2.3200000e+00  -0.028433903999999816
   2.3400000e+00  -0.18781642099999982
   2.3600000e+00  -0.3085298589999998
   2.3800000e+00  -0.3609265356999998
   2.4000000e+00   -0.35286916429999976
   2.4200000e+00  -0.36224222119999977
   2.4400000e+00  -0.4218600401999998
   2.4600000e+00  -0.4856333201999998
   2.4800000e+00   -0.4792733361999998
   2.5000000e+00   -0.4237150441999998
   2.5200000e+00  -0.45315933219999976
   2.5400000e+00  -0.6728802881999998
   2.5600000e+00  -1.1255401282
   2.5800000e+00  -1.8178212382
   2.6000000e+00  -2.6845657682
   2.6200000e+00  -3.6358665182000003
   2.6400000e+00  -4.6354998082000005
   2.6600000e+00  -5.7425029682
   2.6800000e+00  -7.009350228200001
   2.7000000e+00  -8.404169918200001
   2.7200000e+00  -9.8621320382
   2.7400000e+00  -11.2659194982
   2.7600000e+00  -12.411327768200001
   2.7800000e+00  -13.0352485982
   2.8000000e+00   -13.0168869182
   2.8200000e+00   -12.315387628200002
   2.8400000e+00   -10.969297458200002
   2.8600000e+00   -9.142011018200002
   2.8800000e+00   -6.906775818200002
   2.9000000e+00   -4.323944418200002
   2.9200000e+00   -1.4374495182000016
   2.9400000e+00   1.7345084817999985
   2.9600000e+00   5.114337781799999
   2.9800000e+00   8.5611113818
   3.0000000e+00   11.9068824818
   3.0200000e+00   14.9841334818
   3.0400000e+00   17.4573593818
   3.0600000e+00   18.9159332418
   3.0800000e+00  19.2712538348
   3.1000000e+00  18.6478752978
   3.1200000e+00  17.085297827799998
   3.1400000e+00  14.632997627799998
   3.1600000e+00  11.450973427799997
   3.1800000e+00  7.764728727799998
   3.2000000e+00  3.821546327799998
   3.2200000e+00  -0.20054707220000223
   3.2400000e+00  -3.837764772200002
   3.2600000e+00  -6.079912662200002
   3.2800000e+00   -6.442078062200002
   3.3000000e+00   -5.441754512200002
   3.3200000e+00   -3.733229732200002
   3.3400000e+00   -1.875513132200002
   3.3600000e+00   -0.407661702200002
   3.3800000e+00   0.389592837799998
   3.4000000e+00   0.608257929049998
   3.4200000e+00   0.612355713899998
   3.4400000e+00   0.8037808074999979
   3.4600000e+00   1.399129387499998
   3.4800000e+00   2.240986627499998
   3.5000000e+00   2.916573137499998
   3.5200000e+00  3.105809875499998
   3.5400000e+00  2.836561253499998
   3.5600000e+00  2.311280553499998
   3.5800000e+00  1.7178837934999978
   3.6000000e+00  1.2035470034999978
   3.6200000e+00  0.7016930434999978
   3.6400000e+00  0.16026823349999775
   3.6600000e+00  -0.38465961650000224
   3.6800000e+00  -0.8955668965000022
   3.7000000e+00  -1.2396581165000022
   3.7200000e+00  -1.4233237815000022
   3.7400000e+00  -1.550238065500002
   3.7600000e+00  -1.6327830845000022
   3.7800000e+00   -1.6209997675000023
   3.8000000e+00   -1.3825877705000023
   3.8200000e+00   -0.8464582305000022
   3.8400000e+00   -0.19351368050000228
   3.8600000e+00   0.24760337949999772
   3.8800000e+00  0.34175452749999774
   3.9000000e+00  0.18238500549999773
   3.9200000e+00  -0.042959074500002276
   3.9400000e+00   -0.14165629369000227
   3.9600000e+00   -0.10238083188000227
   3.9800000e+00  -0.09584369788000227
   4.0000000e+00  -0.3209316648800023
   4.0200000e+00  -0.8821913748800023
   4.0400000e+00  -1.6347473548800022
   4.0600000e+00  -2.213071704880002
   4.0800000e+00   -2.349647415880002
   4.1000000e+00   -2.069628466880002
   4.1200000e+00   -1.608282156880002
   4.1400000e+00   -1.180434336880002
   4.1600000e+00   -0.8351616068800021
   4.1800000e+00   -0.5336021668800021
   4.2000000e+00   -0.24561935688000203
   4.2200000e+00   -0.04698061188000202
   4.2400000e+00  -0.13014649688000204
   4.2600000e+00  -0.6289446468800022
   4.2800000e+00  -1.488445496880002
   4.3000000e+00  -2.495912776880002
   4.3200000e+00  -3.3719577868800017
   4.3400000e+00  -3.8499663968800015
   4.3600000e+00   -3.7902221168800017
   4.3800000e+00   -3.2490822668800017
   4.4000000e+00   -2.4033331468800014
   4.4200000e+00   -1.4276222468800013
   4.4400000e+00   -0.42282153688000124
   4.4600000e+00   0.5633000131199988
   4.4800000e+00   1.493559783119999
   4.5000000e+00   2.372960613119999
   4.5200000e+00   3.204816233119999
   4.5400000e+00   3.923562903119999
   4.5600000e+00   4.356669833119999
   4.5800000e+00  4.375066351119999
   4.6000000e+00  3.9982170791199994
   4.6200000e+00  3.2745424391199993
   4.6400000e+00  2.276470669119999
   4.6600000e+00  1.0895015591199992
   4.6800000e+00  -0.18549371088000077
   4.7000000e+00  -1.435921850880001
   4.7200000e+00  -2.554240710880001
   4.7400000e+00  -3.508677140880001
   4.7600000e+00  -4.372265950880001
   4.7800000e+00  -5.222791270880001
   4.8000000e+00  -6.101523360880001
   4.8200000e+00  -6.9602428108800005
   4.8400000e+00  -7.667736840880001
   4.8600000e+00  -8.06388507988
   4.8800000e+00   -8.020780268880001
   4.9000000e+00   -7.533842388880001
   4.9200000e+00   -6.742158928880001
   4.9400000e+00   -5.818455528880001
   4.9600000e+00   -4.8859351688800015
   4.9800000e+00   -4.023279358880002
   5.0000000e+00   -3.204643828880002
   5.0200000e+00   -2.315748048880002
   5.0400000e+00   -1.237720718880002
   5.0600000e+00   0.06953089111999833
   5.0800000e+00   1.4958760511199984
   5.1000000e+00   2.8883492011199987
   5.1200000e+00   4.160555371119999
   5.1400000e+00   5.240277321119999
   5.1600000e+00   6.0863972411199985
   5.1800000e+00   6.712616981119998
   5.2000000e+00   7.133499181119999
   5.2200000e+00   7.372548255119999
   5.2400000e+00  7.418371863119999
   5.2600000e+00  7.241733057119999
   5.2800000e+00  6.93277036712
   5.3000000e+00  6.59637335712
   5.3200000e+00  6.27097585712
   5.3400000e+00  5.98970377712
   5.3600000e+00  5.72475682712
   5.3800000e+00  5.41912112712
   5.4000000e+00  5.02935388712
   5.4200000e+00  4.5179671071200005
   5.4400000e+00  3.8662093271200004
   5.4600000e+00  3.09994741712
   5.4800000e+00  2.25747303712
   5.5000000e+00  1.36659209712
   5.5200000e+00  0.47284340712000017
   5.5400000e+00  -0.37642527287999983
   5.5600000e+00  -1.1186783628799999
   5.5800000e+00  -1.7066525828799999
   5.6000000e+00  -2.1492293928799997
   5.6200000e+00  -2.46243005288
   5.6400000e+00  -2.6545052558799997
   5.6600000e+00  -2.7673928808799997
   5.6800000e+00  -2.8481780898799998
   5.7000000e+00  -2.8994637658799998
   5.7200000e+00   -2.90038518188
   5.7400000e+00   -2.83831798188
   5.7600000e+00   -2.70116775788
   5.7800000e+00   -2.47440190088
   5.8000000e+00   -2.1429353508799998
   5.8200000e+00   -1.7082682208799997
   5.8400000e+00   -1.2166169708799996
   5.8600000e+00   -0.7386374708799996
   5.8800000e+00   -0.3223706208799997
   5.9000000e+00   0.011872359120000342
   5.9200000e+00   0.22578614212000034
   5.9400000e+00   0.3178930241200003
   5.9600000e+00   0.3591705761200003
   5.9800000e+00   0.4133899321200003
   6.0000000e+00   0.4796669901200003
   6.0200000e+00   0.5185011098200003
   6.0400000e+00  0.5052309625200003
   6.0600000e+00  0.4117256425200003
   6.0800000e+00  0.23985394452000033
   6.1000000e+00  0.029181154520000335
   6.1200000e+00  -0.15730576147999967
   6.1400000e+00  -0.29004464847999967
   6.1600000e+00  -0.40131841747999963
   6.1800000e+00  -0.5088052084799997
   6.2000000e+00  -0.6128166034799997
   6.2200000e+00  -0.6943652234799996
   6.2400000e+00   -0.6860809044799996
   6.2600000e+00   -0.5402720474799996
   6.2800000e+00   -0.3016369374799996
   6.3000000e+00   -0.00387553747999958
   6.3200000e+00   0.32251959252000045
   6.3400000e+00   0.6129992125200004
   6.3600000e+00   0.8146386935200004
   6.3800000e+00   0.9037318005200004
   6.4000000e+00  0.9174260507200004
   6.4200000e+00  0.8743398529200004
   6.4400000e+00  0.7602752679200004
   6.4600000e+00  0.5728601649200005
   6.4800000e+00  0.3108266849200005
   6.5000000e+00  -0.007775795079999481
   6.5200000e+00  -0.3508209950799995
   6.5400000e+00  -0.6731182850799995
   6.5600000e+00  -0.9246688450799996
   6.5800000e+00  -1.0842359140799995
   6.6000000e+00  -1.1578659020799995
   6.6200000e+00  -1.1849475153799995
   6.6400000e+00  -1.2040722390799996
   6.6600000e+00  -1.2259004304799996
   6.6800000e+00  -1.2466906083799996
   6.7000000e+00   -1.2222100122799995
   6.7200000e+00   -1.1173747952799995
   6.7400000e+00   -0.9376239302799995
   6.7600000e+00   -0.7067266902799995
   6.7800000e+00   -0.47893263027999944
   6.8000000e+00   -0.30545100927999946
   6.8200000e+00   -0.19018168827999948
   6.8400000e+00   -0.11276667327999948
   6.8600000e+00   -0.06979694227999948
   6.8800000e+00  -0.07162249827999949
   6.9000000e+00  -0.1213952742799995
   6.9200000e+00  -0.21765980427999948
   6.9400000e+00  -0.35829224627999945
   6.9600000e+00  -0.5199660392799994
   6.9800000e+00  -0.6833230892799994
   7.0000000e+00  -0.8402801782799993
   7.0200000e+00  -0.9854155032799994
   7.0400000e+00  -1.1340034312799994
   7.0600000e+00  -1.3007264282799993
   7.0800000e+00  -1.4734602032799993
   7.1000000e+00  -1.6283585442799993
   7.1200000e+00  -1.7463309392799993
   7.1400000e+00  -1.8045821772799993
   7.1600000e+00   -1.7916030642799992
   7.1800000e+00   -1.7235527632799992
   7.2000000e+00   -1.6054259142799991
   7.2200000e+00   -1.432892621279999
   7.2400000e+00   -1.222678746279999
   7.2600000e+00   -0.9930411262799991
   7.2800000e+00   -0.7829176882799991
   7.3000000e+00   -0.6221550842799991
   7.3200000e+00   -0.503168951279999
   7.3400000e+00   -0.40225160027999907
   7.3600000e+00   -0.2863093092799991
   7.3800000e+00   -0.1637865192799991
   7.4000000e+00   -0.0677224872799991
   7.4200000e+00   -0.007311711279999106
   7.4400000e+00   0.02363686542000089
   7.4600000e+00   0.042172835520000895
   7.4800000e+00   0.0626960659200009
   7.5000000e+00   0.1025559749200009
   7.5200000e+00   0.1769624059200009
   7.5400000e+00   0.2779961969200009
   7.5600000e+00   0.3920254489200009
   7.5800000e+00   0.5088293199200009
   7.6000000e+00   0.623405895920001
   7.6200000e+00   0.735897649920001
   7.6400000e+00   0.843991185920001
   7.6600000e+00   0.9390135549200009
   7.6800000e+00   1.011681609920001
   7.7000000e+00   1.067012187920001
   7.7200000e+00   1.114134510920001
   7.7400000e+00   1.138515503720001
   7.7600000e+00  1.135485103120001
   7.7800000e+00  1.1158802367200011
   7.8000000e+00  1.044226191720001
   7.8200000e+00  0.8907810317200011
   7.8400000e+00  0.714084399720001
   7.8600000e+00  0.5698404717200011
   7.8800000e+00  0.4760051537200011
   7.9000000e+00  0.4135589447200011
   7.9200000e+00  0.3438793977200011
   7.9400000e+00  0.2815304917200011
   7.9600000e+00  0.2549415295200011
   7.9800000e+00   0.3092715913200011
   8.0000000e+00   0.4617119313200011
   8.0200000e+00   0.7076973323200011
   8.0400000e+00   1.026915162320001
   8.0600000e+00   1.362606122320001
   8.0800000e+00   1.664544282320001
   8.1000000e+00   1.9013903123200009
   8.1200000e+00   2.078879325320001
   8.1400000e+00   2.194815718320001
   8.1600000e+00  2.233167140420001
   8.1800000e+00  2.203317426520001
   8.2000000e+00  2.1375475395200008
   8.2200000e+00  2.065734488520001
   8.2400000e+00  2.001705019520001
   8.2600000e+00  1.961825704520001
   8.2800000e+00   1.953198639120001
   8.3000000e+00  1.943378953720001
   8.3200000e+00  1.882769585720001
   8.3400000e+00  1.7188028837200011
   8.3600000e+00  1.433850543720001
   8.3800000e+00  1.0445535937200012
   8.4000000e+00  0.5848450437200012
   8.4200000e+00  0.1108579237200012
   8.4400000e+00  -0.31750971627999885
   8.4600000e+00  -0.6803836662799989
   8.4800000e+00  -0.992638786279999
   8.5000000e+00  -1.267612786279999
   8.5200000e+00  -1.504964636279999
   8.5400000e+00  -1.680333199279999
   8.5600000e+00  -1.780499302279999
   8.5800000e+00   -1.796568058279999
   8.6000000e+00   -1.734824788279999
   8.6200000e+00   -1.632357043279999
   8.6400000e+00   -1.525446117279999
   8.6600000e+00   -1.422623892279999
   8.6800000e+00   -1.322565875279999
   8.7000000e+00   -1.217163585279999
   8.7200000e+00   -1.076102616279999
   8.7400000e+00   -0.8829820582799989
   8.7600000e+00   -0.6754909222799989
   8.7800000e+00   -0.5130038612799989
   8.8000000e+00   -0.43408120427999886
   8.8200000e+00  -0.43520778527999887
   8.8400000e+00   -0.44783597477999887
   8.8600000e+00   -0.37813471327999887
   8.8800000e+00   -0.17010955527999885
   8.9000000e+00   0.1426993547200012
   8.9200000e+00   0.4739652647200012
   8.9400000e+00   0.7440114547200012
   8.9600000e+00   0.9052229157200011
   8.9800000e+00   0.9766747267200011
   9.0000000e+00   1.000160716320001
   9.0200000e+00  0.9982744304200011
   9.0400000e+00  0.9842252037200011
   9.0600000e+00  0.9411992845200011
   9.0800000e+00  0.8478263825200011
   9.1000000e+00  0.695442311520001
   9.1200000e+00  0.481326254520001
   9.1400000e+00  0.232566584520001
   9.1600000e+00  -0.029512195479999004
   9.1800000e+00  -0.278377755479999
   9.2000000e+00  -0.48845199547999896
   9.2200000e+00  -0.6574219044799989
   9.2400000e+00  -0.781156331479999
   9.2600000e+00  -0.864496952479999
   9.2800000e+00  -0.9092034624799991
   9.3000000e+00   -0.912405232179999
   9.3200000e+00   -0.868737425879999
   9.3400000e+00   -0.7829099298799991
   9.3600000e+00   -0.6762055488799991
   9.3800000e+00   -0.5617219478799991
   9.4000000e+00   -0.4473475398799991
   9.4200000e+00   -0.33057196587999904
   9.4400000e+00   -0.18990929987999902
   9.4600000e+00   -0.027141178879999006
   9.4800000e+00   0.142595736120001
   9.5000000e+00   0.30727461712000104
   9.5200000e+00   0.45065112712000105
   9.5400000e+00   0.575967455120001
   9.5600000e+00   0.682717227120001
   9.5800000e+00   0.773153659120001
   9.6000000e+00   0.860116931120001
   9.6200000e+00   0.928677553120001
   9.6400000e+00  0.948513973720001
   9.6600000e+00  0.908296174320001
   9.6800000e+00  0.813691836320001
   9.7000000e+00  0.665128973320001
   9.7200000e+00  0.46701683032000096
   9.7400000e+00  0.22374524032000095
   9.7600000e+00  -0.056627939679999045
   9.7800000e+00  -0.324016229679999
   9.8000000e+00  -0.547768349679999
   9.8200000e+00  -0.723986349679999
   9.8400000e+00  -0.853604762679999
   9.8600000e+00  -0.9347825036799989
   9.8800000e+00  -0.966777993779999
   9.9000000e+00  -0.9874312718799989
   9.9200000e+00  -1.001763585579999
   9.9400000e+00  -1.0080924473799988
   9.9600000e+00  -1.0217171466799988
   9.9800000e+00  -1.0403195648799988
   1.0000000e+01   -1.0487910800799987
   1.0020000e+01   -1.0279447992799986
   1.0040000e+01   -0.9712476962799986
   1.0060000e+01   -0.8837257672799986
   1.0080000e+01   -0.7944981432799987
   1.0100000e+01   -0.7329987232799987
   1.0120000e+01   -0.7081565330799987
   1.0140000e+01  -0.7154680918799987
   1.0160000e+01  -0.7493404358799987
   1.0180000e+01  -0.8019925258799987
   1.0200000e+01  -0.8553184068799987
   1.0220000e+01  -0.8894417625799987
   1.0240000e+01  -0.9024022231799987
   1.0260000e+01  -0.9100260196799987
   1.0280000e+01   -0.9040921162799987
   1.0300000e+01   -0.8681765902799987
   1.0320000e+01   -0.8204540542799987
   1.0340000e+01   -0.7589142932799987
   1.0360000e+01   -0.6747289022799987
   1.0380000e+01   -0.5823334332799988
   1.0400000e+01   -0.49140051827999875
   1.0420000e+01   -0.40483628527999876
   1.0440000e+01   -0.3172627422799988
   1.0460000e+01   -0.2369215162799988
   1.0480000e+01   -0.1792396522799988
   1.0500000e+01   -0.1534131857799988
   1.0520000e+01   -0.1487468011899988
   1.0540000e+01  -0.1530648182999988
   1.0560000e+01   -0.1540928035999988
   1.0580000e+01   -0.1451669631999988
   1.0600000e+01   -0.1298869446999988
   1.0620000e+01   -0.10964419679999882
   1.0640000e+01   -0.07744245889999882
   1.0660000e+01   -0.004197808899998809
   1.0680000e+01   0.13613008910000118
   1.0700000e+01   0.3623281231000012
   1.0720000e+01   0.6385559131000011
   1.0740000e+01   0.9078227731000011
   1.0760000e+01   1.1453007331000011
   1.0780000e+01   1.343934590100001
   1.0800000e+01   1.505833753100001
   1.0820000e+01   1.637705460100001
   1.0840000e+01   1.7579135761000009
   1.0860000e+01   1.875429341100001
   1.0880000e+01   2.007632288100001
   1.0900000e+01   2.1638288491000006
   1.0920000e+01   2.3328890121000008
   1.0940000e+01   2.4817519581000007
   1.0960000e+01   2.572955339100001
   1.0980000e+01  2.590959522100001
   1.1000000e+01  2.526975149100001
   1.1020000e+01  2.391428709100001
   1.1040000e+01  2.197734841100001
   1.1060000e+01  1.9639260511000007
   1.1080000e+01  1.7054734611000009
   1.1100000e+01  1.4220845511000009
   1.1120000e+01  1.117519541100001
   1.1140000e+01  0.7929626411000009
   1.1160000e+01  0.45892951110000096
   1.1180000e+01  0.13902542110000093
   1.1200000e+01  -0.1519215588999991
   1.1220000e+01  -0.4048621888999991
   1.1240000e+01  -0.6152020718999991
   1.1260000e+01  -0.796681397899999
   1.1280000e+01  -0.961229865899999
   1.1300000e+01  -1.0848797228999991
   1.1320000e+01  -1.1443462358999992
   1.1340000e+01   -1.1531460019999993
   1.1360000e+01   -1.1387168195999993
   1.1380000e+01  -1.1304866714999993
   1.1400000e+01  -1.1386076115999992
   1.1420000e+01  -1.1640881572999993
   1.1440000e+01  -1.2167908412999993
   1.1460000e+01  -1.2863824512999993
   1.1480000e+01  -1.3507012132999994
   1.1500000e+01  -1.4005456422999993
   1.1520000e+01  -1.4366344642999993
   1.1540000e+01   -1.4476034520999994
   1.1560000e+01   -1.4371917532999994
   1.1580000e+01   -1.4270032344999994
   1.1600000e+01   -1.4190577640999995
   1.1620000e+01   -1.4095155597999995
   1.1640000e+01   -1.3900773626999996
   1.1660000e+01   -1.3484656126999996
   1.1680000e+01   -1.2887230496999997
   1.1700000e+01   -1.2275928996999996
   1.1720000e+01   -1.1641323166999997
   1.1740000e+01   -1.0979266736999997
   1.1760000e+01   -1.0314618206999997
   1.1780000e+01   -0.9480344336999997
   1.1800000e+01   -0.8380064206999998
   1.1820000e+01   -0.7055075286999998
   1.1840000e+01   -0.5609759576999997
   1.1860000e+01   -0.41038179669999975
   1.1880000e+01   -0.23800725869999972
   1.1900000e+01   -0.031041063699999705
   1.1920000e+01   0.19393168630000032
   1.1940000e+01   0.4145355963000003
   1.1960000e+01   0.6167785633000002
   1.1980000e+01   0.7900626573000002
   1.2000000e+01   0.9262428893000003
   1.2020000e+01   1.0258159203000004
   1.2040000e+01   1.0876908823000004
   1.2060000e+01   1.1091610292000005
   1.2080000e+01  1.0984107921000006
   1.2100000e+01  1.0540346321000005
   1.2120000e+01  0.9751018761000005
   1.2140000e+01  0.8603296021000005
   1.2160000e+01  0.7158047751000005
   1.2180000e+01  0.5633564731000005
   1.2200000e+01  0.4206449181000005
   1.2220000e+01  0.3067557911000005
   1.2240000e+01  0.2299020851000005
   1.2260000e+01  0.1824583041000005
   1.2280000e+01  0.1422849861000005
   1.2300000e+01  0.0892815391000005
   1.2320000e+01  0.0340191711000005
   1.2340000e+01  -0.0096520778999995
   1.2360000e+01  -0.0367295306999995
   1.2380000e+01   -0.0347335864999995
   1.2400000e+01   -0.009724175499999498
   1.2420000e+01   0.0349165545000005
   1.2440000e+01   0.0909054105000005
   1.2460000e+01   0.1393744225000005
   1.2480000e+01   0.17830904250000051
   1.2500000e+01   0.20161052610000052
   1.2520000e+01  0.20608262650000053
   1.2540000e+01  0.18614471930000054
   1.2560000e+01  0.13331325130000055
   1.2580000e+01  0.049350051300000544
   1.2600000e+01  -0.04324525669999946
   1.2620000e+01  -0.13044568269999945
   1.2640000e+01  -0.21526170769999947
   1.2660000e+01  -0.2962204286999995
   1.2680000e+01  -0.37866320969999945
   1.2700000e+01  -0.46701771969999945
   1.2720000e+01  -0.5552165166999995
   1.2740000e+01  -0.6261213866999995
   1.2760000e+01  -0.6571773889999996
   1.2780000e+01   -0.6412304872999995
   1.2800000e+01   -0.6037183722999996
   1.2820000e+01   -0.5421626122999996
   1.2840000e+01   -0.4479383952999996
   1.2860000e+01   -0.34005439729999964
   1.2880000e+01   -0.21598937929999962
   1.2900000e+01   -0.08925696429999963
   1.2920000e+01   0.034205497700000365
   1.2940000e+01   0.15382070270000037
   1.2960000e+01   0.25054630170000036
   1.2980000e+01   0.3227674767000004
   1.3000000e+01   0.3802787147000004
   1.3020000e+01   0.4154430029000004
   1.3040000e+01  0.4211815277000004
   1.3060000e+01   0.4212432537000004
   1.3080000e+01  0.4227088907000004
   1.3100000e+01  0.4208455291500004
   1.3120000e+01  0.4013188100000004
   1.3140000e+01  0.3575229090000004
   1.3160000e+01  0.30351041700000037
   1.3180000e+01  0.23729012400000038
   1.3200000e+01  0.15675596400000036
   1.3220000e+01  0.08341753900000036
   1.3240000e+01  0.036694346000000364
   1.3260000e+01  0.016527023200000362
   1.3280000e+01   0.022060626100000362
   1.3300000e+01   0.03114335024000036
   1.3320000e+01   0.04681191568000036
   1.3340000e+01   0.08730445668000036
   1.3360000e+01   0.1349890546800004
   1.3380000e+01   0.1872884866800004
   1.3400000e+01   0.2532194446800004
   1.3420000e+01   0.3346542806800004
   1.3440000e+01   0.42107718468000044
   1.3460000e+01   0.47814497668000044
   1.3480000e+01  0.49066602988000046
   1.3500000e+01  0.47715295608000047
   1.3520000e+01  0.44818707008000047
   1.3540000e+01  0.40850672708000046
   1.3560000e+01  0.37466732708000045
   1.3580000e+01  0.35804255508000044
   1.3600000e+01   0.35480580187000044
   1.3620000e+01   0.35717130096000044
   1.3640000e+01   0.36019595036000046
   1.3660000e+01   0.36325885576000044
   1.3680000e+01   0.3669268869600004
   1.3700000e+01   0.3709716920600004
   1.3720000e+01   0.3769796703600004
   1.3740000e+01   0.3877432257600004
   1.3760000e+01   0.4072773330600004
   1.3780000e+01   0.4307806900600004
   1.3800000e+01  0.43904519766000044
   1.3820000e+01  0.42913121406000043
   1.3840000e+01  0.40698861886000043
   1.3860000e+01  0.3573634058600004
   1.3880000e+01  0.27636751486000044
   1.3900000e+01  0.17422159586000044
   1.3920000e+01  0.04579602886000045
   1.3940000e+01  -0.11444967713999957
   1.3960000e+01  -0.2994369331399996
   1.3980000e+01  -0.4861934981399996
   1.4000000e+01  -0.6440180451399996
   1.4020000e+01  -0.7727895891399996
   1.4040000e+01  -0.8884259811399996
   1.4060000e+01  -0.9863607771399996
   1.4080000e+01  -1.0693336651399996
   1.4100000e+01  -1.1373958951399996
   1.4120000e+01  -1.1831531891399996
   1.4140000e+01   -1.1946833076399996
   1.4160000e+01   -1.1628371711399996
   1.4180000e+01   -1.1094820301399997
   1.4200000e+01   -1.0384937571399997
   1.4220000e+01   -0.9520949191399997
   1.4240000e+01   -0.8637710621399997
   1.4260000e+01   -0.7734449841399996
   1.4280000e+01   -0.6742700031399996
   1.4300000e+01   -0.5615988531399996
   1.4320000e+01   -0.4301206801399996
   1.4340000e+01   -0.2678887061399996
   1.4360000e+01   -0.09173499013999956
   1.4380000e+01   0.07824342986000044
   1.4400000e+01   0.23777884286000042
   1.4420000e+01   0.39102018486000045
   1.4440000e+01   0.5352941548600004
   1.4460000e+01   0.6526358658600004
   1.4480000e+01   0.7406550278600005
   1.4500000e+01   0.7973815248600005
   1.4520000e+01   0.8311949098600004
   1.4540000e+01  0.8435223998600004
   1.4560000e+01  0.8374256968600005
   1.4580000e+01  0.8308380763600005
   1.4600000e+01  0.8141539738600005
   1.4620000e+01  0.7862913988600005
   1.4640000e+01  0.7432082418600006
   1.4660000e+01  0.6924135398600005
   1.4680000e+01  0.6524015938600005
   1.4700000e+01  0.6231666548600006
   1.4720000e+01  0.5859848908600006
   1.4740000e+01  0.5269996988600006
   1.4760000e+01  0.46360704686000065
   1.4780000e+01  0.4020336868600006
   1.4800000e+01  0.3426706378600006
   1.4820000e+01  0.2849839198600006
   1.4840000e+01  0.23451781686000062
   1.4860000e+01  0.1921826558600006
   1.4880000e+01  0.1461739238600006
   1.4900000e+01  0.09499921586000061
   1.4920000e+01  0.040446149860000606
   1.4940000e+01  -0.020504966139999393
   1.4960000e+01  -0.09627554213999939
   1.4980000e+01  -0.1817298721399994
   1.5000000e+01  -0.2558086791399994
   1.5020000e+01  -0.32149712613999937
   1.5040000e+01  -0.37507438913999935
   1.5060000e+01  -0.4146017841399994
   1.5080000e+01  -0.4439703107399994
   1.5100000e+01   -0.4491176194399994
   1.5120000e+01   -0.4410401762399994
   1.5140000e+01   -0.42154828993999943
   1.5160000e+01   -0.3836848239399994
   1.5180000e+01   -0.3170060029399994
   1.5200000e+01   -0.21719314893999941
   1.5220000e+01   -0.1032685379399994
   1.5240000e+01   0.012561586060000615
   1.5260000e+01   0.11935689306000062
   1.5280000e+01   0.21895371806000063
   1.5300000e+01   0.30557774106000063
   1.5320000e+01   0.3591360000600006
   1.5340000e+01   0.39371893006000064
   1.5360000e+01  0.40219304446000065
   1.5380000e+01  0.3644705708600007
   1.5400000e+01  0.3017017508600007
   1.5420000e+01  0.23675438586000067
   1.5440000e+01  0.18769365586000067
   1.5460000e+01  0.15471382586000065
   1.5480000e+01  0.12888449686000064
   1.5500000e+01  0.10198347886000064
   1.5520000e+01  0.06107381386000064
   1.5540000e+01  0.010168491860000635
   1.5560000e+01  -0.03502859413999936
   1.5580000e+01  -0.06064731523999936
   1.5600000e+01  -0.06902842893999936
   1.5620000e+01   -0.06771547473999937
   1.5640000e+01   -0.06232589273999937
   1.5660000e+01  -0.06161151443999937
   1.5680000e+01  -0.06396469370999937
   1.5700000e+01  -0.06707957117999937
   1.5720000e+01  -0.07088646267999937
   1.5740000e+01  -0.07453616267999938
   1.5760000e+01  -0.07801854217999937
   1.5780000e+01  -0.08087354107999938
   1.5800000e+01  -0.08696955227999938
   1.5820000e+01  -0.10095833647999938
   1.5840000e+01  -0.12185793947999939
   1.5860000e+01  -0.16030540447999939
   1.5880000e+01  -0.21110474747999938
   1.5900000e+01  -0.2610908674799994
   1.5920000e+01  -0.30304487347999937
   1.5940000e+01   -0.3167574546799994
   1.5960000e+01  -0.3161917072799994
   1.5980000e+01   -0.3121002368799994
   1.6000000e+01   -0.29792728417999936
   1.6020000e+01   -0.27545032727999935
   1.6040000e+01   -0.24358760127999934
   1.6060000e+01   -0.20593672927999934
   1.6080000e+01   -0.17239342527999935
   1.6100000e+01  -0.16067312957999935
   1.6120000e+01   -0.16243288569999936
   1.6140000e+01   -0.16069637251999935
   1.6160000e+01   -0.15579197001999937
   1.6180000e+01   -0.14741717631999937
   1.6200000e+01   -0.12360146611999936
   1.6220000e+01   -0.07513496311999937
   1.6240000e+01   -0.02063435611999937
   1.6260000e+01   0.030849181880000638
   1.6280000e+01   0.07872289388000064
   1.6300000e+01   0.10498039578000064
   1.6320000e+01  0.10536739108000064
   1.6340000e+01   0.10746975118000064
   1.6360000e+01   0.11450553884000064
   1.6380000e+01  0.11439334236000065
   1.6400000e+01   0.12416779292000064
   1.6420000e+01   0.14884055692000064
   1.6440000e+01   0.17484298092000064
   1.6460000e+01  0.18136275392000065
   1.6480000e+01  0.16321442892000065
   1.6500000e+01  0.12060107092000066
   1.6520000e+01  0.05875637692000067
   1.6540000e+01  -0.004706058079999326
   1.6560000e+01  -0.06829128107999934
   1.6580000e+01  -0.12770548007999932
   1.6600000e+01  -0.17995014207999932
   1.6620000e+01  -0.22183428007999934
   1.6640000e+01  -0.23968446637999935
   1.6660000e+01  -0.24563583827999935
   1.6680000e+01  -0.2636968118799994
   1.6700000e+01  -0.2874609378799994
   1.6720000e+01  -0.30928566687999937
   1.6740000e+01  -0.32983244277999935
   1.6760000e+01  -0.35265446167999936
   1.6780000e+01  -0.37245112047999934
   1.6800000e+01  -0.37872016040999934
   1.6820000e+01  -0.38001283343999936
   1.6840000e+01   -0.37607538593999934
   1.6860000e+01   -0.3691853146399993
   1.6880000e+01   -0.3643547664399993
   1.6900000e+01   -0.3583076895399993
   1.6920000e+01   -0.3306555669399993
   1.6940000e+01   -0.25827817293999933
   1.6960000e+01   -0.15856840093999933
   1.6980000e+01   -0.05715707293999932
   1.7000000e+01   0.04725172606000069
   1.7020000e+01   0.16393686706000068
   1.7040000e+01   0.2926331890600007
   1.7060000e+01   0.4200039480600007
   1.7080000e+01   0.5291785180600007
   1.7100000e+01   0.6218408720600007
   1.7120000e+01   0.7021316250600007
   1.7140000e+01   0.7689797000600007
   1.7160000e+01   0.8055830483600007
   1.7180000e+01  0.7981620226600007
   1.7200000e+01  0.7680344236600007
   1.7220000e+01  0.7354675476600008
   1.7240000e+01  0.7166810847600008
   1.7260000e+01   0.7228716691600008
   1.7280000e+01   0.7404179694600008
   1.7300000e+01   0.7513533087600008
   1.7320000e+01  0.7399504300600008
   1.7340000e+01  0.7146474810600009
   1.7360000e+01  0.6957802164600009
   1.7380000e+01   0.6885467708500008
   1.7400000e+01   0.6951907208400008
   1.7420000e+01   0.7074187582400008
   1.7440000e+01   0.7171058222400007
   1.7460000e+01  0.6996062208400008
   1.7480000e+01  0.6376235068400008
   1.7500000e+01  0.5504806058400008
   1.7520000e+01  0.4603090738400008
   1.7540000e+01  0.3642524768400008
   1.7560000e+01  0.25573978684000076
   1.7580000e+01  0.15711693884000075
   1.7600000e+01  0.07774697384000075
   1.7620000e+01  0.008469761840000742
   1.7640000e+01  -0.053590861159999253
   1.7660000e+01  -0.11023793415999925
   1.7680000e+01  -0.14988057415999925
   1.7700000e+01  -0.17007931265999926
   1.7720000e+01   -0.16926899675999926
   1.7740000e+01   -0.14471868335999927
   1.7760000e+01   -0.12546595725999926
   1.7780000e+01  -0.12285599852999926
   1.7800000e+01  -0.14245871289999926
   1.7820000e+01  -0.19730368289999925
   1.7840000e+01  -0.26208308289999926
   1.7860000e+01  -0.32400845389999927
   1.7880000e+01  -0.3901593698999993
   1.7900000e+01  -0.4533911648999993
   1.7920000e+01  -0.5134039858999994
   1.7940000e+01  -0.5533713298999994
   1.7960000e+01   -0.5574514532999993
   1.7980000e+01   -0.5317941426999994
   1.8000000e+01   -0.5022070062999994
   1.8020000e+01  -0.5044484488999994
   1.8040000e+01  -0.5496612868999994
   1.8060000e+01  -0.6359156348999994
   1.8080000e+01  -0.7387441918999993
   1.8100000e+01  -0.8016954108999993
   1.8120000e+01   -0.7899542338999993
   1.8140000e+01   -0.7191161088999993
   1.8160000e+01   -0.6033708288999993
   1.8180000e+01   -0.4655129558999993
   1.8200000e+01   -0.3366960208999993
   1.8220000e+01   -0.2275782708999993
   1.8240000e+01   -0.17070996609999928
   1.8260000e+01  -0.19417813329999928
   1.8280000e+01  -0.28026283829999926
   1.8300000e+01  -0.37218040729999924
   1.8320000e+01  -0.41541628399999925
   1.8340000e+01   -0.3828641236999992
   1.8360000e+01   -0.29510289969999925
   1.8380000e+01   -0.21750109269999926
   1.8400000e+01   -0.18462965459999925
   1.8420000e+01  -0.18690025099999924
   1.8440000e+01   -0.18927930289999925
   1.8460000e+01   -0.17132109629999925
   1.8480000e+01   -0.12808111329999927
   1.8500000e+01   -0.07386082429999927
   1.8520000e+01   -0.041636590999999265
   1.8540000e+01  -0.035342743299999264
   1.8560000e+01   -0.031910263999999265
   1.8580000e+01   -0.007777083099999266
   1.8600000e+01   0.03494117490000073
   1.8620000e+01   0.07919028890000074
   1.8640000e+01   0.10864703980000073
   1.8660000e+01  0.11769342197000074
   1.8680000e+01  0.10737974124000074
   1.8700000e+01  0.09115910564000074
   1.8720000e+01  0.061317170040000736
   1.8740000e+01  0.02606430104000073
   1.8760000e+01  0.01225406024000073
   1.8780000e+01   0.01469111814000073
   1.8800000e+01   0.02271064854000073
   1.8820000e+01  0.011870650240000733
   1.8840000e+01  -0.024957970759999268
   1.8860000e+01  -0.07580729375999927
   1.8880000e+01  -0.14010779075999927
   1.8900000e+01  -0.21762374575999927
   1.8920000e+01  -0.27827015375999925
   1.8940000e+01   -0.29541442685999925
   1.8960000e+01   -0.27980741995999925
   1.8980000e+01   -0.25166237895999927
   1.9000000e+01   -0.22588542995999927
   1.9020000e+01  -0.21562877981999928
   1.9040000e+01  -0.22660837567999928
   1.9060000e+01  -0.24518486247999927
   1.9080000e+01   -0.2523623290799993
   1.9100000e+01   -0.2491136669799993
   1.9120000e+01  -0.2507423995799993
   1.9140000e+01  -0.2695266790799993
   1.9160000e+01  -0.2879500841799993
   1.9180000e+01   -0.2801897312799993
   1.9200000e+01   -0.2456660972799993
   1.9220000e+01   -0.1982776542799993
   1.9240000e+01   -0.1667885061799993
   1.9260000e+01  -0.1630489059799993
   1.9280000e+01  -0.1755156745799993
   1.9300000e+01  -0.1954762262799993
   1.9320000e+01  -0.2197032312799993
   1.9340000e+01  -0.2344845496799993
   1.9360000e+01  -0.2373454739599993
   1.9380000e+01   -0.2378099901999993
   1.9400000e+01  -0.2373267350149993
   1.9420000e+01   -0.2317613396699993
   1.9440000e+01   -0.21344259286999928
   1.9460000e+01   -0.17962946386999928
   1.9480000e+01   -0.1332534428699993
   1.9500000e+01   -0.0806283728699993
   1.9520000e+01   -0.026630143869999297
   1.9540000e+01   0.022923550130000706
   1.9560000e+01   0.06656238013000071
   1.9580000e+01   0.10103683513000071
   1.9600000e+01   0.12674474513000072
   1.9620000e+01   0.14942272713000074
   1.9640000e+01   0.16897831373000075
   1.9660000e+01   0.18710991793000076
   1.9680000e+01   0.20364182603000075
   1.9700000e+01   0.21597996923000076
   1.9720000e+01   0.22409012733000078
   1.9740000e+01   0.22875035463000076
   1.9760000e+01   0.23090853363000077
   1.9780000e+01  0.23067461265000078
   1.9800000e+01  0.22784375787000077
   1.9820000e+01  0.22179549037000076
   1.9840000e+01  0.21372835887000077
   1.9860000e+01  0.20500988157000077
   1.9880000e+01  0.19450073617000077
   1.9900000e+01  0.18117122037000077
   1.9920000e+01  0.16486730747000078
   1.9940000e+01  0.1460508057700008
   1.9960000e+01  0.1258714169700008
   1.9980000e+01  0.10558084797000078
   2.0000000e+01  0.08597940747000077
