   0.0000000e+00   0.00011462064
   1.0000000e-02   0.00099913303
   2.0000000e-02   0.0034962603800000004
   3.0000000e-02  0.004983581595000001
   4.0000000e-02  -0.004434391789999998
   5.0000000e-02  -0.03508670278999999
   6.0000000e-02  -0.08154516328999999
   7.0000000e-02  -0.11847509128999999
   8.0000000e-02   -0.11758043378999998
   9.0000000e-02   -0.06612744678999999
   1.0000000e-01   0.02774534821000002
   1.1000000e-01   0.13504722821000004
   1.2000000e-01   0.20689759871000002
   1.3000000e-01  0.19722350021
   1.4000000e-01  0.12084870421
   1.5000000e-01   0.07940544121000001
   1.6000000e-01   0.16293796520999998
   1.7000000e-01   0.31450452520999994
   1.8000000e-01  0.36732026070999996
   1.9000000e-01  0.23795855120999995
   2.0000000e-01  0.01242733120999992
   2.1000000e-01  -0.18452675379000008
   2.2000000e-01  -0.32727256379000014
   2.3000000e-01  -0.4401001537900001
   2.4000000e-01   -0.4887885471400001
   2.5000000e-01   -0.43094741049000007
   2.6000000e-01   -0.3308927374900001
   2.7000000e-01  -0.3028949939900001
   2.8000000e-01  -0.35973942249000007
   2.9000000e-01  -0.41270623049000005
   3.0000000e-01   -0.38867168699000004
   3.1000000e-01   -0.2632013844900001
   3.2000000e-01   -0.019962954490000073
   3.3000000e-01   0.32908108050999996
   3.4000000e-01   0.69615816051
   3.5000000e-01   0.9581304205100001
   3.6000000e-01  1.04567648626
   3.7000000e-01  0.9699480570100001
   3.8000000e-01  0.7859620970100001
   3.9000000e-01  0.5531256120100001
   4.0000000e-01  0.31927438201000014
   4.1000000e-01  0.13179107201000012
   4.2000000e-01  0.04799842201000011
   4.3000000e-01   0.09916083701000011
   4.4000000e-01   0.2453440720100001
   4.5000000e-01   0.3944791770100001
   4.6000000e-01  0.4464130215100001
   4.7000000e-01  0.3252948660100001
   4.8000000e-01  0.05194702601000012
   4.9000000e-01  -0.2358291389899999
   5.0000000e-01  -0.4389120689899999
   5.1000000e-01  -0.6065940439899999
   5.2000000e-01  -0.78299027899
   5.3000000e-01   -0.8682372819399999
   5.4000000e-01   -0.75964005489
   5.5000000e-01   -0.50486472489
   5.6000000e-01   -0.21461607489
   5.7000000e-01   0.051136450109999954
   5.8000000e-01   0.23839504510999995
   5.9000000e-01  0.26185540361
   6.0000000e-01  0.09683646211
   6.1000000e-01  -0.15085181789000002
   6.2000000e-01  -0.33512837289
   6.3000000e-01  -0.41147936389
   6.4000000e-01  -0.44733280439
   6.5000000e-01  -0.5128953993900001
   6.6000000e-01  -0.6072919573900001
   6.7000000e-01  -0.68069461889
   6.8000000e-01   -0.67957575689
   6.9000000e-01   -0.55785163089
   7.0000000e-01   -0.29962204089
   7.1000000e-01   0.00960900911000001
   7.2000000e-01   0.18081654911
   7.3000000e-01  0.09196572411000001
   7.4000000e-01  -0.15481703589
   7.5000000e-01  -0.32382593489
   7.6000000e-01   -0.25537597389
   7.7000000e-01   0.05179334611000003
   7.8000000e-01   0.47632578611000004
   7.9000000e-01   0.85817189111
   8.0000000e-01   1.10862712111
   8.1000000e-01   1.23500545211
   8.2000000e-01  1.25218035411
   8.3000000e-01  1.13068235011
   8.4000000e-01  0.8456386201100001
   8.5000000e-01  0.4402849251100001
   8.6000000e-01  0.026111320110000114
   8.7000000e-01  -0.2904510198899999
   8.8000000e-01  -0.4832907248899999
   8.9000000e-01  -0.5896737073899999
   9.0000000e-01  -0.6291377495899999
   9.1000000e-01   -0.5837875607899999
   9.2000000e-01   -0.4631238872899999
   9.3000000e-01   -0.33169351728999996
   9.4000000e-01   -0.24819379878999998
   9.5000000e-01  -0.23116401128999997
   9.6000000e-01  -0.30341168229
   9.7000000e-01  -0.49434143229
   9.8000000e-01  -0.75934177729
   9.9000000e-01  -0.95979977229
   1.0000000e+00   -0.95912267229
   1.0100000e+00   -0.70829768729
   1.0200000e+00   -0.26145925229
   1.0300000e+00   0.22816432770999995
   1.0400000e+00   0.55283773771
   1.0500000e+00  0.58055125771
   1.0600000e+00  0.37366659271
   1.0700000e+00  0.13666255271000002
   1.0800000e+00  0.034823371060000025
   1.0900000e+00   0.10580915441000002
   1.1000000e+00   0.3051230394100001
   1.1100000e+00   0.5357339594100001
   1.1200000e+00   0.6693107759100001
   1.1300000e+00  0.6534928079100001
   1.1400000e+00  0.5997212009100001
   1.1500000e+00   0.6961937384100001
   1.1600000e+00   1.0083422884100002
   1.1700000e+00   1.3758215334100001
   1.1800000e+00  1.5249493169100001
   1.1900000e+00  1.2995913704100002
   1.2000000e+00  0.7973501304100001
   1.2100000e+00  0.29293153541000017
   1.2200000e+00  0.015333850410000183
   1.2300000e+00   -0.03135554808999981
   1.2400000e+00  -0.04071783808999981
   1.2500000e+00  -0.2011308895899998
   1.2600000e+00  -0.5356309295899998
   1.2700000e+00  -0.9319826595899998
   1.2800000e+00  -1.2621596145899998
   1.2900000e+00  -1.4479993845899999
   1.3000000e+00   -1.4856468755899999
   1.3100000e+00   -1.44222508959
   1.3200000e+00   -1.38359809009
   1.3300000e+00   -1.31192096059
   1.3400000e+00   -1.20453771359
   1.3500000e+00   -1.05230652359
   1.3600000e+00   -0.8009510235899999
   1.3700000e+00   -0.3353561635899999
   1.3800000e+00   0.36769387141000004
   1.3900000e+00   1.12031507641
   1.4000000e+00   1.66040683641
   1.4100000e+00   1.85782633391
   1.4200000e+00  1.72566910641
   1.4300000e+00  1.32459132141
   1.4400000e+00  0.72629890141
   1.4500000e+00  0.017290071410000052
   1.4600000e+00  -0.6934436485900001
   1.4700000e+00  -1.25350521859
   1.4800000e+00  -1.49018407209
   1.4900000e+00   -1.3396282605899998
   1.5000000e+00   -0.9668655755899997
   1.5100000e+00   -0.6722588605899997
   1.5200000e+00  -0.6332223955899997
   1.5300000e+00  -0.7828173605899997
   1.5400000e+00  -0.9391648955899997
   1.5500000e+00   -0.9642233275899997
   1.5600000e+00   -0.7853443645899997
   1.5700000e+00   -0.38830010958999966
   1.5800000e+00   0.13464631041000036
   1.5900000e+00   0.6117494654100004
   1.6000000e+00   0.9353601654100003
   1.6100000e+00   1.1219836454100003
   1.6200000e+00   1.2091254724100002
   1.6300000e+00  1.1847111529100003
   1.6400000e+00  1.0483393114100004
   1.6500000e+00  0.8491551664100003
   1.6600000e+00  0.6058649264100003
   1.6700000e+00  0.24789566641000033
   1.6800000e+00  -0.28664934858999963
   1.6900000e+00  -0.9112055985899996
   1.7000000e+00  -1.4159357885899997
   1.7100000e+00  -1.6111142776899996
   1.7200000e+00   -1.3930016767899995
   1.7300000e+00   -0.7527078467899996
   1.7400000e+00   0.1699105132100005
   1.7500000e+00   1.1072326232100007
   1.7600000e+00   1.8461754682100007
   1.7700000e+00   2.3659808132100006
   1.7800000e+00   2.7720570632100006
   1.7900000e+00   3.1623770132100004
   1.8000000e+00   3.5824940782100003
   1.8100000e+00   4.03817287821
   1.8200000e+00   4.49299707321
   1.8300000e+00   4.86752186821
   1.8400000e+00   5.0799891832099995
   1.8500000e+00  5.104160502209999
   1.8600000e+00  4.988445571209999
   1.8700000e+00  4.823612741209999
   1.8800000e+00  4.688473311209999
   1.8900000e+00  4.608847933209999
   1.9000000e+00  4.551109700709999
   1.9100000e+00  4.428603051209999
   1.9200000e+00  4.062646011209999
   1.9300000e+00  3.135433886209999
   1.9400000e+00  1.3132465862099991
   1.9500000e+00  -1.4743051137900012
   1.9600000e+00  -4.928179363790001
   1.9700000e+00  -8.565340763790001
   1.9800000e+00  -11.972848663790002
   1.9900000e+00  -14.991478713790002
   2.0000000e+00  -17.72410226379
   2.0100000e+00  -20.276228213790002
   2.0200000e+00  -22.504070163790004
   2.0300000e+00  -24.103911863790003
   2.0400000e+00  -24.873575413790004
   2.0500000e+00   -24.799494518790002
   2.0600000e+00   -23.966723673790003
   2.0700000e+00   -22.461220023790002
   2.0800000e+00   -20.33367937379
   2.0900000e+00   -17.65678362379
   2.1000000e+00   -14.62199302379
   2.1100000e+00   -11.495180373790001
   2.1200000e+00   -8.391330373790002
   2.1300000e+00   -5.067832673790001
   2.1400000e+00   -0.9877392237900011
   2.1500000e+00   4.2389330762099995
   2.1600000e+00   10.38594222621
   2.1700000e+00   16.74710162621
   2.1800000e+00   22.751691776210002
   2.1900000e+00   28.142424976210002
   2.2000000e+00   32.56276107621
   2.2100000e+00   35.42703427621
   2.2200000e+00   36.39309439261
   2.2300000e+00  35.77267260901
   2.2400000e+00  34.33969990901
   2.2500000e+00  32.72062970901
   2.2600000e+00  31.00451075901
   2.2700000e+00  28.962091209009998
   2.2800000e+00  26.502702559009997
   2.2900000e+00  23.795735009009995
   2.3000000e+00  21.048345159009994
   2.3100000e+00  18.294599459009994
   2.3200000e+00  15.410504159009994
   2.3300000e+00  12.294532859009994
   2.3400000e+00  8.974661059009994
   2.3500000e+00  5.5351603590099945
   2.3600000e+00  2.0561563090099946
   2.3700000e+00  -1.3199399409900052
   2.3800000e+00  -4.397084740990005
   2.3900000e+00  -7.106784590990005
   2.4000000e+00  -9.601065740990006
   2.4100000e+00  -12.069631590990006
   2.4200000e+00  -14.513973690990007
   2.4300000e+00  -16.778855290990005
   2.4400000e+00  -18.754554740990006
   2.4500000e+00  -20.458434840990005
   2.4600000e+00  -21.937808040990006
   2.4700000e+00  -23.162407290990007
   2.4800000e+00  -23.988001445990008
   2.4900000e+00   -24.123156300990008
   2.5000000e+00   -23.16684195099001
   2.5100000e+00   -20.915530700990008
   2.5200000e+00   -17.69305390099001
   2.5300000e+00   -14.13834865099001
   2.5400000e+00   -10.67048730099001
   2.5500000e+00   -7.42417150099001
   2.5600000e+00   -4.58025840099001
   2.5700000e+00   -2.3957965009900097
   2.5800000e+00   -0.9618676009900098
   2.5900000e+00   -0.17181709599000983
   2.6000000e+00   0.1343237340099902
   2.6100000e+00  0.1156496840099902
   2.6200000e+00  -0.1030254159900098
   2.6300000e+00  -0.5172760159900098
   2.6400000e+00  -1.1855248209900098
   2.6500000e+00  -1.9999404709900097
   2.6600000e+00  -2.6062485859900097
   2.6700000e+00   -2.6484158259900097
   2.6800000e+00   -2.0835522709900096
   2.6900000e+00   -1.1993140309900097
   2.7000000e+00   -0.31623865599000966
   2.7100000e+00   0.44622691400999026
   2.7200000e+00   1.1012175590099904
   2.7300000e+00   1.6387489990099904
   2.7400000e+00   2.0146892540099905
   2.7500000e+00   2.2053365250099906
   2.7600000e+00  2.1933533310099906
   2.7700000e+00  1.9071536760099908
   2.7800000e+00  1.2142099760099907
   2.7900000e+00  0.023697391009990687
   2.8000000e+00  -1.603510908990009
   2.8100000e+00  -3.500215108990009
   2.8200000e+00  -5.515436358990009
   2.8300000e+00  -7.523418658990009
   2.8400000e+00  -9.377264908990009
   2.8500000e+00  -10.928948908990009
   2.8600000e+00  -12.070272793990009
   2.8700000e+00  -12.752339073990008
   2.8800000e+00  -12.985669534490007
   2.8900000e+00   -12.806930354990007
   2.9000000e+00   -12.241776259990006
   2.9100000e+00   -11.303555759990006
   2.9200000e+00   -10.011750109990006
   2.9300000e+00   -8.399304109990005
   2.9400000e+00   -6.464570409990006
   2.9500000e+00   -4.017619259990006
   2.9600000e+00   -0.6323383599900061
   2.9700000e+00   3.934641340009993
   2.9800000e+00   9.274455540009992
   2.9900000e+00   14.664396340009992
   3.0000000e+00   19.775681940009992
   3.0100000e+00   24.61682134000999
   3.0200000e+00   28.97815464000999
   3.0300000e+00   32.39387169000999
   3.0400000e+00   34.55225909000999
   3.0500000e+00   35.41252132500999
   3.0600000e+00  34.98518626000999
   3.0700000e+00  33.26960766000999
   3.0800000e+00  30.40033951000999
   3.0900000e+00  26.679331810009987
   3.1000000e+00  22.43177371000999
   3.1100000e+00  17.838704010009987
   3.1200000e+00  12.879645810009988
   3.1300000e+00  7.521824810009988
   3.1400000e+00  2.037433810009987
   3.1500000e+00  -2.9832386899900136
   3.1600000e+00  -7.012767639990014
   3.1700000e+00  -9.883294989990013
   3.1800000e+00  -11.670581589990013
   3.1900000e+00  -12.447598659990012
   3.2000000e+00   -12.300495929990012
   3.2100000e+00   -11.493749379990012
   3.2200000e+00   -10.412743329990011
   3.2300000e+00   -9.30539102999001
   3.2400000e+00   -8.160826529990011
   3.2500000e+00   -6.8030618299900105
   3.2600000e+00   -5.050982629990011
   3.2700000e+00   -2.9046551799900104
   3.2800000e+00   -0.6324174299900105
   3.2900000e+00   1.4232412200099898
   3.3000000e+00   3.1087292700099898
   3.3100000e+00   4.453364970009989
   3.3200000e+00   5.469771245009989
   3.3300000e+00   6.017324970009989
   3.3400000e+00  5.8217611900099895
   3.3500000e+00  4.662574910009989
   3.3600000e+00  2.594965060009989
   3.3700000e+00  -0.11203693999001096
   3.3800000e+00  -3.281449089990011
   3.3900000e+00  -6.872408289990011
   3.4000000e+00  -10.698047739990011
   3.4100000e+00  -14.344247589990012
   3.4200000e+00  -17.41308033999001
   3.4300000e+00  -19.70329533999001
   3.4400000e+00  -21.18953888999001
   3.4500000e+00  -21.94534866499001
   3.4600000e+00   -22.071220624990012
   3.4700000e+00   -21.633247279990012
   3.4800000e+00   -20.651934199990013
   3.4900000e+00   -19.130432699990013
   3.5000000e+00   -17.065502599990012
   3.5100000e+00   -14.482158149990012
   3.5200000e+00   -11.524573949990012
   3.5300000e+00   -8.439108449990012
   3.5400000e+00   -5.404422249990013
   3.5500000e+00   -2.4682729999900133
   3.5600000e+00   0.32499385000998693
   3.5700000e+00   2.8434909000099866
   3.5800000e+00   4.924712800009987
   3.5900000e+00   6.476978700009987
   3.6000000e+00   7.512211095009986
   3.6100000e+00   8.085502325009987
   3.6200000e+00  8.218131485509987
   3.6300000e+00  7.902247296009987
   3.6400000e+00  7.192441516009987
   3.6500000e+00  6.300058811009987
   3.6600000e+00  5.566707991009987
   3.6700000e+00  5.263111784009987
   3.6800000e+00   5.410622182009987
   3.6900000e+00   5.8630875970099865
   3.7000000e+00   6.489542442009986
   3.7100000e+00   7.174404317009986
   3.7200000e+00   7.752503422009986
   3.7300000e+00   8.080769137009986
   3.7400000e+00  8.112098872009986
   3.7500000e+00  7.839093882009985
   3.7600000e+00  7.235171082009985
   3.7700000e+00  6.295144277009985
   3.7800000e+00  5.1027209770099855
   3.7900000e+00  3.818572177009986
   3.8000000e+00  2.579036877009986
   3.8100000e+00  1.4233371770099859
   3.8200000e+00  0.34442072700998594
   3.8300000e+00  -0.6231839129900141
   3.8400000e+00  -1.412851202990014
   3.8500000e+00  -2.004732342990014
   3.8600000e+00  -2.4585162529900138
   3.8700000e+00  -2.8745421929900137
   3.8800000e+00  -3.325947357990014
   3.8900000e+00  -3.8030954879900136
   3.9000000e+00  -4.220557927990014
   3.9100000e+00  -4.490561342990014
   3.9200000e+00  -4.580921618000014
   3.9300000e+00   -4.504626298010014
   3.9400000e+00   -4.284620428010014
   3.9500000e+00   -3.9377665830100144
   3.9600000e+00   -3.466837333010014
   3.9700000e+00   -2.857214628010014
   3.9800000e+00   -2.104333068010014
   3.9900000e+00   -1.256391473010014
   4.0000000e+00   -0.40919178301001413
   4.0100000e+00   0.34992658198998583
   4.0200000e+00   0.9785283919899859
   4.0300000e+00   1.4766643069899859
   4.0400000e+00   1.8887138369899859
   4.0500000e+00   2.302470316989986
   4.0600000e+00   2.800471261989986
   4.0700000e+00   3.3955249619899863
   4.0800000e+00   4.036932791989987
   4.0900000e+00   4.6760109669899865
   4.1000000e+00   5.288669396989986
   4.1100000e+00   5.846112896989986
   4.1200000e+00   6.317706516989986
   4.1300000e+00   6.709684536989986
   4.1400000e+00   7.065412231989986
   4.1500000e+00   7.407333531989986
   4.1600000e+00   7.686838876989986
   4.1700000e+00   7.807649390489987
   4.1800000e+00  7.689976778989987
   4.1900000e+00  7.294699493989987
   4.2000000e+00  6.612402103989988
   4.2100000e+00  5.667051963989987
   4.2200000e+00  4.518250813989987
   4.2300000e+00  3.243768063989987
   4.2400000e+00  1.9388331139899868
   4.2500000e+00  0.7263225139899869
   4.2600000e+00  -0.27833560601001306
   4.2700000e+00  -1.035631271010013
   4.2800000e+00  -1.608810441010013
   4.2900000e+00  -2.117782066010013
   4.3000000e+00  -2.655853876010013
   4.3100000e+00  -3.226872446010013
   4.3200000e+00  -3.753084356010013
   4.3300000e+00  -4.161847041010013
   4.3400000e+00  -4.474112061010013
   4.3500000e+00  -4.801560836010013
   4.3600000e+00  -5.268782096010012
   4.3700000e+00  -5.938316606010012
   4.3800000e+00  -6.772077471010013
   4.3900000e+00  -7.650703586010013
   4.4000000e+00  -8.451158606010013
   4.4100000e+00  -9.104735746010013
   4.4200000e+00  -9.580931426010013
   4.4300000e+00  -9.846916896010013
   4.4400000e+00   -9.857080671010014
   4.4500000e+00   -9.555825051010014
   4.4600000e+00   -8.862573361010014
   4.4700000e+00   -7.687489066010015
   4.4800000e+00   -6.036114266010014
   4.4900000e+00   -4.089080366010014
   4.5000000e+00   -2.1108776160100144
   4.5100000e+00   -0.2919296660100146
   4.5200000e+00   1.2881899339899854
   4.5300000e+00   2.5967328339899853
   4.5400000e+00   3.6022024689899856
   4.5500000e+00   4.264474248989986
   4.5600000e+00   4.5309911439899855
   4.5700000e+00  4.377793598989985
   4.5800000e+00  3.901668798989985
   4.5900000e+00  3.314086193989985
   4.6000000e+00  2.776747093989985
   4.6100000e+00  2.297742233989985
   4.6200000e+00  1.8217267289899852
   4.6300000e+00  1.3426203539899852
   4.6400000e+00  0.9014623489899852
   4.6500000e+00  0.5402928839899852
   4.6600000e+00  0.2852842539899852
   4.6700000e+00  0.14601389498998518
   4.6800000e+00   0.11581190498998518
   4.6900000e+00   0.1702059234899852
   4.7000000e+00   0.2617543009899852
   4.7100000e+00   0.3305539049899852
   4.7200000e+00  0.3292837599899852
   4.7300000e+00  0.22513286898998522
   4.7400000e+00  -0.0035799810100147766
   4.7500000e+00  -0.3138747660100148
   4.7600000e+00  -0.5468224910100148
   4.7700000e+00   -0.5068432860100148
   4.7800000e+00   -0.10734510601001479
   4.7900000e+00   0.5934267939899852
   4.8000000e+00   1.4628696689899852
   4.8100000e+00   2.361780158989985
   4.8200000e+00   3.185434138989985
   4.8300000e+00   3.879695598989985
   4.8400000e+00   4.416355698989985
   4.8500000e+00   4.757931298989985
   4.8600000e+00  4.8465382444899845
   4.8700000e+00  4.612517104989984
   4.8800000e+00  4.016278234989985
   4.8900000e+00  3.1045768199899846
   4.9000000e+00  1.9984278699899847
   4.9100000e+00  0.8318713199899848
   4.9200000e+00  -0.26668743001001527
   4.9300000e+00  -1.1840531850100153
   4.9400000e+00  -1.8685432050100155
   4.9500000e+00  -2.3378689350100155
   4.9600000e+00  -2.6218806800100154
   4.9700000e+00  -2.7246000636100156
   4.9800000e+00   -2.6431948472100157
   4.9900000e+00   -2.3967680622100156
   5.0000000e+00   -2.0291318022100153
   5.0100000e+00   -1.5968491022100153
   5.0200000e+00   -1.1621325472100152
   5.0300000e+00   -0.7875805722100153
   5.0400000e+00   -0.5213479272100153
   5.0500000e+00   -0.37740001871001533
   5.0600000e+00   -0.3295377162100153
   5.0700000e+00  -0.33287428871001534
   5.0800000e+00  -0.35877432771001533
   5.0900000e+00  -0.4094811872100153
   5.1000000e+00  -0.5045576442100154
   5.1100000e+00  -0.6631767642100154
   5.1200000e+00  -0.8930020042100153
   5.1300000e+00  -1.1792373342100153
   5.1400000e+00  -1.4797872492100153
   5.1500000e+00  -1.7301158442100153
   5.1600000e+00  -1.8539738317100154
   5.1700000e+00   -1.7877134842100153
   5.1800000e+00   -1.5125587142100154
   5.1900000e+00   -1.0736689692100154
   5.2000000e+00   -0.5707706842100154
   5.2100000e+00   -0.10885544421001542
   5.2200000e+00   0.2618727157899846
   5.2300000e+00   0.5578583557899847
   5.2400000e+00   0.8311735157899847
   5.2500000e+00   1.1423135507899846
   5.2600000e+00   1.5316961307899848
   5.2700000e+00   1.9820419957899849
   5.2800000e+00   2.421285635789985
   5.2900000e+00   2.779507835789985
   5.3000000e+00   3.033365480789985
   5.3100000e+00   3.202169665789985
   5.3200000e+00   3.325125855789985
   5.3300000e+00   3.438853185789985
   5.3400000e+00   3.557699765789985
   5.3500000e+00   3.664765502289985
   5.3600000e+00   3.711477078084985
   5.3700000e+00  3.632469307379985
   5.3800000e+00  3.388858532379985
   5.3900000e+00  3.003457467379985
   5.4000000e+00  2.533776982379985
   5.4100000e+00  2.007977307379985
   5.4200000e+00  1.408890722379985
   5.4300000e+00  0.7304879823799849
   5.4400000e+00  0.029083067379984895
   5.4500000e+00  -0.6050608076200151
   5.4600000e+00  -1.119667072620015
   5.4700000e+00  -1.5246225176200152
   5.4800000e+00  -1.8524205726200154
   5.4900000e+00  -2.1139596526200153
   5.5000000e+00  -2.285946542620015
   5.5100000e+00   -2.324417924120015
   5.5200000e+00   -2.199157825620015
   5.5300000e+00   -1.935551705620015
   5.5400000e+00   -1.6231253506200152
   5.5500000e+00   -1.3699034106200152
   5.5600000e+00   -1.2400698351200152
   5.5700000e+00  -1.2222997131200153
   5.5800000e+00  -1.2445641641200154
   5.5900000e+00   -1.2256681206200153
   5.6000000e+00   -1.1258087346200152
   5.6100000e+00   -0.9622285446200152
   5.6200000e+00   -0.7933984896200151
   5.6300000e+00   -0.6798552866200152
   5.6400000e+00   -0.6382115320700151
   5.6500000e+00  -0.6372492176200152
   5.6600000e+00  -0.6430301952700151
   5.6700000e+00  -0.6462210115200151
   5.6800000e+00   -0.6429888179700151
   5.6900000e+00   -0.6204740752200151
   5.7000000e+00   -0.573235744720015
   5.7100000e+00   -0.513766586220015
   5.7200000e+00   -0.457187899220015
   5.7300000e+00   -0.407419882220015
   5.7400000e+00   -0.362418505720015
   5.7500000e+00   -0.322275853720015
   5.7600000e+00   -0.286586811720015
   5.7700000e+00   -0.250924220220015
   5.7800000e+00   -0.21229573222001497
   5.7900000e+00   -0.17481545172001495
   5.8000000e+00   -0.14536103772001494
   5.8100000e+00   -0.12425991922001493
   5.8200000e+00   -0.10275770022001493
   5.8300000e+00   -0.07077613172001493
   5.8400000e+00   -0.025457760220014926
   5.8500000e+00   0.02923976427998507
   5.8600000e+00   0.08802646377998508
   5.8700000e+00   0.1465575377799851
   5.8800000e+00   0.2005820412799851
   5.8900000e+00   0.2453337727799851
   5.9000000e+00   0.27579358227998513
   5.9100000e+00   0.2881291376799851
   5.9200000e+00  0.2818450355799851
   5.9300000e+00  0.2596880460799851
   5.9400000e+00  0.22503033407998507
   5.9500000e+00  0.18093678357998508
   5.9600000e+00  0.13198012507998508
   5.9700000e+00  0.08475500907998507
   5.9800000e+00  0.04534893407998507
