   0.0000000e+00  -8.8051795e-6
   1.0000000e-02  -0.000162429089
   2.0000000e-02  -0.001011893769
   3.0000000e-02  -0.003692896819
   4.0000000e-02  -0.009096633768999999
   5.0000000e-02  -0.016068819269
   6.0000000e-02  -0.022227384319000003
   7.0000000e-02  -0.027832503719000003
   8.0000000e-02  -0.034999315769000006
   9.0000000e-02  -0.042667722469000004
   1.0000000e-01  -0.047630552619000004
   1.1000000e-01  -0.049430014419
   1.2000000e-01  -0.049813225759000004
   1.3000000e-01   -0.049425293174000004
   1.4000000e-01   -0.048237294549000005
   1.5000000e-01  -0.04832631204900001
   1.6000000e-01  -0.05305826514900001
   1.7000000e-01  -0.06033696779900001
   1.8000000e-01   -0.05917977789900001
   1.9000000e-01   -0.04021277244900001
   2.0000000e-01   -0.007643587949000011
   2.1000000e-01   0.026643124050999993
   2.2000000e-01   0.054784608050999994
   2.3000000e-01   0.071213069051
   2.4000000e-01  0.069368237051
   2.5000000e-01  0.04969533005099999
   2.6000000e-01  0.02573713955099999
   2.7000000e-01  0.01493157676099999
   2.8000000e-01   0.02137730147099999
   2.9000000e-01   0.03019865527099999
   3.0000000e-01  0.024136467070999992
   3.1000000e-01  0.004663775570999992
   3.2000000e-01  -0.010548318479000009
   3.3000000e-01   -0.00825185452900001
   3.4000000e-01   0.010812947470999992
   3.5000000e-01   0.038081254971
   3.6000000e-01   0.063975783971
   3.7000000e-01   0.081193917471
   3.8000000e-01   0.087072059996
   3.9000000e-01  0.083175083771
   4.0000000e-01  0.072976287021
   4.1000000e-01  0.060840000521
   4.2000000e-01  0.050018323021
   4.3000000e-01  0.03924790552099999
   4.4000000e-01  0.02344774052099999
   4.5000000e-01  -0.0006971989790000056
   4.6000000e-01  -0.029797396979000003
   4.7000000e-01  -0.053158998479000005
   4.8000000e-01   -0.057847286879
   4.9000000e-01   -0.037670408279000006
   5.0000000e-01   0.0026352152209999993
   5.1000000e-01   0.051612185221
   5.2000000e-01   0.09574091122100001
   5.3000000e-01   0.122859868721
   5.4000000e-01  0.127264417321
   5.5000000e-01  0.110473382921
   5.6000000e-01  0.077678153921
   5.7000000e-01  0.03820050792099999
   5.8000000e-01  0.006106787420999994
   5.9000000e-01  -0.006470242329000007
   6.0000000e-01   0.002330046920999992
   6.1000000e-01   0.02264630492099999
   6.2000000e-01   0.03894345992099999
   6.3000000e-01  0.03851222542099999
   6.4000000e-01  0.01764723392099999
   6.5000000e-01  -0.01564830457900001
   6.6000000e-01  -0.04388343807900001
   6.7000000e-01   -0.049665011379000014
   6.8000000e-01   -0.028302164179000014
   6.9000000e-01   0.007051828320999987
   7.0000000e-01   0.032261414820999985
   7.1000000e-01  0.024755445820999984
   7.2000000e-01  -0.02440406017900002
   7.3000000e-01  -0.10075206767900002
   7.4000000e-01  -0.16873188267900002
   7.5000000e-01   -0.19339533972900003
   7.6000000e-01   -0.16390807877900002
   7.7000000e-01   -0.09743080177900001
   7.8000000e-01   -0.025723315779000014
   7.9000000e-01   0.022429912720999992
   8.0000000e-01  0.03421383822099999
   8.1000000e-01  0.016306375720999994
   8.2000000e-01  -0.01252389577900001
   8.3000000e-01  -0.03529003927900001
   8.4000000e-01  -0.044651203929000016
   8.5000000e-01   -0.040476960079000014
   8.6000000e-01   -0.02918327307900001
   8.7000000e-01  -0.02453825247900001
   8.8000000e-01  -0.03700610687900001
   8.9000000e-01  -0.061608879379
   9.0000000e-01  -0.082370018379
   9.1000000e-01   -0.085860512379
   9.2000000e-01   -0.070366012379
   9.3000000e-01   -0.048606047379
   9.4000000e-01  -0.040715496478999996
   9.5000000e-01  -0.058501701579
   9.6000000e-01  -0.093995914579
   9.7000000e-01  -0.123767495079
   9.8000000e-01   -0.127310554079
   9.9000000e-01   -0.102568915079
   1.0000000e+00   -0.06282766357899999
   1.0100000e+00   -0.02265092307899999
   1.0200000e+00   0.009428986921000006
   1.0300000e+00   0.03027656192100001
   1.0400000e+00   0.04324086642100001
   1.0500000e+00   0.05954895042100001
   1.0600000e+00   0.08884043342100001
   1.0700000e+00   0.124005658421
   1.0800000e+00   0.141789685521
   1.0900000e+00  0.12113599512099998
   1.1000000e+00  0.05876037912099999
   1.1100000e+00  -0.028645952379000014
   1.1200000e+00  -0.11420159637900001
   1.1300000e+00  -0.17775667387900002
   1.1400000e+00  -0.21400058437900002
   1.1500000e+00   -0.225025294659
   1.1600000e+00   -0.21381682143900002
   1.1700000e+00   -0.18449724893900002
   1.1800000e+00   -0.13831747643900003
   1.1900000e+00   -0.06973549343900003
   1.2000000e+00   0.025600489060999987
   1.2100000e+00   0.140273359061
   1.2200000e+00   0.256165609061
   1.2300000e+00   0.35304640006099997
   1.2400000e+00   0.416534503061
   1.2500000e+00   0.441748501861
   1.2600000e+00  0.430864772161
   1.2700000e+00  0.390867930661
   1.2800000e+00  0.333458432661
   1.2900000e+00  0.269664406661
   1.3000000e+00  0.203427075661
   1.3100000e+00  0.13459686416099997
   1.3200000e+00  0.06699027366099997
   1.3300000e+00  0.010276281660999968
   1.3400000e+00  -0.02657398433900003
   1.3500000e+00  -0.04190050393900003
   1.3600000e+00   -0.04086623223900003
   1.3700000e+00   -0.030867490439000028
   1.3800000e+00   -0.01710815293900003
   1.3900000e+00   -0.0016061784390000288
   1.4000000e+00   0.011129896710999971
   1.4100000e+00  0.00996186136099997
   1.4200000e+00  -0.015556109139000027
   1.4300000e+00  -0.06427250063900003
   1.4400000e+00  -0.12333180263900004
   1.4500000e+00  -0.17872749513900005
   1.4600000e+00  -0.22287440063900005
   1.4700000e+00  -0.25159151163900006
   1.4800000e+00   -0.2593933209390001
   1.4900000e+00   -0.24401425723900008
   1.5000000e+00   -0.21445749873900008
   1.5100000e+00   -0.18582574923900008
   1.5200000e+00   -0.16222969323900008
   1.5300000e+00   -0.13206656573900008
   1.5400000e+00   -0.08354241523900008
   1.5500000e+00   -0.017511356239000075
   1.5600000e+00   0.056480014260999925
   1.5700000e+00   0.12787530476099992
   1.5800000e+00   0.18629868076099992
   1.5900000e+00   0.22368461076099994
   1.6000000e+00   0.23940211846099993
   1.6100000e+00  0.23672312916099994
   1.6200000e+00  0.21272563566099995
   1.6300000e+00  0.16207193316099994
   1.6400000e+00  0.09373910016099994
   1.6500000e+00  0.03287816066099994
   1.6600000e+00  0.0013438696609999398
   1.6700000e+00   0.00255857466099994
   1.6800000e+00   0.02471272616099994
   1.6900000e+00   0.05100275266099994
   1.7000000e+00   0.06666995146099994
   1.7100000e+00  0.06125767926099994
   1.7200000e+00  0.029036605760999937
   1.7300000e+00  -0.026766022239000063
   1.7400000e+00  -0.09184474723900005
   1.7500000e+00  -0.15130167073900005
   1.7600000e+00  -0.20207993273900005
   1.7700000e+00  -0.24965604973900005
   1.7800000e+00  -0.29561900823900006
   1.7900000e+00  -0.33526470423900007
   1.8000000e+00  -0.3656123462390001
   1.8100000e+00  -0.38813556523900006
   1.8200000e+00  -0.40203847858900005
   1.8300000e+00   -0.40028808693900003
   1.8400000e+00   -0.372750605939
   1.8500000e+00   -0.308693989439
   1.8600000e+00   -0.200957779939
   1.8700000e+00   -0.05735174993899997
   1.8800000e+00   0.09639505006100002
   1.8900000e+00   0.235041165061
   1.9000000e+00   0.349740550061
   1.9100000e+00   0.437878816061
   1.9200000e+00   0.48843375656099997
   1.9300000e+00  0.490707834561
   1.9400000e+00  0.450924545061
   1.9500000e+00  0.389863051561
   1.9600000e+00  0.329539618561
   1.9700000e+00  0.288637115561
   1.9800000e+00   0.280449046061
   1.9900000e+00   0.302502850561
   2.0000000e+00   0.333821202061
   2.0100000e+00   0.35305876371100003
   2.0200000e+00  0.355374088811
   2.0300000e+00  0.34570952676100003
   2.0400000e+00  0.322927363261
   2.0500000e+00  0.27954339276100004
   2.0600000e+00  0.21576132126100006
   2.0700000e+00  0.14849963326100007
   2.0800000e+00  0.10438256376100008
   2.0900000e+00   0.10022702626100008
   2.1000000e+00   0.12590209426100007
   2.1100000e+00   0.15093162376100008
   2.1200000e+00  0.15410365941100007
   2.1300000e+00  0.13928435156100008
   2.1400000e+00  0.11489623706100008
   2.1500000e+00  0.06765085856100009
   2.1600000e+00  -0.032674807438999906
   2.1700000e+00  -0.2044856274389999
   2.1800000e+00  -0.4304947024389999
   2.1900000e+00  -0.6592472474389999
   2.2000000e+00  -0.8366903474389998
   2.2100000e+00  -0.9420339279389999
   2.2200000e+00  -0.9906760499389998
   2.2300000e+00  -1.0046853742439998
   2.2400000e+00   -0.9886651510489999
   2.2500000e+00   -0.9348588505489999
   2.2600000e+00   -0.8388652860489999
   2.2700000e+00   -0.7006179460489999
   2.2800000e+00   -0.5187694710489998
   2.2900000e+00   -0.2991080110489998
   2.3000000e+00   -0.0718272760489998
   2.3100000e+00   0.10937889395100023
   2.3200000e+00   0.19754394195100022
   2.3300000e+00  0.18896339145100022
   2.3400000e+00  0.13324719145100022
   2.3500000e+00  0.10150567430100023
   2.3600000e+00   0.13122063715100024
   2.3700000e+00   0.19965318465100024
   2.3800000e+00   0.25428970515100024
   2.3900000e+00  0.26021439015100023
   2.4000000e+00  0.21494595665100022
   2.4100000e+00  0.13654904015100022
   2.4200000e+00  0.05203013615100022
   2.4300000e+00  -0.01092391334899978
   2.4400000e+00  -0.034944135198999776
   2.4500000e+00   -0.022386478048999778
   2.4600000e+00   0.0065438064510002225
   2.4700000e+00   0.030830325451000225
   2.4800000e+00   0.04600774395100023
   2.4900000e+00   0.06102946245100023
   2.5000000e+00   0.08172152295100023
   2.5100000e+00   0.10409216295100022
   2.5200000e+00   0.12075251745100023
   2.5300000e+00   0.12750583750100022
   2.5400000e+00  0.12139448055100023
   2.5500000e+00  0.09429934055100023
   2.5600000e+00  0.03386134555100022
   2.5700000e+00  -0.06480023494899978
   2.5800000e+00  -0.18861051494899977
   2.5900000e+00  -0.31359877994899976
   2.6000000e+00  -0.42426497494899973
   2.6100000e+00  -0.5192945359489998
   2.6200000e+00  -0.5981917734489998
   2.6300000e+00  -0.6428178034489997
   2.6400000e+00   -0.5935819619489997
   2.6500000e+00   -0.3427858219489997
   2.6600000e+00   0.20264509805100034
   2.6700000e+00   1.0217193930510005
   2.6800000e+00   1.9575334880510007
   2.6900000e+00   2.805863583051001
   2.7000000e+00   3.433843103051001
   2.7100000e+00   3.829330523051001
   2.7200000e+00   4.047422668051001
   2.7300000e+00   4.132082406551001
   2.7400000e+00  4.102896586551001
   2.7500000e+00  3.983365973051001
   2.7600000e+00  3.804447543051001
   2.7700000e+00  3.5872819280510013
   2.7800000e+00  3.3406030730510015
   2.7900000e+00  3.0712137130510015
   2.8000000e+00  2.7859898980510014
   2.8100000e+00  2.483018003051001
   2.8200000e+00  2.146425273051001
   2.8300000e+00  1.7359530880510012
   2.8400000e+00  1.1508978430510013
   2.8500000e+00  0.2315375580510014
   2.8600000e+00  -1.1270528419489985
   2.8700000e+00  -2.8689934919489986
   2.8800000e+00  -4.833580791948998
   2.8900000e+00  -6.858112941948999
   2.9000000e+00  -8.778139341948998
   2.9100000e+00  -10.428371341949
   2.9200000e+00  -11.717687241949
   2.9300000e+00  -12.650512956949
   2.9400000e+00  -13.258144746948998
   2.9500000e+00  -13.554486611948999
   2.9600000e+00   -13.547263181948999
   2.9700000e+00   -13.246850876948999
   2.9800000e+00   -12.657922911948999
   2.9900000e+00   -11.772695681949
   3.0000000e+00   -10.575049931949
   3.0100000e+00   -9.066983681948999
   3.0200000e+00   -7.305131381948999
   3.0300000e+00   -5.393601681948999
   3.0400000e+00   -3.424681681948999
   3.0500000e+00   -1.437982681948999
   3.0600000e+00   0.5628032680510011
   3.0700000e+00   2.5693495680510012
   3.0800000e+00   4.541058318051001
   3.0900000e+00   6.4096550180510015
   3.1000000e+00   8.113574618051
   3.1100000e+00   9.619983768051
   3.1200000e+00   10.910934218051
   3.1300000e+00   11.970006648051001
   3.1400000e+00   12.795256648051001
   3.1500000e+00   13.414118983051
   3.1600000e+00   13.875486903051002
   3.1700000e+00   14.223287898051002
   3.1800000e+00   14.475974308051002
   3.1900000e+00   14.632121758051003
   3.2000000e+00   14.686640966551003
   3.2100000e+00  14.631679465051004
   3.2200000e+00  14.453266935051005
   3.2300000e+00  14.141670990051004
   3.2400000e+00  13.700781475051004
   3.2500000e+00  13.140084680051004
   3.2600000e+00  12.460655800051004
   3.2700000e+00  11.653135480051004
   3.2800000e+00  10.704130065051004
   3.2900000e+00  9.588379815051004
   3.3000000e+00  8.237547165051005
   3.3100000e+00  6.534120115051005
   3.3200000e+00  4.391416565051005
   3.3300000e+00  1.8536935650510045
   3.3400000e+00  -0.911387334948996
   3.3500000e+00  -3.6976295349489963
   3.3600000e+00  -6.318231684948996
   3.3700000e+00  -8.638659734948996
   3.3800000e+00  -10.594946434948996
   3.3900000e+00  -12.164701034948996
   3.4000000e+00  -13.313923819948997
   3.4100000e+00  -13.980560634948997
   3.4200000e+00   -14.118241219948997
   3.4300000e+00   -13.758762939948998
   3.4400000e+00   -13.022083359948997
   3.4500000e+00   -12.071421864948997
   3.4600000e+00   -11.068088984948997
   3.4700000e+00   -10.143210604948996
   3.4800000e+00   -9.383601184948995
   3.4900000e+00   -8.827074014948995
   3.5000000e+00   -8.449615059948995
   3.5100000e+00   -8.171688154948995
   3.5200000e+00   -7.911387794948995
   3.5300000e+00   -7.621780754948995
   3.5400000e+00   -7.2670907349489955
   3.5500000e+00   -6.797786469948996
   3.5600000e+00   -6.171882039948995
   3.5700000e+00   -5.385484529948995
   3.5800000e+00   -4.470678844948995
   3.5900000e+00   -3.472295314948995
   3.6000000e+00   -2.433251514948995
   3.6100000e+00   -1.389937814948995
   3.6200000e+00   -0.36930791494899484
   3.6300000e+00   0.6032053900510052
   3.6400000e+00   1.4900515350510053
   3.6500000e+00   2.245908200051005
   3.6600000e+00   2.822870640051005
   3.6700000e+00   3.139824295051005
   3.6800000e+00  3.068778870051005
   3.6900000e+00  2.527171510051005
   3.7000000e+00  1.5950840150510048
   3.7100000e+00  0.4765393150510049
   3.7200000e+00  -0.6593725349489952
   3.7300000e+00  -1.7457501849489951
   3.7400000e+00  -2.751940579948995
   3.7500000e+00  -3.629340049948995
   3.7600000e+00  -4.331784239948995
   3.7700000e+00  -4.842416709948995
   3.7800000e+00  -5.1613982649489945
   3.7900000e+00  -5.281741283448994
   3.8000000e+00   -5.183283276948995
   3.8100000e+00   -4.826289216948995
   3.8200000e+00   -4.125641566948995
   3.8300000e+00   -2.9706573519489954
   3.8400000e+00   -1.3434180519489953
   3.8500000e+00   0.594212698051005
   3.8600000e+00   2.591723698051005
   3.8700000e+00   4.473399748051005
   3.8800000e+00   6.1790401980510055
   3.8900000e+00   7.693549848051005
   3.9000000e+00   8.999122248051005
   3.9100000e+00   10.082887408051006
   3.9200000e+00   10.945762658051006
   3.9300000e+00   11.591231433051005
   3.9400000e+00   12.015243108051006
   3.9500000e+00   12.204950997551006
   3.9600000e+00  12.128890627051005
   3.9700000e+00  11.723028927051004
   3.9800000e+00  10.923853647051004
   3.9900000e+00  9.754440897051005
   4.0000000e+00  8.357045997051005
   4.0100000e+00  6.910190297051004
   4.0200000e+00  5.533930397051004
   4.0300000e+00  4.284096897051004
   4.0400000e+00  3.192206547051004
   4.0500000e+00  2.2748403920510043
   4.0600000e+00  1.5186360670510044
   4.0700000e+00  0.8840140170510045
   4.0800000e+00  0.3295456920510045
   4.0900000e+00  -0.1737223779489956
   4.1000000e+00  -0.6487757979489956
   4.1100000e+00  -1.1190814879489956
   4.1200000e+00  -1.5978813079489957
   4.1300000e+00  -2.074069212948996
   4.1400000e+00  -2.516003907948996
   4.1500000e+00  -2.888826467948996
   4.1600000e+00  -3.164584137948996
   4.1700000e+00  -3.3163301819489956
   4.1800000e+00   -3.3119722389489956
   4.1900000e+00   -3.1300709219489957
   4.2000000e+00   -2.7883557669489956
   4.2100000e+00   -2.3512514469489956
   4.2200000e+00   -1.9041943169489954
   4.2300000e+00   -1.5159017269489954
   4.2400000e+00   -1.2177326269489954
   4.2500000e+00   -1.0064928019489954
   4.2600000e+00   -0.8546161519489954
   4.2700000e+00   -0.7252538869489954
   4.2800000e+00   -0.5981333219489954
   4.2900000e+00   -0.4833586919489954
   4.3000000e+00   -0.4042902984489954
   4.3100000e+00   -0.3737759928989954
   4.3200000e+00  -0.38544004834899537
   4.3300000e+00  -0.4141611108489954
   4.3400000e+00   -0.4242913413489954
   4.3500000e+00   -0.38423226534899535
   4.3600000e+00   -0.27637828884899535
   4.3700000e+00   -0.10450772384899534
   4.3800000e+00   0.09624517115100467
   4.3900000e+00   0.26399199615100466
   4.4000000e+00   0.33755740665100464
   4.4100000e+00  0.27838582715100463
   4.4200000e+00  0.06990039715100463
   4.4300000e+00  -0.28323864284899536
   4.4400000e+00  -0.7462570578489953
   4.4500000e+00  -1.2579694828489953
   4.4600000e+00  -1.7532173728489953
   4.4700000e+00  -2.1826296378489953
   4.4800000e+00  -2.5165942278489952
   4.4900000e+00  -2.739492962848995
   4.5000000e+00  -2.847673375348995
   4.5100000e+00   -2.858635277848995
   4.5200000e+00   -2.817386003348995
   4.5300000e+00   -2.781321738348995
   4.5400000e+00  -2.796003944348995
   4.5500000e+00  -2.885614250848995
   4.5600000e+00  -3.0508463608489946
   4.5700000e+00  -3.2638493558489947
   4.5800000e+00  -3.478899155848995
   4.5900000e+00  -3.6592792408489947
   4.6000000e+00  -3.788681100848995
   4.6100000e+00  -3.862065163848995
   4.6200000e+00   -3.878315122348995
   4.6300000e+00   -3.841016905348995
   4.6400000e+00   -3.762046763848995
   4.6500000e+00   -3.664119554848995
   4.6600000e+00   -3.5758542698489952
   4.6700000e+00   -3.516853583848995
   4.6800000e+00   -3.478899127848995
   4.6900000e+00   -3.415323912848995
   4.7000000e+00   -3.241940172848995
   4.7100000e+00   -2.841505002848995
   4.7200000e+00   -2.105089167848995
   4.7300000e+00   -1.037647327848995
   4.7400000e+00   0.1915412221510051
   4.7500000e+00   1.3658106221510051
   4.7600000e+00   2.366832467151005
   4.7700000e+00   3.169994102151005
   4.7800000e+00   3.749462722151005
   4.7900000e+00   4.045304112151005
   4.8000000e+00  4.016674627151005
   4.8100000e+00  3.702962602151005
   4.8200000e+00  3.224272122151005
   4.8300000e+00  2.7190263471510048
   4.8400000e+00  2.281933792151005
   4.8500000e+00  1.9620328671510048
   4.8600000e+00  1.7952362351510047
   4.8700000e+00   1.7980664201510048
   4.8800000e+00   1.929198877151005
   4.8900000e+00   2.097581107151005
   4.9000000e+00   2.221808136651005
   4.9100000e+00  2.264340030951005
   4.9200000e+00  2.2208252342510053
   4.9300000e+00  2.1114173777510055
   4.9400000e+00  1.9826259527510055
   4.9500000e+00  1.8964103747510055
   4.9600000e+00   1.9170080147510056
   4.9700000e+00   2.0971068227510057
   4.9800000e+00   2.436288967751006
   4.9900000e+00   2.851717507751006
   5.0000000e+00   3.231602337751006
   5.0100000e+00   3.516296627751006
   5.0200000e+00   3.700636997751006
   5.0300000e+00   3.7836612467510062
   5.0400000e+00  3.7551611112510064
   5.0500000e+00  3.6175125567510062
   5.0600000e+00  3.3898536867510063
   5.0700000e+00  3.092009336751006
   5.0800000e+00  2.739076641751006
   5.0900000e+00  2.3474385467510057
   5.1000000e+00  1.9319295417510056
   5.1100000e+00  1.4979939317510056
   5.1200000e+00  1.0444549417510056
   5.1300000e+00  0.5675525417510056
   5.1400000e+00  0.05730975675100558
   5.1500000e+00  -0.49379172324899445
   5.1600000e+00  -1.0673917782489943
   5.1700000e+00  -1.6169687932489945
   5.1800000e+00  -2.0975964732489945
   5.1900000e+00  -2.4888536532489947
   5.2000000e+00  -2.7804941882489946
   5.2100000e+00  -2.9386849672489945
   5.2200000e+00   -2.8973258262489945
   5.2300000e+00   -2.6073245412489943
   5.2400000e+00   -2.1126868112489943
   5.2500000e+00   -1.5523333662489942
   5.2600000e+00   -1.0620171412489943
   5.2700000e+00   -0.7031805412489942
   5.2800000e+00   -0.49650951124899423
   5.2900000e+00  -0.4622335517489942
   5.3000000e+00  -0.5869580972489942
   5.3100000e+00  -0.7935961122489942
   5.3200000e+00  -0.9887087072489942
   5.3300000e+00  -1.1226993492489943
   5.3400000e+00  -1.1876727272489942
   5.3500000e+00   -1.1882946157489942
   5.3600000e+00   -1.1370314182489942
   5.3700000e+00   -1.0590204747489942
   5.3800000e+00   -0.9841809232489942
   5.3900000e+00   -0.9353144592489941
   5.4000000e+00  -0.9234447271489942
   5.4100000e+00  -0.9498465590489942
   5.4200000e+00  -1.0096989920489943
   5.4300000e+00  -1.0942958130489944
   5.4400000e+00  -1.1921650940489943
   5.4500000e+00  -1.2891964905489943
   5.4600000e+00  -1.3676884395489943
   5.4700000e+00  -1.4063350220489943
   5.4800000e+00   -1.3857446575489942
   5.4900000e+00   -1.2990501080489942
   5.5000000e+00   -1.1550020380489943
   5.5100000e+00   -0.9689945280489942
   5.5200000e+00   -0.7565026880489942
   5.5300000e+00   -0.5349012730489942
   5.5400000e+00   -0.32538841304899413
   5.5500000e+00   -0.15275391804899413
   5.5600000e+00   -0.04483029104899412
   5.5700000e+00  -0.02810692104899412
   5.5800000e+00  -0.11554191304899412
   5.5900000e+00  -0.2929490580489941
   5.6000000e+00  -0.5191559880489942
   5.6100000e+00  -0.7450022480489942
   5.6200000e+00  -0.9344734780489942
   5.6300000e+00  -1.0671974030489941
   5.6400000e+00  -1.1259683330489942
   5.6500000e+00   -1.0913200105489942
   5.6600000e+00   -0.9511177380489941
   5.6700000e+00   -0.7123005330489941
   5.6800000e+00   -0.4014192580489941
   5.6900000e+00   -0.05465588804899402
   5.7000000e+00   0.29588481195100597
   5.7100000e+00   0.634686366951006
   5.7200000e+00   0.962877181951006
   5.7300000e+00   1.282962096951006
   5.7400000e+00   1.589975766951006
   5.7500000e+00   1.879879566951006
   5.7600000e+00   2.154610926951006
   5.7700000e+00   2.412334291951006
   5.7800000e+00   2.641678276951006
   5.7900000e+00   2.831741951951006
   5.8000000e+00   2.980122696951006
   5.8100000e+00   3.085626866951006
   5.8200000e+00   3.140024366951006
   5.8300000e+00  3.132774924951006
   5.8400000e+00  3.0605856629510058
   5.8500000e+00  2.9272250679510057
   5.8600000e+00  2.731919917951006
   5.8700000e+00  2.461358217951006
   5.8800000e+00  2.0965017129510057
   5.8900000e+00  1.6230545229510058
   5.9000000e+00  1.0399800379510058
   5.9100000e+00  0.37593362295100585
   5.9200000e+00  -0.30272841204899414
   5.9300000e+00  -0.9198553520489942
   5.9400000e+00  -1.4313967770489942
   5.9500000e+00  -1.8332664570489943
   5.9600000e+00  -2.135284452048994
   5.9700000e+00  -2.342557787048994
   5.9800000e+00  -2.4579216695489943
   5.9900000e+00   -2.4861367725489942
   6.0000000e+00   -2.435132967048994
   6.0100000e+00   -2.3204433610489943
   6.0200000e+00   -2.1654080760489944
   6.0300000e+00   -1.9937715010489945
   6.0400000e+00   -1.8248559860489946
   6.0500000e+00   -1.6747800210489945
   6.0600000e+00   -1.5561356560489945
   6.0700000e+00   -1.4732938835489946
   6.0800000e+00   -1.4198219690489946
   6.0900000e+00   -1.3810123615489946
   6.1000000e+00   -1.3386464465489947
   6.1100000e+00   -1.2776279530489947
   6.1200000e+00   -1.1904679290489946
   6.1300000e+00   -1.0735960690489945
   6.1400000e+00   -0.9226184290489945
   6.1500000e+00   -0.7360349640489945
   6.1600000e+00   -0.5214110990489944
   6.1700000e+00   -0.2938190940489944
   6.1800000e+00   -0.06840925904899439
   6.1900000e+00   0.1436862409510056
   6.2000000e+00   0.33342000095100566
   6.2100000e+00   0.49238973595100566
   6.2200000e+00   0.6155495159510056
   6.2300000e+00   0.7028490909510056
   6.2400000e+00   0.7573443309510055
   6.2500000e+00   0.7844834419510055
   6.2600000e+00   0.7927140686010055
   6.2700000e+00  0.7912937319010055
   6.2800000e+00  0.7869582590010055
   6.2900000e+00  0.7826336386510054
   6.3000000e+00  0.7774017166010054
   6.3100000e+00  0.7674798103510054
   6.3200000e+00  0.7486488468510054
   6.3300000e+00  0.7182859298510054
   6.3400000e+00  0.6754247638510054
   6.3500000e+00  0.6198949203510054
   6.3600000e+00  0.5523746413510053
   6.3700000e+00  0.4752647633510053
   6.3800000e+00  0.39273850985100534
   6.3900000e+00  0.30966712285100534
   6.4000000e+00  0.23062485635100533
   6.4100000e+00  0.15939405885100533
   6.4200000e+00  0.09856901935100533
   6.4300000e+00  0.04931908385100533
   6.4400000e+00  0.01171181485100533
   6.4500000e+00  -0.01457513014899467
   6.4600000e+00  -0.02984628329899467
   6.4700000e+00   -0.034525855173994674
   6.4800000e+00   -0.029517829348994676
