   0.0000000e+00   0.0095427809
   2.0000000e-02   0.0466211118
   4.0000000e-02   0.08059087409999999
   6.0000000e-02  0.08401927069999998
   8.0000000e-02   0.125889123
   1.0000000e-01  0.14972018199999998
   1.2000000e-01  0.10041886099999997
   1.4000000e-01   0.09315310299999997
   1.6000000e-01  0.07488781499999997
   1.8000000e-01   0.06066452799999997
   2.0000000e-01  0.08333063989999998
   2.2000000e-01  0.03581089779999997
   2.4000000e-01   0.038522808799999975
   2.6000000e-01   0.08808107969999998
   2.8000000e-01  0.06958050959999998
   3.0000000e-01   0.06510553859999998
   3.2000000e-01  0.025384795599999982
   3.4000000e-01   -0.017371735400000025
   3.6000000e-01   0.056371585599999975
   3.8000000e-01  0.08579202059999998
   4.0000000e-01   0.07617136859999998
   4.2000000e-01   0.11128370659999999
   4.4000000e-01  0.11955834039999999
   4.6000000e-01   0.1927749392
   4.8000000e-01  0.2232519132
   5.0000000e-01  0.09356793220000001
   5.2000000e-01   0.0562119232
   5.4000000e-01  0.0741993252
   5.6000000e-01   0.0782874982
   5.8000000e-01   0.1728449332
   6.0000000e-01  0.11590576219999998
   6.2000000e-01  -0.03453824080000001
   6.4000000e-01   0.03769165619999999
   6.6000000e-01   0.14574273529999998
   6.8000000e-01  0.15064601049999998
   7.0000000e-01  0.13269008459999998
   7.2000000e-01  0.012071232599999981
   7.4000000e-01  -0.12265933240000002
   7.6000000e-01   0.03022872259999998
   7.8000000e-01  0.1775922626
   8.0000000e-01  0.0937653486
   8.2000000e-01  -0.010366190400000003
   8.4000000e-01  -0.18746458540000002
   8.6000000e-01   -0.15407255540000003
   8.8000000e-01   0.003142802699999947
   9.0000000e-01  -0.03242900820000005
   9.2000000e-01  -0.15606944720000004
   9.4000000e-01   -0.21642431920000005
   9.6000000e-01   -0.13280515420000005
   9.8000000e-01  -0.14874218320000004
   1.0000000e+00  -0.24336639020000003
   1.0200000e+00  -0.2799443702
   1.0400000e+00   -0.2526613002
   1.0600000e+00   -0.07511899119999998
   1.0800000e+00   0.11245927780000003
   1.1000000e+00   0.22410835780000005
   1.1200000e+00  0.20418730280000005
   1.1400000e+00  -0.02932644319999994
   1.1600000e+00   -0.17401704319999994
   1.1800000e+00   -0.10219833819999993
   1.2000000e+00  -0.05292895919999993
   1.2200000e+00   -0.04963877219999993
   1.2400000e+00   -0.016916096199999932
   1.2600000e+00  -0.19286182319999992
   1.2800000e+00   -0.15871989319999996
   1.3000000e+00   0.13560863380000004
   1.3200000e+00  -0.03338638919999998
   1.3400000e+00   -0.025377269199999976
   1.3600000e+00   0.23742198380000004
   1.3800000e+00  0.03691553680000004
   1.4000000e+00   -0.16296321519999998
   1.4200000e+00  -0.24460969719999998
   1.4400000e+00  -0.36567705619999996
   1.4600000e+00   -0.2637554752
   1.4800000e+00   -0.04960085919999996
   1.5000000e+00   0.08959627780000004
   1.5200000e+00  -0.09880017120000001
   1.5400000e+00  -0.38716023820000006
   1.5600000e+00  -0.5710653152
   1.5800000e+00  -0.7263028542000001
   1.6000000e+00   -0.5136117932
   1.6200000e+00   -0.24332090320000005
   1.6400000e+00   -0.17456732820000004
   1.6600000e+00   -0.12612410720000006
   1.6800000e+00  -0.19438101920000006
   1.7000000e+00   -0.27370500025000005
   1.7200000e+00   -0.22083068830000005
   1.7400000e+00   -0.16422011900000005
   1.7600000e+00   -0.14122473870000005
   1.7800000e+00   -0.08309016470000005
   1.8000000e+00  -0.13021547570000006
   1.8200000e+00  -0.3681975847000001
   1.8400000e+00  -0.6483882847000001
   1.8600000e+00  -0.9374291847
   1.8800000e+00   -1.0126128887
   1.9000000e+00   -0.6814744027000001
   1.9200000e+00   -0.3345386027000002
   1.9400000e+00  -0.26247393970000016
   1.9600000e+00  -0.5163081167000002
   1.9800000e+00  -0.8347247837000003
   2.0000000e+00   -0.7081238307000003
   2.0200000e+00   -0.2361778707000003
   2.0400000e+00   0.0866484732999997
   2.0600000e+00  0.00798601729999969
   2.0800000e+00  -0.3681093327000003
   2.1000000e+00  -0.9433642427000004
   2.1200000e+00  -1.3034491297000004
   2.1400000e+00   -1.1616398967000003
   2.1600000e+00   -0.5579655467000003
   2.1800000e+00   0.2818649032999997
   2.2000000e+00  0.4268626132999997
   2.2200000e+00  -0.4145423267000004
   2.2400000e+00  -1.2740255067000004
   2.2600000e+00   -0.9897275067000004
   2.2800000e+00   0.17517302329999973
   2.3000000e+00   1.2330604432999996
   2.3200000e+00  1.5105048332999997
   2.3400000e+00   1.3821270522999998
   2.3600000e+00   1.8964156612999998
   2.3800000e+00   2.9884191713
   2.4000000e+00   4.1705833713
   2.4200000e+00  4.6423876023
   2.4400000e+00  3.9147283033000004
   2.4600000e+00  2.6872765233000004
   2.4800000e+00  1.6020552233000003
   2.5000000e+00  1.0135590133000003
   2.5200000e+00  0.3001689633000003
   2.5400000e+00  -0.4133002766999997
   2.5600000e+00   -0.07078365669999964
   2.5800000e+00  -0.06400070669999959
   2.6000000e+00   -0.15121556669999958
   2.6200000e+00   0.36229163330000036
   2.6400000e+00  0.35044571330000035
   2.6600000e+00   0.3428139333000004
   2.6800000e+00   1.3589821633000003
   2.7000000e+00   2.4827117533000003
   2.7200000e+00  2.4112844633000003
   2.7400000e+00  1.2649186033000004
   2.7600000e+00  -1.0209769167
   2.7800000e+00  -2.8340640267
   2.8000000e+00   -2.5221774267
   2.8200000e+00   -0.7355384166999999
   2.8400000e+00   1.8319743833000004
   2.8600000e+00   4.634713883300001
   2.8800000e+00  5.930360793300001
   2.9000000e+00  4.563404003300001
   2.9200000e+00  1.7850140033000015
   2.9400000e+00  -1.4789327966999983
   2.9600000e+00  -4.9049566966999985
   2.9800000e+00  -7.722168196699998
   3.0000000e+00  -9.851736486699998
   3.0200000e+00  -11.289342616699997
   3.0400000e+00   -10.616693956699997
   3.0600000e+00   -6.793245456699998
   3.0800000e+00   -0.49269915669999786
   3.1000000e+00   5.977929543300002
   3.1200000e+00   9.047319023300002
   3.1400000e+00  7.2776240033000015
   3.1600000e+00  2.1768352033000014
   3.1800000e+00  -3.447871996699999
   3.2000000e+00  -7.194687996699999
   3.2200000e+00  -8.602233236699998
   3.2400000e+00   -7.682585576699998
   3.2600000e+00   -4.382403176699999
   3.2800000e+00   0.5645638233000012
   3.3000000e+00   4.911656723300001
   3.3200000e+00   8.3154818233
   3.3400000e+00   10.2970351033
   3.3600000e+00  8.1765020833
   3.3800000e+00  3.690337683300001
   3.4000000e+00  0.46071208330000113
   3.4200000e+00  -1.860159316699999
   3.4400000e+00  -4.260648616699999
   3.4600000e+00   -5.3266904147
   3.4800000e+00   -4.4180212627
   3.5000000e+00   -1.5951800126999998
   3.5200000e+00   2.7631727873000007
   3.5400000e+00   6.9568061873000016
   3.5600000e+00  8.404652757300001
   3.5800000e+00  6.047852527300001
   3.6000000e+00  1.5940855273000007
   3.6200000e+00  -1.9945880726999996
   3.6400000e+00  -3.3027826426999995
   3.6600000e+00  -3.6973335026999994
   3.6800000e+00   -3.1732435626999993
   3.7000000e+00   -1.4403909326999993
   3.7200000e+00   -0.2917363226999994
   3.7400000e+00  -0.6919204426999994
   3.7600000e+00  -2.1628114526999997
   3.7800000e+00  -4.3757644327000005
   3.8000000e+00  -6.014484422700001
   3.8200000e+00   -5.164048212700001
   3.8400000e+00   -1.540143912700001
   3.8600000e+00   3.8174557872999997
   3.8800000e+00   8.7557597873
   3.9000000e+00   10.936662187300001
   3.9200000e+00  9.852663487300001
   3.9400000e+00  6.590571787300002
   3.9600000e+00  2.587688387300002
   3.9800000e+00  -1.356508412699998
   4.0000000e+00  -4.6607281126999975
   4.0200000e+00  -6.070684537699997
   4.0400000e+00   -5.8316621026999975
   4.0600000e+00  -6.372338982699998
   4.0800000e+00  -8.259609522699998
   4.1000000e+00  -9.547511412699999
   4.1200000e+00   -8.834270502699999
   4.1400000e+00   -6.541453702699998
   4.1600000e+00   -4.085780702699998
   4.1800000e+00   -1.8587348026999986
   4.2000000e+00   0.09864749730000133
   4.2200000e+00   1.8843415573000015
   4.2400000e+00   3.2396798273000016
   4.2600000e+00  3.2541594073000017
   4.2800000e+00  2.1444806773000016
   4.3000000e+00  0.7466126473000014
   4.3200000e+00  -0.41957342269999853
   4.3400000e+00   -0.5521705226999986
   4.3600000e+00   0.7565135273000013
   4.3800000e+00   2.3971522173000013
   4.4000000e+00   3.940019937300001
   4.4200000e+00   5.131397137300001
   4.4400000e+00  5.177646167300002
   4.4600000e+00  4.465015497300001
   4.4800000e+00  3.359078857300001
   4.5000000e+00  2.1407725873000008
   4.5200000e+00   1.6537754443000008
   4.5400000e+00   2.114559991300001
   4.5600000e+00   2.884308441300001
   4.5800000e+00   3.300103181300001
   4.6000000e+00   3.4695913913000007
   4.6200000e+00   3.7197469613000007
   4.6400000e+00  3.414751741300001
   4.6600000e+00  2.3002573913000006
   4.6800000e+00  0.6801393013000006
   4.7000000e+00  -1.7347933286999995
   4.7200000e+00  -4.237689228699999
   4.7400000e+00   -5.162118758699999
   4.7600000e+00   -4.497325668699999
   4.7800000e+00   -3.350034178699999
   4.8000000e+00   -2.114538978699999
   4.8200000e+00   -1.3651795286999988
   4.8400000e+00   -1.063489028699999
   4.8600000e+00   0.32107285130000096
   4.8800000e+00   3.052390851300001
   4.9000000e+00   6.113078651300001
   4.9200000e+00   8.189520801300002
   4.9400000e+00  8.093034491300003
   4.9600000e+00  6.493168991300003
   4.9800000e+00  4.635547611300003
   5.0000000e+00  2.8514244913000035
   5.0200000e+00  0.6077009113000034
   5.0400000e+00  -2.7353022886999967
   5.0600000e+00  -6.667835988699997
   5.0800000e+00  -10.092273588699996
   5.1000000e+00  -12.056884588699996
   5.1200000e+00   -11.951640768699995
   5.1400000e+00   -9.801644448699996
   5.1600000e+00   -6.609713148699996
   5.1800000e+00   -3.602292648699996
   5.2000000e+00   -0.5924067486999962
   5.2200000e+00   3.0089748513000036
   5.2400000e+00   6.0497103513000035
   5.2600000e+00  6.365044431300003
   5.2800000e+00  4.630757901300003
   5.3000000e+00  2.8001796213000025
   5.3200000e+00  1.0783225613000025
   5.3400000e+00  -0.16984523869999757
   5.3600000e+00  -0.7752347186999976
   5.3800000e+00  -1.2051289786999977
   5.4000000e+00  -1.8285329986999976
   5.4200000e+00  -2.5502432486999975
   5.4400000e+00  -2.8881376266999976
   5.4600000e+00   -2.1191739046999976
   5.4800000e+00   -0.24954522469999763
   5.5000000e+00   1.6505646653000023
   5.5200000e+00   2.845081975300002
   5.5400000e+00  3.122379442300002
   5.5600000e+00  2.845065209300002
   5.5800000e+00  2.5749577953000022
   5.6000000e+00  2.1388704013000024
   5.6200000e+00  1.1478888513000025
   5.6400000e+00  -0.18937858869999746
   5.6600000e+00  -1.4066062386999973
   5.6800000e+00  -2.2701177086999973
   5.7000000e+00   -2.3939790186999974
   5.7200000e+00   -1.5093696186999974
   5.7400000e+00   -0.3058379186999973
   5.7600000e+00   0.5901266913000027
   5.7800000e+00   1.3848490713000028
   5.8000000e+00   2.320778761300003
   5.8200000e+00   3.150622741300003
   5.8400000e+00  3.224402161300003
   5.8600000e+00  2.5656783813000033
   5.8800000e+00  2.1023937083000033
   5.9000000e+00  2.0465248318100033
   5.9200000e+00  1.7147979683200032
   5.9400000e+00  0.7300867783200031
   5.9600000e+00  -0.09743494167999689
   5.9800000e+00  -0.27715958117999684
   6.0000000e+00  -0.39361507067999685
   6.0200000e+00  -0.7960730506799969
   6.0400000e+00  -1.5473655506799968
   6.0600000e+00  -2.427588620679997
   6.0800000e+00  -3.199299760679997
   6.1000000e+00  -3.809766380679997
   6.1200000e+00  -4.455267750679997
   6.1400000e+00  -5.259330860679998
   6.1600000e+00  -5.783700590679998
   6.1800000e+00   -5.4407936006799975
   6.2000000e+00   -4.269799530679998
   6.2200000e+00   -2.7597976806799975
   6.2400000e+00   -1.2334471206799973
   6.2600000e+00   0.27806836932000256
   6.2800000e+00   1.7532304493200026
   6.3000000e+00   2.8987383893200027
   6.3200000e+00   3.585466859320003
   6.3400000e+00   3.989142779320003
   6.3600000e+00  4.056943693320003
   6.3800000e+00  3.6194075073200027
   6.4000000e+00  2.842226327320003
   6.4200000e+00  1.8980942573200028
   6.4400000e+00  1.1996593873200028
   6.4600000e+00   1.0747712053200027
   6.4800000e+00  1.0849118743200028
   6.5000000e+00  0.9048250153200028
   6.5200000e+00  0.5149511453200029
   6.5400000e+00  -0.050673054679997165
   6.5600000e+00  -0.5312768946799972
   6.5800000e+00   -0.5171484846799972
   6.6000000e+00   0.2403041953200028
   6.6200000e+00   1.327397525320003
   6.6400000e+00   2.1594808453200027
   6.6600000e+00   2.6122707353200028
   6.6800000e+00   2.827081085320003
   6.7000000e+00  2.733653985320003
   6.7200000e+00  2.366834305320003
   6.7400000e+00  1.992199055320003
   6.7600000e+00  1.572217745320003
   6.7800000e+00  1.121842455320003
   6.8000000e+00  0.707696875320003
   6.8200000e+00  0.15692752532000298
   6.8400000e+00  -0.482677804679997
   6.8600000e+00   -0.728609339679997
   6.8800000e+00  -0.862088244679997
   6.9000000e+00  -1.399338834679997
   6.9200000e+00  -1.894108254679997
   6.9400000e+00  -2.086314565679997
   6.9600000e+00   -1.7620200066799967
   6.9800000e+00   -0.8530191666799968
   7.0000000e+00   -0.2470224716799968
   7.0200000e+00  -0.4563210766799968
   7.0400000e+00  -1.1459999866799966
   7.0600000e+00  -1.6787327866799966
   7.0800000e+00   -1.3474367966799967
   7.1000000e+00   -0.27989729667999663
   7.1200000e+00   0.38356389932000345
   7.1400000e+00  0.04593433532000346
   7.1600000e+00  -0.7486493446799967
   7.1800000e+00  -1.664398474679997
   7.2000000e+00  -2.4165724346799973
   7.2200000e+00   -2.5677826146799974
   7.2400000e+00   -2.1882723246799975
   7.2600000e+00   -1.4746281446799974
   7.2800000e+00   -0.8886757246799973
   7.3000000e+00   -0.5769126446799974
   7.3200000e+00   -0.07300679467999738
   7.3400000e+00   0.6126873953200027
   7.3600000e+00   1.2452822653200029
   7.3800000e+00   1.6473239353200029
   7.4000000e+00  1.710326166320003
   7.4200000e+00  1.5695185473200028
   7.4400000e+00  1.3849391123200028
   7.4600000e+00  1.1472910473200029
   7.4800000e+00  0.6668616873200028
   7.5000000e+00  -0.005341022679997143
   7.5200000e+00  -0.6958569626799971
   7.5400000e+00  -1.3099253326799971
   7.5600000e+00  -1.692104012679997
   7.5800000e+00  -1.834303033679997
   7.6000000e+00  -1.865467007279997
   7.6200000e+00  -1.9418948078799971
   7.6400000e+00  -2.125024885879997
   7.6600000e+00   -2.179643426879997
   7.6800000e+00   -1.919088597879997
   7.7000000e+00   -1.228066757879997
   7.7200000e+00   0.06679661212000276
   7.7400000e+00   1.771189562120003
   7.7600000e+00   3.387599592120003
   7.7800000e+00   4.223967162120003
   7.8000000e+00  4.153079472120003
   7.8200000e+00  3.6916312121200026
   7.8400000e+00  2.7026246321200027
   7.8600000e+00  1.3218960521200027
   7.8800000e+00  0.2343790621200026
   7.9000000e+00  -0.2673750458799974
   7.9200000e+00   -0.13024943387999738
   7.9400000e+00   0.16096887212000266
   7.9600000e+00  0.03302006812000266
   7.9800000e+00  -0.44044317187999726
   8.0000000e+00  -0.9106251418799973
   8.0200000e+00  -1.2701956718799974
   8.0400000e+00  -1.6139898118799973
   8.0600000e+00  -2.078389151879997
   8.0800000e+00  -2.519209131879997
   8.1000000e+00   -2.507630561879997
   8.1200000e+00   -1.979482771879997
   8.1400000e+00   -0.919336441879997
   8.1600000e+00   0.405456908120003
   8.1800000e+00   1.349449058120003
   8.2000000e+00   1.934404558120003
   8.2200000e+00   2.215256553120003
   8.2400000e+00  2.1121074881200026
   8.2600000e+00  1.7564698281200026
   8.2800000e+00  1.2893818281200027
   8.3000000e+00  0.9864777931200026
   8.3200000e+00  0.8701130431200026
   8.3400000e+00  0.6537025881200026
   8.3600000e+00  0.2477872881200026
   8.3800000e+00  -0.21305093187999735
   8.4000000e+00  -0.5344680928799973
   8.4200000e+00   -0.4018350238799973
   8.4400000e+00   0.14388569612000274
   8.4600000e+00   0.7690631161200028
   8.4800000e+00   1.2448296961200027
   8.5000000e+00  1.3569478171200027
   8.5200000e+00  1.1451379381200026
   8.5400000e+00  0.6877972181200027
   8.5600000e+00  0.00815239812000268
   8.5800000e+00  -0.6396398418799973
   8.6000000e+00  -1.0599533918799975
   8.6200000e+00   -1.1981988778799975
   8.6400000e+00   -1.0577128038799974
   8.6600000e+00   -0.6154867738799974
   8.6800000e+00   0.2606511861200027
   8.7000000e+00   1.4555866761200027
   8.7200000e+00   2.3582679461200025
   8.7400000e+00  2.3674715961200024
   8.7600000e+00  1.4509421961200024
   8.7800000e+00  -0.06861513387999763
   8.8000000e+00  -1.7944301938799976
   8.8200000e+00  -3.232115903879998
   8.8400000e+00   -3.8083143882799977
   8.8600000e+00   -3.5917943626799977
   8.8800000e+00   -3.1780591526799977
   8.9000000e+00   -2.809365052679998
   8.9200000e+00   -2.559449873679998
   8.9400000e+00   -2.151941784679998
   8.9600000e+00   -1.4240013746799982
   8.9800000e+00   -0.7970776846799982
   9.0000000e+00   -0.4754429066799982
   9.0200000e+00   -0.3707115006799982
   9.0400000e+00   -0.2447830726799982
   9.0600000e+00   0.3290265873200018
   9.0800000e+00   1.0869127273200019
   9.1000000e+00  1.1170040473200018
   9.1200000e+00  0.41166911732000167
   9.1400000e+00  -0.25406076267999844
   9.1600000e+00   -0.4452296446799984
   9.1800000e+00   -0.0717594266799984
   9.2000000e+00   0.9811702533200017
   9.2200000e+00   2.4817846733200017
   9.2400000e+00   4.073255983320002
   9.2600000e+00   5.154706123320002
   9.2800000e+00  4.835614463320002
   9.3000000e+00  3.1094642633200023
   9.3200000e+00  0.8997054633200023
   9.3400000e+00  -0.6475492566799976
   9.3600000e+00  -1.6043767266799978
   9.3800000e+00  -2.374441166679998
   9.4000000e+00  -2.689565735679998
   9.4200000e+00   -2.624970571679998
   9.4400000e+00   -1.9813458786799978
   9.4600000e+00   -0.7241041886799977
   9.4800000e+00   0.32998903132000224
   9.5000000e+00  0.3836147613200022
   9.5200000e+00  -0.5325277086799978
   9.5400000e+00  -1.8445702286799979
   9.5600000e+00  -3.1133736686799978
   9.5800000e+00  -3.893648888679998
   9.6000000e+00   -3.9096057986799977
   9.6200000e+00   -3.4198988186799975
   9.6400000e+00   -2.6114332386799974
   9.6600000e+00   -1.2971575686799972
   9.6800000e+00   0.33980956132000273
   9.7000000e+00   1.9223305713200025
   9.7200000e+00   3.454945021320002
   9.7400000e+00   4.557481151320002
   9.7600000e+00  4.6717919013200015
   9.7800000e+00  4.139944991320002
   9.8000000e+00  3.3287413213200017
   9.8200000e+00  2.3126516313200014
   9.8400000e+00  1.2737607913200013
   9.8600000e+00  0.22662675132000132
   9.8800000e+00  -0.8323320286799989
   9.9000000e+00  -1.7615668586799988
   9.9200000e+00  -2.219827058679999
   9.9400000e+00   -1.977514898679999
   9.9600000e+00   -1.287344968679999
   9.9800000e+00   -0.4603015886799988
   1.0000000e+01   0.46955694132000125
   1.0020000e+01   1.412094451320001
   1.0040000e+01   2.167778891320001
   1.0060000e+01  2.380189264320001
   1.0080000e+01  1.972060507320001
   1.0100000e+01  1.2130437773200011
   1.0120000e+01  0.15892853732000112
   1.0140000e+01  -0.922899732679999
   1.0160000e+01   -1.387009803679999
   1.0180000e+01   -1.1783400246799989
   1.0200000e+01   -0.7968962446799988
   1.0220000e+01   -0.48809718467999874
   1.0240000e+01  -0.48663611467999873
   1.0260000e+01  -0.7982256446799987
   1.0280000e+01  -1.1536836946799987
   1.0300000e+01  -1.4195004886799987
   1.0320000e+01   -1.4881244576799988
   1.0340000e+01   -1.2774476026799988
   1.0360000e+01   -0.8257736426799989
   1.0380000e+01   -0.27340360267999886
   1.0400000e+01   0.12852002732000117
   1.0420000e+01  0.2390256150200012
   1.0440000e+01   0.2390042390200012
   1.0460000e+01  0.1848399983200012
   1.0480000e+01  0.0171652213200012
   1.0500000e+01   -0.0751174606799988
   1.0520000e+01   0.060436447320001196
   1.0540000e+01   0.3375089873200012
   1.0560000e+01   0.5437411783200012
   1.0580000e+01  0.4368122993200012
   1.0600000e+01  0.056603199320001185
   1.0620000e+01  -0.2768205106799988
   1.0640000e+01   -0.2996283476799988
   1.0660000e+01   0.1471498253200012
   1.0680000e+01   0.9598640953200013
   1.0700000e+01   1.9771766853200012
   1.0720000e+01   3.0107805253200013
   1.0740000e+01   3.5468994653200014
   1.0760000e+01  3.3427587353200012
   1.0780000e+01  2.294566415320001
   1.0800000e+01  0.46545703532000116
   1.0820000e+01  -1.398921774679999
   1.0840000e+01  -2.700387064679999
   1.0860000e+01  -3.382300664679999
   1.0880000e+01  -3.628745446679999
   1.0900000e+01   -3.586976108679999
   1.0920000e+01   -3.137564328679999
   1.0940000e+01   -2.198048138679999
   1.0960000e+01   -1.016051188679999
   1.0980000e+01   -0.14657915867999893
   1.1000000e+01  -0.08288882867999892
   1.1020000e+01  -0.4386241586799989
   1.1040000e+01   -0.5568476446799989
   1.1060000e+01   -0.2777839406799989
   1.1080000e+01   0.33378119932000117
   1.1100000e+01   1.033884339320001
   1.1120000e+01   1.6780098693200012
   1.1140000e+01   2.163801729320001
   1.1160000e+01   2.394580949320001
   1.1180000e+01  2.297575549320001
   1.1200000e+01  1.8380629993200013
   1.1220000e+01  1.0841470393200012
   1.1240000e+01  0.20066197932000118
   1.1260000e+01  -0.6783524206799989
   1.1280000e+01  -1.311529580679999
   1.1300000e+01   -1.470206197679999
   1.1320000e+01   -1.333723614679999
   1.1340000e+01   -1.0960851046799989
   1.1360000e+01   -0.8352853446799988
   1.1380000e+01   -0.5690175346799988
   1.1400000e+01   -0.3868361316799988
   1.1420000e+01  -0.43581992967999883
   1.1440000e+01  -0.6402901306799988
   1.1460000e+01   -0.7357206666799989
   1.1480000e+01   -0.5851967526799989
   1.1500000e+01   -0.2049025426799989
   1.1520000e+01   0.2735414373200011
   1.1540000e+01  0.4032212813200011
   1.1560000e+01  0.06174632532000113
   1.1580000e+01  -0.3412016146799988
   1.1600000e+01  -0.6026950946799987
   1.1620000e+01   -0.6840742166799987
   1.1640000e+01   -0.6458535436799987
   1.1660000e+01  -0.6488561776799987
   1.1680000e+01   -0.5935497886799987
   1.1700000e+01   -0.29032945067999877
   1.1720000e+01   0.18902609932000125
   1.1740000e+01   0.7275715693200012
   1.1760000e+01   1.2832486593200012
   1.1780000e+01   1.8553087893200013
   1.1800000e+01   2.5393781193200016
   1.1820000e+01   3.2106307993200014
   1.1840000e+01  3.3280133493200013
   1.1860000e+01  2.778151149320001
   1.1880000e+01  2.046525399320001
   1.1900000e+01  1.226450189320001
   1.1920000e+01  0.309490999320001
   1.1940000e+01  -0.5741247806799991
   1.1960000e+01  -1.2899155806799991
   1.1980000e+01  -1.596268970679999
   1.2000000e+01   -1.403655690679999
   1.2020000e+01   -0.943285680679999
   1.2040000e+01   -0.455750540679999
   1.2060000e+01   0.08008852932000099
   1.2080000e+01   0.612467199320001
   1.2100000e+01   0.998409789320001
   1.2120000e+01  1.065518365320001
   1.2140000e+01  0.6592408713200011
   1.2160000e+01  -0.20381617867999902
   1.2180000e+01  -1.419991348679999
   1.2200000e+01  -2.7856413886799993
   1.2220000e+01  -3.9746538986799993
   1.2240000e+01  -4.531952809679999
   1.2260000e+01   -4.292578430679999
   1.2280000e+01   -3.577087610679999
   1.2300000e+01   -2.6071441106799993
   1.2320000e+01   -1.4793608306799992
   1.2340000e+01   -0.32255996067999915
   1.2360000e+01   0.7641788693200009
   1.2380000e+01   1.592525349320001
   1.2400000e+01   1.951015194320001
   1.2420000e+01  1.9310100303200008
   1.2440000e+01  1.7316903213200008
   1.2460000e+01  1.4400474513200008
   1.2480000e+01  1.1377150213200007
   1.2500000e+01  0.8497875613200007
   1.2520000e+01  0.6012748813200006
   1.2540000e+01   0.5311350483200006
   1.2560000e+01   0.7822819553200007
   1.2580000e+01   1.1947512353200007
   1.2600000e+01   1.4897546373200008
   1.2620000e+01  1.5724379013200007
   1.2640000e+01  1.5333012083200006
   1.2660000e+01  1.4775708883200007
   1.2680000e+01  1.3458869533200006
   1.2700000e+01  1.0544524633200005
   1.2720000e+01  0.7040101033200006
   1.2740000e+01  0.4572255023200006
   1.2760000e+01  0.3417857553200006
   1.2780000e+01  0.2236217293200006
   1.2800000e+01  -0.006039230679999397
   1.2820000e+01  -0.2935378506799994
   1.2840000e+01  -0.5824526906799994
   1.2860000e+01  -0.8919076206799994
   1.2880000e+01  -1.2333403906799993
   1.2900000e+01  -1.5896648706799994
   1.2920000e+01  -1.9297741606799994
   1.2940000e+01  -2.1668954826799993
   1.2960000e+01   -2.1438837646799995
   1.2980000e+01   -1.7085508346799996
   1.3000000e+01   -0.9319569246799996
   1.3020000e+01   -0.01604793467999943
   1.3040000e+01   0.8228134953200006
   1.3060000e+01   1.3545590953200006
   1.3080000e+01   1.5278378533200005
   1.3100000e+01  1.4420845153200006
   1.3120000e+01  1.1858517393200005
   1.3140000e+01  0.8249806093200005
   1.3160000e+01  0.41563282932000045
   1.3180000e+01  0.0550326593200004
   1.3200000e+01  -0.11072140567999961
   1.3220000e+01   -0.1119976186799996
   1.3240000e+01   -0.04470513267999961
   1.3260000e+01   0.07469277032000039
   1.3280000e+01   0.18836961232000038
   1.3300000e+01   0.27709762732000043
   1.3320000e+01  0.3111092382200004
   1.3340000e+01  0.1640268271200004
   1.3360000e+01  -0.11520603287999956
   1.3380000e+01  -0.3272492968799996
   1.3400000e+01  -0.4942293688799996
   1.3420000e+01  -0.7193636268799996
   1.3440000e+01  -0.9317682208799996
   1.3460000e+01   -0.9310605878799996
   1.3480000e+01   -0.6510732108799996
   1.3500000e+01   -0.3346852808799996
   1.3520000e+01  -0.2586746898799996
   1.3540000e+01  -0.3779095848799996
   1.3560000e+01   -0.4435432860799996
   1.3580000e+01   -0.3992917422799996
   1.3600000e+01   -0.3619906529799996
   1.3620000e+01  -0.3602464580999996
   1.3640000e+01   -0.26606245551999963
   1.3660000e+01   0.02424586248000038
   1.3680000e+01   0.41443679248000037
   1.3700000e+01   0.7253736224800004
   1.3720000e+01   0.8877908054800003
   1.3740000e+01   0.9355553387800003
   1.3760000e+01  0.9050400260800003
   1.3780000e+01  0.7535598030800004
   1.3800000e+01  0.44835812308000034
   1.3820000e+01  0.05515507308000028
   1.3840000e+01  -0.2899724769199997
   1.3860000e+01   -0.4121902709199997
   1.3880000e+01   -0.23507036491999972
   1.3900000e+01   0.15045580508000028
   1.3920000e+01   0.5679342150800003
   1.3940000e+01   0.8161601420800003
   1.3960000e+01  0.7297266390800003
   1.3980000e+01  0.3572558090800003
   1.4000000e+01  -0.038350890919999714
   1.4020000e+01  -0.2654780449199997
   1.4040000e+01   -0.3262766616199997
   1.4060000e+01   -0.2999997823199997
   1.4080000e+01  -0.3016792723199997
   1.4100000e+01  -0.4073765973199997
   1.4120000e+01  -0.6074843103199997
   1.4140000e+01  -0.8187143793199997
   1.4160000e+01  -0.9341383393199997
   1.4180000e+01   -0.8843332083199997
   1.4200000e+01   -0.5972790163199997
   1.4220000e+01   -0.13150571631999963
   1.4240000e+01   0.3576758736800004
   1.4260000e+01   0.7841760336800003
   1.4280000e+01   1.0738219736800003
   1.4300000e+01   1.1830596086800003
   1.4320000e+01  1.1167402706800003
   1.4340000e+01  0.9179930076800003
   1.4360000e+01  0.7464463646800003
   1.4380000e+01   0.7399830786800002
   1.4400000e+01   0.8519005816800003
   1.4420000e+01   0.9458267526800003
   1.4440000e+01  0.8965209836800003
   1.4460000e+01  0.6821328396800004
   1.4480000e+01  0.3969768096800004
   1.4500000e+01  0.09950469968000036
   1.4520000e+01  -0.21231741031999968
   1.4540000e+01  -0.5497839203199997
   1.4560000e+01  -0.8710691303199997
   1.4580000e+01  -1.0912495133199998
   1.4600000e+01  -1.1818602033199999
   1.4620000e+01   -1.1444353023199998
   1.4640000e+01   -0.9864894543199998
   1.4660000e+01   -0.7709216843199997
   1.4680000e+01   -0.5325195743199997
   1.4700000e+01   -0.22349143431999974
   1.4720000e+01   0.06614289568000031
   1.4740000e+01   0.1827860208800003
   1.4760000e+01  0.12376851408000028
   1.4780000e+01  -0.0012060869199997382
   1.4800000e+01  -0.07773691591999975
   1.4820000e+01  -0.10003940391999974
   1.4840000e+01  -0.14622534391999975
   1.4860000e+01  -0.24311943991999974
   1.4880000e+01   -0.29709794881999974
   1.4900000e+01   -0.28265947671999975
   1.4920000e+01   -0.26867675721999973
   1.4940000e+01   -0.24071545571999972
   1.4960000e+01   -0.1849057037199997
   1.4980000e+01   -0.0974472937199997
   1.5000000e+01   0.0626201532800003
   1.5020000e+01   0.2912503732800003
   1.5040000e+01   0.5365873232800004
   1.5060000e+01   0.7193358622800003
   1.5080000e+01  0.7726817202800004
   1.5100000e+01  0.7086997512800004
   1.5120000e+01  0.6030596152800004
   1.5140000e+01  0.4791032612800004
   1.5160000e+01  0.3537709982800004
   1.5180000e+01  0.2596284882800004
   1.5200000e+01  0.1766613072800004
   1.5220000e+01  0.09576272328000039
   1.5240000e+01  0.016987015280000392
   1.5260000e+01  -0.08577094371999962
   1.5280000e+01  -0.22174206071999963
   1.5300000e+01   -0.28800028161999963
   1.5320000e+01   -0.15668907251999964
   1.5340000e+01   0.1789551374800003
   1.5360000e+01   0.5679439674800003
   1.5380000e+01   0.7864170864800003
   1.5400000e+01  0.7276236634800003
   1.5420000e+01  0.4276611414800003
   1.5440000e+01  0.032925941480000276
   1.5460000e+01  -0.27623317851999973
   1.5480000e+01  -0.44748213251999974
   1.5500000e+01   -0.5022125218199998
   1.5520000e+01   -0.3890092771199998
   1.5540000e+01   -0.08183096711999976
   1.5560000e+01   0.2838655128800002
   1.5580000e+01   0.5203408958800002
   1.5600000e+01  0.5448239028800002
   1.5620000e+01  0.3828929468800002
   1.5640000e+01  0.11692922688000018
   1.5660000e+01  -0.18629181311999987
   1.5680000e+01  -0.5181754131199999
   1.5700000e+01  -0.8297284631199999
   1.5720000e+01  -1.00033717212
   1.5740000e+01   -0.99278384612
   1.5760000e+01   -0.89930913312
   1.5780000e+01   -0.78636429712
   1.5800000e+01   -0.62218904912
   1.5820000e+01   -0.38629289912
   1.5840000e+01   -0.15063493911999998
   1.5860000e+01  -0.06073521211999998
   1.5880000e+01  -0.18446732512
   1.5900000e+01  -0.41854040512
   1.5920000e+01  -0.6085479231200001
   1.5940000e+01   -0.65391381412
   1.5960000e+01   -0.5533197431200001
   1.5980000e+01   -0.37169751912000004
   1.6000000e+01   -0.12484881912000004
   1.6020000e+01   0.18512194087999997
   1.6040000e+01   0.48700411087999995
   1.6060000e+01   0.7272080808799999
   1.6080000e+01   0.8959463538799999
   1.6100000e+01   1.03739765288
   1.6120000e+01   1.2215495188799999
   1.6140000e+01   1.3726366228799998
   1.6160000e+01  1.3573204978799998
   1.6180000e+01  1.1858676588799997
   1.6200000e+01  0.9017222488799996
   1.6220000e+01  0.5229360888799996
   1.6240000e+01  0.17099384887999963
   1.6260000e+01  -0.05690598612000036
   1.6280000e+01  -0.20141944312000037
   1.6300000e+01  -0.3138696781200004
   1.6320000e+01  -0.4362358941200004
   1.6340000e+01  -0.6198235971200003
   1.6360000e+01  -0.8291708821200003
   1.6380000e+01  -0.9815047751200003
   1.6400000e+01  -1.0879209191200003
   1.6420000e+01   -1.1180343181200003
   1.6440000e+01   -1.0017697771200003
   1.6460000e+01   -0.7796697031200002
   1.6480000e+01   -0.48964323312000013
   1.6500000e+01   -0.13767868312000014
   1.6520000e+01   0.18946424687999985
   1.6540000e+01   0.3835105658799999
   1.6560000e+01   0.48327351087999987
   1.6580000e+01   0.5976996158799999
   1.6600000e+01   0.7827415248799998
   1.6620000e+01   1.0101846648799997
   1.6640000e+01   1.1952191018799998
   1.6660000e+01   1.2985305648799998
   1.6680000e+01  1.2778746658799998
   1.6700000e+01  1.0807307108799997
   1.6720000e+01  0.7150075908799998
   1.6740000e+01  0.27476796087999983
   1.6760000e+01  -0.06521611912000014
   1.6780000e+01  -0.21738882212000016
   1.6800000e+01  -0.28407748112000014
   1.6820000e+01  -0.41918232712000014
   1.6840000e+01  -0.6495581871200001
   1.6860000e+01  -0.8581972551200001
   1.6880000e+01   -0.9149860241200001
   1.6900000e+01   -0.8191502611200001
   1.6920000e+01   -0.7021366181200002
   1.6940000e+01   -0.6358804001200001
   1.6960000e+01   -0.5849841981200001
   1.6980000e+01   -0.5497713871200002
   1.7000000e+01   -0.5354798786200001
   1.7020000e+01   -0.5089859211200001
   1.7040000e+01   -0.46112285512000006
   1.7060000e+01   -0.3839823361200001
   1.7080000e+01   -0.2764185321200001
   1.7100000e+01   -0.15111293212000013
   1.7120000e+01   -0.059055661120000116
   1.7140000e+01   -0.016664074120000115
   1.7160000e+01   0.029552267879999886
   1.7180000e+01   0.0724824148799999
   1.7200000e+01   0.09922313987999991
   1.7220000e+01   0.1496820358799999
   1.7240000e+01   0.2394649008799999
   1.7260000e+01   0.3164485528799999
   1.7280000e+01   0.3483679764799999
   1.7300000e+01   0.3589588337799999
   1.7320000e+01  0.3556942318799999
   1.7340000e+01  0.3099883112799999
   1.7360000e+01  0.18246846627999988
   1.7380000e+01  0.020953154279999858
   1.7400000e+01  -0.07077215372000015
   1.7420000e+01   -0.040280417720000156
   1.7440000e+01   0.11022377927999985
   1.7460000e+01   0.30991398327999986
   1.7480000e+01   0.45930347727999987
   1.7500000e+01  0.5047180848799999
   1.7520000e+01  0.48247637547999994
   1.7540000e+01   0.4786022174799999
   1.7560000e+01   0.5104299884799999
   1.7580000e+01  0.5181083104799998
   1.7600000e+01  0.44670319447999984
   1.7620000e+01  0.31309182247999984
   1.7640000e+01  0.23641936487999982
   1.7660000e+01   0.2792899642799998
   1.7680000e+01   0.3654429302799998
   1.7700000e+01  0.40446532907999977
   1.7720000e+01  0.37588514487999974
   1.7740000e+01  0.33018017787999976
   1.7760000e+01  0.28753999387999973
   1.7780000e+01  0.22406055187999974
   1.7800000e+01  0.09997271487999973
   1.7820000e+01  -0.09427975512000025
   1.7840000e+01  -0.31697484512000024
   1.7860000e+01  -0.5256734461200002
   1.7880000e+01  -0.7250060771200002
   1.7900000e+01  -0.9200674321200002
   1.7920000e+01  -1.0310059911200002
   1.7940000e+01   -1.0225370631200001
   1.7960000e+01   -0.9430341731200002
   1.7980000e+01   -0.8333804221200002
   1.8000000e+01   -0.7225056851200002
   1.8020000e+01   -0.6390762651200003
   1.8040000e+01   -0.5875726571200003
   1.8060000e+01   -0.5492967911200003
   1.8080000e+01  -0.5371066337200003
   1.8100000e+01   -0.5204144073200003
   1.8120000e+01   -0.4293611803200003
   1.8140000e+01   -0.2357383563200003
   1.8160000e+01   0.05143362367999971
   1.8180000e+01   0.3450417836799997
   1.8200000e+01   0.5527520476799997
   1.8220000e+01   0.6610343836799998
   1.8240000e+01   0.7360413716799998
   1.8260000e+01   0.8642289526799998
   1.8280000e+01   1.0619458176799998
   1.8300000e+01   1.2277648546799997
   1.8320000e+01  1.2159674966799998
   1.8340000e+01  0.9983140916799997
   1.8360000e+01  0.6966670516799998
   1.8380000e+01  0.4286734216799998
   1.8400000e+01  0.17742835167999976
   1.8420000e+01  -0.08529915832000023
   1.8440000e+01  -0.3005326653200002
   1.8460000e+01   -0.3805111879200002
   1.8480000e+01   -0.30396853952000025
   1.8500000e+01   -0.17318072352000025
   1.8520000e+01   -0.11286688232000025
   1.8540000e+01  -0.13776620512000026
   1.8560000e+01  -0.18215939412000026
   1.8580000e+01  -0.20403559862000026
   1.8600000e+01  -0.26075567912000025
   1.8620000e+01  -0.4303088121200003
   1.8640000e+01  -0.6661116221200003
   1.8660000e+01  -0.8509325421200004
   1.8680000e+01   -0.9091176944200003
   1.8700000e+01   -0.8212520737200003
   1.8720000e+01   -0.6345280007200003
   1.8740000e+01   -0.41881114072000025
   1.8760000e+01   -0.17562012072000024
   1.8780000e+01   0.12986101927999974
   1.8800000e+01   0.4619590592799997
   1.8820000e+01   0.6936997382799996
   1.8840000e+01  0.7602204959799996
   1.8860000e+01  0.7047518806799996
   1.8880000e+01  0.5667468346799996
   1.8900000e+01  0.37027654267999965
   1.8920000e+01  0.14623921267999962
   1.8940000e+01  -0.07856004732000038
   1.8960000e+01  -0.2870219313200004
   1.8980000e+01  -0.4584929093200004
   1.9000000e+01  -0.5688976913200005
   1.9020000e+01  -0.6087951910200005
   1.9040000e+01   -0.6072731881200004
   1.9060000e+01  -0.6120403285200005
   1.9080000e+01   -0.6067470795200005
   1.9100000e+01   -0.5296869565200005
   1.9120000e+01   -0.40007487352000054
   1.9140000e+01   -0.3183604715200006
   1.9160000e+01  -0.3660088235200006
   1.9180000e+01  -0.5056516205200006
   1.9200000e+01  -0.6152143015200006
   1.9220000e+01   -0.6300882355200006
   1.9240000e+01   -0.5241929755200005
   1.9260000e+01   -0.2648032355200005
   1.9280000e+01   0.14201600447999946
   1.9300000e+01   0.5948143944799994
   1.9320000e+01   0.9466571344799994
   1.9340000e+01   1.1124834804799995
   1.9360000e+01  1.0890131764799995
   1.9380000e+01  0.9244251364799995
   1.9400000e+01  0.6682743164799995
   1.9420000e+01  0.38208342647999943
   1.9440000e+01  0.14605414547999943
   1.9460000e+01  0.011503462479999421
   1.9480000e+01   0.005971427479999422
   1.9500000e+01   0.12453230747999941
   1.9520000e+01   0.3051742454799994
   1.9540000e+01   0.49526981247999935
   1.9560000e+01   0.6674670744799993
   1.9580000e+01   0.7628343934799993
   1.9600000e+01  0.7516911154799992
   1.9620000e+01  0.6419821034799992
   1.9640000e+01  0.44270319847999917
   1.9660000e+01  0.22972099047999914
   1.9680000e+01  0.09218100447999913
   1.9700000e+01   0.06622383947999913
   1.9720000e+01   0.15838258847999914
   1.9740000e+01   0.3275475724799991
   1.9760000e+01   0.48596234247999914
   1.9780000e+01   0.5699745004799991
   1.9800000e+01  0.5685716114799991
   1.9820000e+01  0.4921975924799991
   1.9840000e+01  0.3743751734799991
   1.9860000e+01  0.2186068294799991
   1.9880000e+01  0.014725610479999068
   1.9900000e+01  -0.18357052752000094
   1.9920000e+01  -0.34124096652000097
   1.9940000e+01  -0.45162709152000097
   1.9960000e+01  -0.524404618520001
   1.9980000e+01  -0.5982143545200009
   2.0000000e+01  -0.655746228520001
   2.0020000e+01   -0.646589688520001
   2.0040000e+01   -0.5793380955200009
   2.0060000e+01   -0.4913455325200009
   2.0080000e+01   -0.37368333752000094
   2.0100000e+01   -0.22696104052000093
   2.0120000e+01   -0.09718496752000094
   2.0140000e+01   -0.025876517520000933
   2.0160000e+01  -0.033297523520000934
   2.0180000e+01  -0.10475477952000095
   2.0200000e+01  -0.19585349852000095
   2.0220000e+01  -0.28341670852000095
   2.0240000e+01  -0.39222169652000094
   2.0260000e+01  -0.548118965520001
   2.0280000e+01  -0.740667347520001
   2.0300000e+01  -0.945733597520001
   2.0320000e+01  -1.132837573520001
   2.0340000e+01  -1.267917334520001
   2.0360000e+01   -1.290619274520001
   2.0380000e+01   -1.1597020395200008
   2.0400000e+01   -0.9327134695200008
   2.0420000e+01   -0.7133711905200008
   2.0440000e+01   -0.5528387565200008
   2.0460000e+01   -0.3907808505200008
   2.0480000e+01   -0.1843405895200008
   2.0500000e+01   0.010282474479999193
   2.0520000e+01   0.1420423584799992
   2.0540000e+01   0.20558144747999918
   2.0560000e+01   0.2458891914799992
   2.0580000e+01   0.3248284254799992
   2.0600000e+01   0.4471066464799992
   2.0620000e+01   0.5788888194799993
   2.0640000e+01   0.7044458434799993
   2.0660000e+01   0.8086183074799993
   2.0680000e+01   0.8683403934799993
   2.0700000e+01  0.8754774203799992
   2.0720000e+01  0.8348876032799992
   2.0740000e+01  0.7728688852799992
   2.0760000e+01  0.7306769152799992
   2.0780000e+01   0.7277811936799993
   2.0800000e+01   0.7604410050799992
   2.0820000e+01   0.8279494850799992
   2.0840000e+01   0.9114748340799992
   2.0860000e+01   0.9610228446799992
   2.0880000e+01  0.9488626182799992
   2.0900000e+01  0.8928462652799992
   2.0920000e+01  0.8119045992799993
   2.0940000e+01  0.7107037632799993
   2.0960000e+01  0.5793695102799993
   2.0980000e+01  0.3636311142799993
   2.1000000e+01  0.0694549842799993
   2.1020000e+01  -0.20096707572000072
   2.1040000e+01  -0.3859074807200007
   2.1060000e+01  -0.4968965967200007
   2.1080000e+01  -0.5740966257200006
   2.1100000e+01  -0.6432627877200007
   2.1120000e+01  -0.6966811807200006
   2.1140000e+01   -0.7087174251200006
   2.1160000e+01   -0.6561637345200005
   2.1180000e+01   -0.5547966015200005
   2.1200000e+01   -0.45084202452000055
   2.1220000e+01   -0.38912319652000055
   2.1240000e+01  -0.39384164152000056
   2.1260000e+01   -0.41287831634000055
   2.1280000e+01   -0.38144975216000054
   2.1300000e+01   -0.30471017516000054
   2.1320000e+01   -0.21852151716000054
   2.1340000e+01   -0.14541439016000055
   2.1360000e+01   -0.05433212916000055
   2.1380000e+01   0.09603349283999946
   2.1400000e+01   0.27366524183999946
   2.1420000e+01   0.42048332683999945
   2.1440000e+01   0.49581948883999943
   2.1460000e+01  0.48047259083999944
   2.1480000e+01  0.38900205883999944
   2.1500000e+01  0.24960117383999944
   2.1520000e+01  0.07342009483999945
   2.1540000e+01  -0.13656805816000056
   2.1560000e+01  -0.3553793981600005
   2.1580000e+01  -0.5482036071600005
   2.1600000e+01  -0.6415567471600006
   2.1620000e+01   -0.5977330401600005
   2.1640000e+01   -0.47165517416000047
   2.1660000e+01   -0.32832422216000046
   2.1680000e+01   -0.20797477116000046
   2.1700000e+01   -0.13067277716000048
   2.1720000e+01   -0.08891845316000047
   2.1740000e+01   -0.05220743716000047
   2.1760000e+01   -0.015576664160000461
   2.1780000e+01  -0.01288172616000046
   2.1800000e+01  -0.07822988916000045
   2.1820000e+01  -0.19009771116000046
   2.1840000e+01  -0.27977680816000045
   2.1860000e+01   -0.29365194816000045
   2.1880000e+01   -0.21958627216000046
   2.1900000e+01   -0.08170753116000046
   2.1920000e+01   0.07485940483999956
   2.1940000e+01   0.22439683383999956
   2.1960000e+01   0.34821094583999956
   2.1980000e+01   0.4422791548399996
   2.2000000e+01   0.5225982898399996
   2.2020000e+01  0.5576559083399996
   2.2040000e+01  0.5315565528399996
   2.2060000e+01  0.4762628138399996
   2.2080000e+01  0.3975883518399996
   2.2100000e+01  0.2798591538399996
   2.2120000e+01  0.1198040828399996
   2.2140000e+01  -0.044258467160000425
   2.2160000e+01  -0.14877598116000043
   2.2180000e+01   -0.16349477616000044
   2.2200000e+01   -0.12310707116000044
   2.2220000e+01   -0.06513399516000044
   2.2240000e+01   0.011928885839999556
   2.2260000e+01   0.11200161283999956
   2.2280000e+01   0.20526080283999953
   2.2300000e+01  0.23254206653999954
   2.2320000e+01  0.19351012623999952
   2.2340000e+01  0.10999713023999952
   2.2360000e+01  -0.006802977760000481
   2.2380000e+01  -0.16296024576000046
   2.2400000e+01  -0.37190967976000044
   2.2420000e+01  -0.5696240737600005
   2.2440000e+01  -0.6707399527600004
   2.2460000e+01   -0.6534476567600004
   2.2480000e+01   -0.5442390077600003
   2.2500000e+01   -0.39803691176000033
   2.2520000e+01   -0.2779911227600004
   2.2540000e+01   -0.1760228197600004
   2.2560000e+01   -0.054453952760000396
   2.2580000e+01   0.10250794323999962
   2.2600000e+01   0.27921087523999966
   2.2620000e+01   0.41068267023999966
   2.2640000e+01   0.47841552823999967
   2.2660000e+01   0.5064864025399997
   2.2680000e+01  0.49138955783999966
   2.2700000e+01  0.4359408348399997
   2.2720000e+01  0.3439962128399997
   2.2740000e+01  0.23410398683999967
   2.2760000e+01  0.14400000483999964
   2.2780000e+01  0.06885207383999964
   2.2800000e+01  -0.009696306160000376
   2.2820000e+01  -0.09720199416000037
   2.2840000e+01  -0.16685795616000038
   2.2860000e+01   -0.1833685450600004
   2.2880000e+01   -0.1263567259600004
   2.2900000e+01   0.0083360480399996
   2.2920000e+01   0.1788959530399996
   2.2940000e+01   0.3346024340399996
   2.2960000e+01   0.4497076000399996
   2.2980000e+01   0.5281785540399996
   2.3000000e+01   0.5677663382399996
   2.3020000e+01  0.5404576614399995
   2.3040000e+01  0.4323269684399995
   2.3060000e+01  0.2679798704399995
   2.3080000e+01  0.0581926374399995
   2.3100000e+01  -0.1743012425600005
   2.3120000e+01  -0.3970045025600005
   2.3140000e+01  -0.5856282655600006
   2.3160000e+01  -0.6853070155600006
   2.3180000e+01   -0.6818234405600007
   2.3200000e+01   -0.5985839855600007
   2.3220000e+01   -0.4497118855600007
   2.3240000e+01   -0.26278659756000067
   2.3260000e+01   -0.09852348456000065
   2.3280000e+01   0.01000498543999935
   2.3300000e+01   0.08055406443999935
   2.3320000e+01   0.13106843943999935
   2.3340000e+01   0.15899121313999937
   2.3360000e+01  0.15498210383999936
   2.3380000e+01  0.12639208683999936
   2.3400000e+01  0.09648603283999936
   2.3420000e+01  0.07536449213999936
   2.3440000e+01  0.05092414143999936
   2.3460000e+01  0.01898159543999936
   2.3480000e+01  -0.022164164560000643
   2.3500000e+01  -0.08895824656000065
   2.3520000e+01  -0.18855033656000067
   2.3540000e+01  -0.2989243055600007
   2.3560000e+01  -0.4046574475600007
   2.3580000e+01  -0.5068892955600007
   2.3600000e+01  -0.5890841625600007
   2.3620000e+01  -0.6609299315600008
   2.3640000e+01  -0.7088836127600008
   2.3660000e+01   -0.6859795659600008
   2.3680000e+01   -0.6148585999600007
   2.3700000e+01   -0.5180486809600007
   2.3720000e+01   -0.39439663596000063
   2.3740000e+01   -0.26775523896000064
   2.3760000e+01   -0.18573247196000064
   2.3780000e+01  -0.16612606716000064
   2.3800000e+01   -0.16775752130000063
   2.3820000e+01   -0.13790743624000062
   2.3840000e+01   -0.05137608524000062
   2.3860000e+01   0.1132339047599994
   2.3880000e+01   0.3415530947599994
   2.3900000e+01   0.5760355147599994
   2.3920000e+01   0.7836615487599994
   2.3940000e+01   0.9526813627599994
   2.3960000e+01   1.0752003337599993
   2.3980000e+01   1.1273819655599993
   2.4000000e+01  1.1109613573599992
   2.4020000e+01  1.0345986483599992
   2.4040000e+01  0.8911827073599992
   2.4060000e+01  0.6905331163599991
   2.4080000e+01  0.45398902635999916
   2.4100000e+01  0.22087387635999917
   2.4120000e+01  0.029741407359999167
   2.4140000e+01  -0.10926080864000084
   2.4160000e+01  -0.19814272764000085
   2.4180000e+01  -0.23336397284000085
   2.4200000e+01   -0.20356757504000084
   2.4220000e+01   -0.11048744704000084
   2.4240000e+01   0.001793809959999157
   2.4260000e+01   0.06925177795999916
   2.4280000e+01  0.06235186495999916
   2.4300000e+01  0.004246261959999158
   2.4320000e+01  -0.06851700004000083
   2.4340000e+01  -0.14528759904000083
   2.4360000e+01  -0.2275878110400008
   2.4380000e+01  -0.3107969830400008
   2.4400000e+01  -0.3926903090400008
   2.4420000e+01  -0.4366626772400008
   2.4440000e+01   -0.4137043424400008
   2.4460000e+01   -0.3528548624400008
   2.4480000e+01   -0.27683198144000076
   2.4500000e+01   -0.20427487944000078
   2.4520000e+01   -0.13935150844000077
   2.4540000e+01   -0.07961412644000077
   2.4560000e+01   -0.03377183344000076
   2.4580000e+01   0.013280784559999238
   2.4600000e+01   0.07332718655999923
   2.4620000e+01   0.16446190955999923
   2.4640000e+01   0.27662819955999923
   2.4660000e+01   0.3633892285599992
   2.4680000e+01  0.39229659345999923
   2.4700000e+01  0.35385536135999923
   2.4720000e+01  0.27888836635999925
   2.4740000e+01  0.22333099535999926
   2.4760000e+01  0.19365755935999926
   2.4780000e+01  0.14815572635999927
   2.4800000e+01  0.07612061735999927
   2.4820000e+01  -0.016973400640000733
   2.4840000e+01  -0.13344044564000074
   2.4860000e+01  -0.26375525764000074
   2.4880000e+01  -0.3706293536400007
   2.4900000e+01  -0.4413800066400007
   2.4920000e+01  -0.5024803916400007
   2.4940000e+01  -0.5622461166400007
   2.4960000e+01  -0.6197572776400007
   2.4980000e+01  -0.6700196646400006
   2.5000000e+01   -0.6856439812400006
   2.5020000e+01   -0.6503173888400006
   2.5040000e+01   -0.5498830678400005
   2.5060000e+01   -0.38316306784000054
   2.5080000e+01   -0.19188488784000052
   2.5100000e+01   -0.014170357840000508
   2.5120000e+01   0.1195705161599995
   2.5140000e+01   0.19613187115999953
   2.5160000e+01   0.24226347215999952
   2.5180000e+01   0.28264110815999954
   2.5200000e+01   0.32008144115999954
   2.5220000e+01   0.3520187181599995
   2.5240000e+01  0.3557367751599995
   2.5260000e+01  0.31574335015999955
   2.5280000e+01  0.25818881615999956
   2.5300000e+01  0.22282580255999956
   2.5320000e+01  0.20698749165999958
   2.5340000e+01  0.18045504035999957
   2.5360000e+01  0.12532235535999955
   2.5380000e+01  0.04678668935999955
   2.5400000e+01  -0.05888746864000044
   2.5420000e+01  -0.21588196164000045
   2.5440000e+01  -0.38753947664000044
   2.5460000e+01  -0.5109459456400004
   2.5480000e+01   -0.5497802627400004
   2.5500000e+01   -0.5076069458400003
   2.5520000e+01   -0.4213644558400003
   2.5540000e+01   -0.3172674758400003
   2.5560000e+01   -0.19338664584000032
   2.5580000e+01   -0.039743803840000314
   2.5600000e+01   0.12699590315999967
   2.5620000e+01   0.2799222751599997
   2.5640000e+01   0.41140886415999967
   2.5660000e+01   0.5183846971599997
   2.5680000e+01   0.5906248701599996
   2.5700000e+01   0.6261978303599997
   2.5720000e+01  0.6151375695599997
   2.5740000e+01  0.5575303045599996
   2.5760000e+01  0.4773931365599996
   2.5780000e+01  0.4160746665599996
   2.5800000e+01   0.4031470678599996
   2.5820000e+01   0.4260253401599996
   2.5840000e+01   0.4508703189599996
   2.5860000e+01  0.4378737197599996
   2.5880000e+01  0.3691934917599996
   2.5900000e+01  0.2685737187599996
   2.5920000e+01  0.1338628677599996
   2.5940000e+01  -0.03796494024000041
   2.5960000e+01  -0.1893536272400004
   2.5980000e+01  -0.2814471932400004
   2.6000000e+01   -0.3059399284400004
   2.6020000e+01   -0.2906749595400004
   2.6040000e+01   -0.2760839860400004
   2.6060000e+01   -0.2543456166400004
   2.6080000e+01   -0.21602495364000038
   2.6100000e+01   -0.16485825264000037
   2.6120000e+01   -0.11803214664000036
   2.6140000e+01  -0.11796893164000036
   2.6160000e+01  -0.16876647664000036
   2.6180000e+01  -0.23632124464000037
   2.6200000e+01  -0.29594533964000036
   2.6220000e+01  -0.32349721934000036
   2.6240000e+01   -0.30847414504000037
   2.6260000e+01   -0.24730093104000037
   2.6280000e+01   -0.14241531804000035
   2.6300000e+01   -0.02649584804000034
   2.6320000e+01   0.05829430095999967
   2.6340000e+01  0.08795696903999967
   2.6360000e+01   0.08773441660499967
   2.6380000e+01   0.09215840978999967
   2.6400000e+01   0.11346551648999967
   2.6420000e+01   0.14247054548999966
   2.6440000e+01   0.16834820248999965
   2.6460000e+01   0.20625871348999966
   2.6480000e+01   0.24933671948999966
   2.6500000e+01   0.2820485734899997
   2.6520000e+01  0.27767434648999967
   2.6540000e+01  0.21987881648999968
   2.6560000e+01  0.14203522448999967
   2.6580000e+01  0.06931271948999966
   2.6600000e+01  -0.0013372135100003374
   2.6620000e+01  -0.07050956851000034
   2.6640000e+01  -0.13731736151000035
   2.6660000e+01  -0.20116924751000034
   2.6680000e+01  -0.26647599851000037
   2.6700000e+01  -0.31855968151000036
   2.6720000e+01   -0.33435184011000035
   2.6740000e+01  -0.33548746551000036
   2.6760000e+01   -0.33742897242000036
   2.6780000e+01  -0.33822499953000035
   2.6800000e+01   -0.32078852553000037
   2.6820000e+01   -0.27117202753000036
   2.6840000e+01   -0.21571111153000036
   2.6860000e+01   -0.16566218953000036
   2.6880000e+01   -0.11443026353000035
   2.6900000e+01   -0.06414199553000036
   2.6920000e+01   0.0004434844699996443
   2.6940000e+01   0.09255957646999964
   2.6960000e+01   0.19518445546999963
   2.6980000e+01   0.2882945004699996
   2.7000000e+01   0.3616524554699996
   2.7020000e+01   0.41272301346999957
   2.7040000e+01  0.42991186416999955
   2.7060000e+01  0.4074570228699995
   2.7080000e+01  0.3426460618699995
   2.7100000e+01  0.21408290286999954
   2.7120000e+01  0.044217754869999515
   2.7140000e+01  -0.1044088571300005
   2.7160000e+01  -0.18215410313000052
   2.7180000e+01   -0.19804822002000053
   2.7200000e+01  -0.20371617431000053
   2.7220000e+01  -0.21428298521000053
   2.7240000e+01  -0.22238096971000051
   2.7260000e+01  -0.2409058997100005
   2.7280000e+01  -0.2914952877100005
   2.7300000e+01  -0.3607210117100005
   2.7320000e+01  -0.40380532121000046
   2.7340000e+01   -0.40699553131000044
   2.7360000e+01   -0.3913283591100004
   2.7380000e+01   -0.3558564253100004
   2.7400000e+01   -0.3036846843100004
   2.7420000e+01   -0.2429385393100004
   2.7440000e+01   -0.15053764431000038
   2.7460000e+01   -0.04169401031000039
   2.7480000e+01   0.0605100206899996
   2.7500000e+01   0.15138592668999962
   2.7520000e+01   0.20686928468999963
   2.7540000e+01   0.24185957268999964
   2.7560000e+01   0.29035156168999965
   2.7580000e+01   0.36368601768999964
   2.7600000e+01   0.44687542868999963
   2.7620000e+01   0.5071520516899997
   2.7640000e+01   0.5374698412899996
   2.7660000e+01  0.5459680623999996
   2.7680000e+01  0.5208246379099997
   2.7700000e+01  0.4509416149099996
   2.7720000e+01  0.3587366119099996
   2.7740000e+01  0.2875777989099996
   2.7760000e+01  0.24955253190999963
   2.7780000e+01  0.22130312990999962
   2.7800000e+01  0.1794800109099996
   2.7820000e+01  0.1053460879099996
   2.7840000e+01  0.007742232909999591
   2.7860000e+01  -0.07860247309000042
   2.7880000e+01  -0.1227353908900004
   2.7900000e+01  -0.14158881569000042
   2.7920000e+01  -0.15676724639000042
   2.7940000e+01   -0.15797409759000042
   2.7960000e+01   -0.14445231809000042
   2.7980000e+01   -0.11237179809000042
   2.8000000e+01   -0.06834824909000042
   2.8020000e+01   -0.025280141090000423
   2.8040000e+01   0.019377145909999574
   2.8060000e+01   0.055002268909999576
   2.8080000e+01  0.05077302990999958
   2.8100000e+01  0.0005093969099995779
   2.8120000e+01  -0.07576239109000041
   2.8140000e+01  -0.14047123109000043
   2.8160000e+01   -0.15060133109000043
   2.8180000e+01   -0.12137694409000044
   2.8200000e+01  -0.11267786339000044
   2.8220000e+01  -0.12997475429000044
   2.8240000e+01   -0.13284446519000043
   2.8260000e+01   -0.10476801249000042
   2.8280000e+01   -0.06387291649000042
   2.8300000e+01   -0.02505926549000042
   2.8320000e+01   0.007810592509999582
   2.8340000e+01  0.014191033109999583
   2.8360000e+01  0.0011671793099995824
   2.8380000e+01  -0.012851394590000417
   2.8400000e+01  -0.030177146790000414
   2.8420000e+01  -0.05045000949000041
   2.8440000e+01  -0.07015475329000041
   2.8460000e+01  -0.08880719369000041
   2.8480000e+01   -0.09780452703000041
   2.8500000e+01  -0.0988346513700004
   2.8520000e+01  -0.1020664168700004
   2.8540000e+01   -0.0853363927700004
   2.8560000e+01   -0.05332291577000039
   2.8580000e+01   -0.02632426577000039
   2.8600000e+01   -0.009393891570000389
   2.8620000e+01   -0.002467499670000389
   2.8640000e+01   0.01981037202999961
   2.8660000e+01   0.05307685102999961
   2.8680000e+01   0.0803727550299996
   2.8700000e+01   0.0936832997799996
   2.8720000e+01  0.0793654755299996
   2.8740000e+01  0.02884555152999961
   2.8760000e+01  -0.04904423847000039
   2.8780000e+01  -0.12856495547000038
   2.8800000e+01  -0.19746408647000036
   2.8820000e+01  -0.24820308747000036
   2.8840000e+01  -0.2693790276700004
   2.8860000e+01   -0.2558821938700004
   2.8880000e+01   -0.2095887538700004
   2.8900000e+01   -0.12714995487000041
   2.8920000e+01   -0.025487493870000433
   2.8940000e+01   0.07437833812999955
   2.8960000e+01   0.15923971812999954
   2.8980000e+01   0.20502424212999953
   2.9000000e+01  0.20956098972999954
   2.9020000e+01  0.18000036032999953
   2.9040000e+01  0.11689607532999952
   2.9060000e+01  0.03457720832999951
   2.9080000e+01  -0.05647641367000049
   2.9100000e+01  -0.15779026767000048
   2.9120000e+01  -0.2320334736700005
   2.9140000e+01   -0.2408401756700005
   2.9160000e+01   -0.1926873106700005
   2.9180000e+01   -0.0979376866700005
   2.9200000e+01   0.025616558329999525
   2.9220000e+01   0.13914485132999954
   2.9240000e+01   0.22930518232999955
   2.9260000e+01   0.31031646332999957
   2.9280000e+01   0.37969356432999957
   2.9300000e+01   0.4239794943299996
   2.9320000e+01  0.4324590182299996
   2.9340000e+01  0.4071564581299996
   2.9360000e+01  0.36484683012999963
   2.9380000e+01  0.3204066291299996
   2.9400000e+01  0.25903163612999963
   2.9420000e+01  0.1646714191299996
   2.9440000e+01  0.07189947012999959
   2.9460000e+01  0.014163097129999587
   2.9480000e+01  -0.020046093870000413
   2.9500000e+01  -0.04888614387000041
   2.9520000e+01  -0.0766420838700004
   2.9540000e+01  -0.1255779368700004
   2.9560000e+01  -0.2033327358700004
   2.9580000e+01  -0.2822444168700004
   2.9600000e+01  -0.3496800708700004
   2.9620000e+01  -0.4128615398700004
   2.9640000e+01  -0.4612457598700004
   2.9660000e+01  -0.4826820504700004
   2.9680000e+01   -0.4697325820700004
   2.9700000e+01   -0.3990592390700004
   2.9720000e+01   -0.2920750580700004
   2.9740000e+01   -0.19285600007000037
   2.9760000e+01   -0.11532954407000036
   2.9780000e+01   -0.04348814007000035
   2.9800000e+01   0.040969575929999655
   2.9820000e+01   0.13395801692999965
   2.9840000e+01   0.23121398392999964
   2.9860000e+01   0.32106196692999966
   2.9880000e+01   0.38931931292999966
   2.9900000e+01   0.42577446422999965
   2.9920000e+01  0.43425277223999964
   2.9940000e+01  0.41688702594999966
   2.9960000e+01  0.37152782194999967
   2.9980000e+01  0.3069903049499997
   3.0000000e+01  0.24015319594999968
   3.0020000e+01  0.15950024194999968
   3.0040000e+01  0.04621465594999967
   3.0060000e+01  -0.08727691905000033
   3.0080000e+01  -0.21799976905000035
   3.0100000e+01  -0.31985915805000037
   3.0120000e+01  -0.40126739505000036
   3.0140000e+01  -0.4519487860500004
   3.0160000e+01   -0.45391463195000037
   3.0180000e+01   -0.4208771468500004
   3.0200000e+01   -0.37219543385000037
   3.0220000e+01   -0.32610527885000035
   3.0240000e+01   -0.28789994385000034
   3.0260000e+01   -0.25646735985000035
   3.0280000e+01   -0.22092617385000035
   3.0300000e+01   -0.15371299785000037
   3.0320000e+01   -0.03710970285000037
   3.0340000e+01   0.12096147414999964
   3.0360000e+01   0.29703649214999966
   3.0380000e+01   0.4528833031499997
   3.0400000e+01   0.5791025751499996
   3.0420000e+01   0.6703702531499997
   3.0440000e+01   0.7121610032499996
   3.0460000e+01  0.7122040932499997
   3.0480000e+01  0.6808215791499996
   3.0500000e+01  0.6295784171499996
   3.0520000e+01  0.5721602371499996
   3.0540000e+01  0.5112723271499996
   3.0560000e+01  0.4298983541499996
   3.0580000e+01  0.3283292551499996
   3.0600000e+01  0.2227250721499996
   3.0620000e+01  0.11033551514999959
   3.0640000e+01  0.0007426831499995901
   3.0660000e+01  -0.09912637685000042
   3.0680000e+01  -0.20842138585000042
   3.0700000e+01  -0.34047122985000045
   3.0720000e+01  -0.48508426685000045
   3.0740000e+01  -0.6134417038500004
   3.0760000e+01  -0.7046219768500004
   3.0780000e+01  -0.7644232988500004
   3.0800000e+01  -0.7973207283500003
   3.0820000e+01  -0.8092125536500003
   3.0840000e+01  -0.8184994047500004
   3.0860000e+01  -0.8297291540500004
   3.0880000e+01  -0.8412884686500004
   3.0900000e+01   -0.8457802510500004
   3.0920000e+01   -0.8230931038500005
   3.0940000e+01   -0.7641868958500004
   3.0960000e+01   -0.6708559208500005
   3.0980000e+01   -0.5333086068500005
   3.1000000e+01   -0.3661464328500005
   3.1020000e+01   -0.20235709985000047
   3.1040000e+01   -0.05010157885000047
   3.1060000e+01   0.09174044114999952
   3.1080000e+01   0.20947161014999952
   3.1100000e+01   0.29700208914999954
   3.1120000e+01   0.3727138661499995
   3.1140000e+01   0.4503336271499995
   3.1160000e+01   0.5466404501499995
   3.1180000e+01   0.6680887361499995
   3.1200000e+01   0.7931728401499996
   3.1220000e+01   0.9106908401499996
   3.1240000e+01   1.0048045481499996
   3.1260000e+01   1.0507016013499997
   3.1280000e+01  1.0537634981499997
   3.1300000e+01  1.0254764537499996
   3.1320000e+01  0.9704360157499996
   3.1340000e+01  0.8935841417499996
   3.1360000e+01  0.7852827527499996
   3.1380000e+01  0.6477941577499996
   3.1400000e+01  0.49037452474999965
   3.1420000e+01  0.32316797574999967
   3.1440000e+01  0.16153263474999968
   3.1460000e+01  0.002293237749999677
   3.1480000e+01  -0.15539121825000032
   3.1500000e+01  -0.3097451292500003
   3.1520000e+01  -0.4562244992500003
   3.1540000e+01  -0.5745878812500003
   3.1560000e+01  -0.6369871152500003
   3.1580000e+01   -0.6382741182500002
   3.1600000e+01   -0.6000540812500003
   3.1620000e+01   -0.5501838222500003
   3.1640000e+01   -0.4997662432500003
   3.1660000e+01   -0.4490277182500003
   3.1680000e+01   -0.4031163792500003
   3.1700000e+01   -0.36221485425000033
   3.1720000e+01   -0.32185211925000035
   3.1740000e+01   -0.25911675025000036
   3.1760000e+01   -0.16924761525000037
   3.1780000e+01   -0.06492580025000036
   3.1800000e+01   0.044036349749999634
   3.1820000e+01   0.14233163074999966
   3.1840000e+01   0.22668586074999966
   3.1860000e+01   0.27871342874999966
   3.1880000e+01  0.28309121384999963
   3.1900000e+01  0.24955030994999963
   3.1920000e+01  0.20191901494999964
   3.1940000e+01  0.16211911494999964
   3.1960000e+01  0.13085131894999963
   3.1980000e+01  0.10091329094999962
   3.2000000e+01  0.07125006994999962
   3.2020000e+01  0.04339279694999962
   3.2040000e+01  0.013418103949999621
   3.2060000e+01  -0.02670969605000037
   3.2080000e+01  -0.09861474105000037
   3.2100000e+01  -0.18421472005000036
   3.2120000e+01  -0.26672488105000036
   3.2140000e+01  -0.32983054505000037
   3.2160000e+01   -0.33727489905000035
   3.2180000e+01   -0.30500944605000035
   3.2200000e+01   -0.26111075005000034
   3.2220000e+01   -0.22324876105000035
   3.2240000e+01   -0.19275488705000035
   3.2260000e+01   -0.17635213015000034
   3.2280000e+01  -0.18902771425000034
   3.2300000e+01  -0.20624273285000033
   3.2320000e+01   -0.19926121045000034
   3.2340000e+01   -0.17563929845000034
   3.2360000e+01   -0.14686022145000036
   3.2380000e+01   -0.11148301945000036
   3.2400000e+01   -0.07183001145000036
   3.2420000e+01   -0.03879405045000035
   3.2440000e+01   -0.007985702450000354
   3.2460000e+01   0.01545916424999965
   3.2480000e+01   0.02849570174999965
   3.2500000e+01   0.04609954454999965
   3.2520000e+01  0.054964341849999654
   3.2540000e+01  0.052466943849999656
   3.2560000e+01   0.06130266774999966
   3.2580000e+01   0.07869820164999966
   3.2600000e+01   0.09322405384999966
   3.2620000e+01  0.09186887294999965
   3.2640000e+01  0.07882388824999965
   3.2660000e+01   0.07841367964999965
   3.2680000e+01  0.07761844184999965
   3.2700000e+01  0.06351948344999965
   3.2720000e+01   0.05923247984999965
   3.2740000e+01   0.08064832114999965
   3.2760000e+01   0.11260291914999965
   3.2780000e+01   0.16965816214999965
   3.2800000e+01   0.2501684241499997
   3.2820000e+01   0.3275060571499997
   3.2840000e+01   0.3907112431499997
   3.2860000e+01   0.42450703344999974
   3.2880000e+01   0.4360333595499997
   3.2900000e+01  0.4177442553499997
   3.2920000e+01  0.3751821423499997
   3.2940000e+01  0.3279182993499997
   3.2960000e+01  0.2664460283499997
   3.2980000e+01  0.1826611383499997
   3.3000000e+01  0.08755283234999969
   3.3020000e+01  -0.005629340650000314
   3.3040000e+01  -0.09208370365000032
   3.3060000e+01  -0.15512703465000033
   3.3080000e+01  -0.19348355065000034
   3.3100000e+01  -0.23046935065000035
   3.3120000e+01  -0.28405678265000034
   3.3140000e+01  -0.3365250976500003
   3.3160000e+01  -0.3644459635500003
   3.3180000e+01  -0.3735891742500003
   3.3200000e+01   -0.3512666430500003
   3.3220000e+01   -0.3031360490500003
   3.3240000e+01   -0.2371295520500003
   3.3260000e+01   -0.1505058880500003
   3.3280000e+01   -0.05689861205000031
   3.3300000e+01   0.0401303809499997
   3.3320000e+01   0.1283894749499997
   3.3340000e+01   0.1960995759499997
   3.3360000e+01   0.2301585102499997
   3.3380000e+01  0.2356800890299997
   3.3400000e+01   0.23626327197999972
   3.3420000e+01   0.2388672280499997
   3.3440000e+01  0.2402593182099997
   3.3460000e+01   0.24889624776999972
   3.3480000e+01   0.2692192347699997
   3.3500000e+01   0.2909572267699997
   3.3520000e+01  0.2919417120699997
   3.3540000e+01  0.2577300493699997
   3.3560000e+01  0.2104805653699997
   3.3580000e+01  0.15565937236999972
   3.3600000e+01  0.07978931536999971
   3.3620000e+01  -0.005278073630000296
   3.3640000e+01  -0.08112642363000029
   3.3660000e+01  -0.1536401336300003
   3.3680000e+01  -0.22402436963000028
   3.3700000e+01  -0.2922404006300003
   3.3720000e+01  -0.3545233736300003
   3.3740000e+01  -0.39782882163000033
   3.3760000e+01  -0.42947823663000034
   3.3780000e+01  -0.4539978179300003
   3.3800000e+01  -0.47147741623000033
   3.3820000e+01  -0.48510863353000033
   3.3840000e+01  -0.4991579442300003
   3.3860000e+01  -0.5107906662300004
   3.3880000e+01   -0.49940790583000033
   3.3900000e+01   -0.4613451458300003
   3.3920000e+01   -0.4091504258300003
   3.3940000e+01   -0.33200920983000026
   3.3960000e+01   -0.24187702283000026
   3.3980000e+01   -0.15564081283000025
   3.4000000e+01   -0.06464830883000026
   3.4020000e+01   0.028255613169999735
   3.4040000e+01   0.12194196716999975
   3.4060000e+01   0.21475327916999976
   3.4080000e+01   0.29808761916999976
   3.4100000e+01   0.3579666721699998
   3.4120000e+01   0.38296032416999976
   3.4140000e+01   0.39643613816999973
   3.4160000e+01   0.4189296471699997
   3.4180000e+01   0.4505832831699997
   3.4200000e+01   0.48320124816999965
   3.4220000e+01   0.49843097546999965
   3.4240000e+01  0.48186820476999964
   3.4260000e+01  0.43317188376999965
   3.4280000e+01  0.37348228676999967
   3.4300000e+01  0.2995000367699997
   3.4320000e+01  0.2302526207699997
   3.4340000e+01  0.17147158976999968
   3.4360000e+01  0.10246090376999968
   3.4380000e+01  0.035565604769999676
   3.4400000e+01  -0.037445246230000326
   3.4420000e+01  -0.10634604223000033
   3.4440000e+01  -0.14686631223000032
   3.4460000e+01  -0.1702745742300003
   3.4480000e+01  -0.18440966183000032
   3.4500000e+01  -0.19044765873000033
   3.4520000e+01  -0.20930157003000033
   3.4540000e+01  -0.2598574500300003
   3.4560000e+01  -0.33717578103000034
   3.4580000e+01  -0.4060525000300004
   3.4600000e+01  -0.44488454903000035
   3.4620000e+01  -0.46513743823000037
   3.4640000e+01   -0.4592923644300004
   3.4660000e+01   -0.42504041243000035
   3.4680000e+01   -0.38832644843000036
   3.4700000e+01   -0.3533048184300004
   3.4720000e+01   -0.31408247243000037
   3.4740000e+01   -0.26065338843000035
   3.4760000e+01   -0.19843535343000035
   3.4780000e+01   -0.13000535643000033
   3.4800000e+01   -0.04620421643000032
   3.4820000e+01   0.036842442569999675
   3.4840000e+01   0.11815567156999969
   3.4860000e+01   0.1976357055699997
   3.4880000e+01   0.2733181985699997
   3.4900000e+01   0.33610025556999973
   3.4920000e+01   0.3676105379699997
   3.4940000e+01   0.3798513123699997
   3.4960000e+01   0.3913322568699997
   3.4980000e+01   0.40210748896999965
   3.5000000e+01   0.41244363656999966
   3.5020000e+01   0.4219455272699997
   3.5040000e+01  0.4162983060699997
   3.5060000e+01  0.3881001201699997
   3.5080000e+01  0.3511500321699997
   3.5100000e+01  0.3109446971699997
   3.5120000e+01  0.2575932241699997
   3.5140000e+01  0.19577316316999968
   3.5160000e+01  0.14505107616999968
   3.5180000e+01  0.10198091016999969
   3.5200000e+01  0.05951024616999969
   3.5220000e+01  0.006819734169999689
   3.5240000e+01  -0.05480187683000032
   3.5260000e+01  -0.10680007083000032
   3.5280000e+01  -0.14939098583000032
   3.5300000e+01  -0.18425796183000032
   3.5320000e+01   -0.1954545070300003
   3.5340000e+01   -0.1573530692300003
   3.5360000e+01   -0.0981657322300003
   3.5380000e+01   -0.031963337230000305
   3.5400000e+01   0.0157532959699997
   3.5420000e+01   0.0303595932699997
   3.5440000e+01   0.0379203643699997
   3.5460000e+01  0.0299634379699997
   3.5480000e+01  0.0116607465699997
   3.5500000e+01  -0.0080907159300003
   3.5520000e+01  -0.0343728914300003
   3.5540000e+01  -0.09717933343000029
   3.5560000e+01  -0.1728515004300003
   3.5580000e+01  -0.24055834143000032
   3.5600000e+01  -0.29108079643000034
   3.5620000e+01  -0.3171728524300004
   3.5640000e+01  -0.34578089543000035
   3.5660000e+01  -0.36554239243000036
   3.5680000e+01  -0.38124818443000036
   3.5700000e+01  -0.39763380203000037
   3.5720000e+01  -0.4054645590300004
   3.5740000e+01   -0.3963284134300004
   3.5760000e+01   -0.3801442735300004
   3.5780000e+01   -0.3625691626300004
   3.5800000e+01   -0.34805149883000036
   3.5820000e+01   -0.32759631903000036
   3.5840000e+01   -0.28459804503000036
   3.5860000e+01   -0.23867709503000034
   3.5880000e+01   -0.17405119403000036
   3.5900000e+01   -0.08604177503000035
   3.5920000e+01   0.006578835969999655
   3.5940000e+01   0.10135521996999966
   3.5960000e+01   0.19180620496999967
   3.5980000e+01   0.27542541696999967
   3.6000000e+01   0.3576091819699997
   3.6020000e+01   0.4215198359699997
   3.6040000e+01   0.4523988942699997
   3.6060000e+01   0.47430283056999967
   3.6080000e+01   0.4874554788599997
   3.6100000e+01  0.47050690314999966
   3.6120000e+01  0.42009519014999963
   3.6140000e+01  0.3428195991499996
   3.6160000e+01  0.2668987971499996
   3.6180000e+01  0.20873499214999958
   3.6200000e+01  0.16327536114999958
   3.6220000e+01  0.13476418954999958
   3.6240000e+01  0.11453736394999958
   3.6260000e+01  0.10001088564999958
   3.6280000e+01   0.09873627034999957
   3.6300000e+01  0.09343128764999957
   3.6320000e+01  0.07991187294999957
   3.6340000e+01   0.08117600394999958
   3.6360000e+01   0.09723314534999958
   3.6380000e+01   0.12388950574999957
   3.6400000e+01   0.15430816174999956
   3.6420000e+01   0.17418169464999955
   3.6440000e+01   0.19469669254999955
   3.6460000e+01   0.20940399904999954
   3.6480000e+01   0.21085043642799953
   3.6500000e+01   0.21459018210599953
   3.6520000e+01  0.20434377490599953
   3.6540000e+01  0.17748959090599953
   3.6560000e+01  0.15593171360599953
   3.6580000e+01  0.13489672930599952
   3.6600000e+01  0.11148385030599953
   3.6620000e+01  0.08692473430599952
   3.6640000e+01  0.040566224305999515
   3.6660000e+01  -0.025057123694000483
   3.6680000e+01  -0.08379027469400047
   3.6700000e+01  -0.15972730569400045
   3.6720000e+01  -0.23478199669400046
   3.6740000e+01  -0.27885856769400047
   3.6760000e+01  -0.32456658269400046
   3.6780000e+01  -0.36885618269400045
   3.6800000e+01  -0.40360351369400044
   3.6820000e+01   -0.41695595809400043
   3.6840000e+01   -0.4016983454940004
   3.6860000e+01   -0.3700143394940004
   3.6880000e+01   -0.34102444719400044
   3.6900000e+01   -0.3188778908940004
   3.6920000e+01   -0.28087602689400043
   3.6940000e+01   -0.25476766369400045
   3.6960000e+01   -0.23762446249400043
   3.6980000e+01   -0.20302686049400043
   3.7000000e+01   -0.17491463439400043
   3.7020000e+01   -0.15135769929400042
   3.7040000e+01   -0.11265914729400042
   3.7060000e+01   -0.06207197829400042
   3.7080000e+01   -0.010260598294000424
   3.7100000e+01   0.03401007270599958
   3.7120000e+01  0.050325703105999584
   3.7140000e+01  0.045477355905999585
   3.7160000e+01   0.04608291570599959
   3.7180000e+01   0.0722911541059996
   3.7200000e+01   0.1145761741059996
   3.7220000e+01  0.1326120355059996
   3.7240000e+01  0.1304098638059996
   3.7260000e+01  0.12314126070599958
   3.7280000e+01  0.11301959820599958
   3.7300000e+01  0.10555339620599957
   3.7320000e+01   0.11381210670599957
   3.7340000e+01   0.15164437670599956
   3.7360000e+01  0.16747206070599957
   3.7380000e+01  0.12608731370599957
   3.7400000e+01  0.06658897270599956
   3.7420000e+01  0.011688747705999557
   3.7440000e+01  -0.02126996979400044
   3.7460000e+01  -0.06425915129400045
   3.7480000e+01  -0.16426514729400044
   3.7500000e+01  -0.25917378429400045
   3.7520000e+01  -0.31153785429400044
   3.7540000e+01   -0.31208500729400046
   3.7560000e+01   -0.24536203329400047
   3.7580000e+01   -0.19760437509400047
   3.7600000e+01  -0.21176568889400046
   3.7620000e+01   -0.21769208579400046
   3.7640000e+01   -0.16798343769400045
   3.7660000e+01   -0.09238035469400044
   3.7680000e+01   -0.0007810326940004414
   3.7700000e+01   0.12010035530599955
   3.7720000e+01   0.20166956330599956
   3.7740000e+01  0.21738141370599956
   3.7760000e+01   0.21689683004599955
   3.7780000e+01   0.23464892598599954
   3.7800000e+01   0.2848542299859995
   3.7820000e+01   0.3282651979859995
   3.7840000e+01  0.3364554777859995
   3.7860000e+01   0.3350703832959995
   3.7880000e+01  0.3282603873059995
   3.7900000e+01  0.2930284736059995
   3.7920000e+01  0.23735526060599949
   3.7940000e+01  0.18451306860599948
   3.7960000e+01  0.14184497960599948
   3.7980000e+01   0.12737263810599947
   3.8000000e+01  0.10164398960599946
   3.8020000e+01  0.01292335460599947
   3.8040000e+01  -0.07571046239400053
   3.8060000e+01  -0.10598089479400054
   3.8080000e+01   -0.08870334419400054
   3.8100000e+01   -0.06980858600400054
   3.8120000e+01  -0.11759712481400054
   3.8140000e+01  -0.22826443081400055
   3.8160000e+01  -0.33242225181400054
   3.8180000e+01   -0.37254852891400053
   3.8200000e+01   -0.3497197540140005
   3.8220000e+01   -0.29180610401400053
   3.8240000e+01   -0.23111521301400054
   3.8260000e+01   -0.20624147795400055
   3.8280000e+01   -0.19057174789400055
   3.8300000e+01   -0.14471871689400057
   3.8320000e+01   -0.07703727889400055
   3.8340000e+01   -0.005355785894000556
   3.8360000e+01   0.08388675710599944
   3.8380000e+01   0.20049669210599944
   3.8400000e+01   0.30905825210599946
   3.8420000e+01   0.37343670910599946
   3.8440000e+01   0.39167473343599946
   3.8460000e+01  0.39050050986599943
   3.8480000e+01  0.38815002916599944
   3.8500000e+01  0.37395339836599945
   3.8520000e+01  0.33306756836599943
   3.8540000e+01  0.29880705196599944
   3.8560000e+01   0.29817625446599944
   3.8580000e+01  0.29029424336599946
   3.8600000e+01  0.24802408236599946
   3.8620000e+01  0.17943857336599944
   3.8640000e+01  0.08995140536599945
   3.8660000e+01  -0.018376479634000548
   3.8680000e+01  -0.13452896063400055
   3.8700000e+01  -0.24158153463400056
   3.8720000e+01  -0.3425078466340006
   3.8740000e+01  -0.4352223336340006
   3.8760000e+01  -0.4950711056340006
   3.8780000e+01   -0.5060952482340005
   3.8800000e+01   -0.48720931283400054
   3.8820000e+01   -0.44928484083400055
   3.8840000e+01   -0.3827883808340006
   3.8860000e+01   -0.33004294183400057
   3.8880000e+01   -0.29306795283400056
   3.8900000e+01   -0.22668333383400055
   3.8920000e+01   -0.14759356183400055
   3.8940000e+01   -0.07344790583400056
   3.8960000e+01   -0.023178494834000557
   3.8980000e+01   -0.002398849634000555
   3.9000000e+01   0.03727080056599945
   3.9020000e+01   0.10577106456599945
   3.9040000e+01   0.17823269756599947
   3.9060000e+01   0.2461706515659995
   3.9080000e+01   0.3091691615659995
   3.9100000e+01   0.3648963825659995
   3.9120000e+01  0.3766595545659995
   3.9140000e+01  0.3339987385659995
   3.9160000e+01  0.2719131005659995
   3.9180000e+01  0.21042830356599948
   3.9200000e+01  0.15055014856599946
   3.9220000e+01  0.09781818756599947
   3.9240000e+01   0.07658149832599948
   3.9260000e+01  0.07345691128599947
   3.9280000e+01  0.06478092728599948
   3.9300000e+01  0.058624367085999475
   3.9320000e+01   0.05830883068599948
   3.9340000e+01   0.06708874978599948
   3.9360000e+01   0.08063617508599948
   3.9380000e+01   0.08692451709599948
   3.9400000e+01  0.07465658730599949
   3.9420000e+01  0.05935980980599949
   3.9440000e+01   0.06437930500599949
   3.9460000e+01  0.0640814767059995
   3.9480000e+01  0.04946205930599949
   3.9500000e+01   0.05065539720599949
   3.9520000e+01  0.04448773450599949
   3.9540000e+01  0.008129484505999492
   3.9560000e+01  -0.031100505494000508
   3.9580000e+01  -0.06886825049400051
   3.9600000e+01  -0.10544259349400051
   3.9620000e+01  -0.1409020474940005
   3.9640000e+01  -0.1675866796940005
   3.9660000e+01   -0.1682003091940005
   3.9680000e+01  -0.1689223001940005
   3.9700000e+01  -0.1926195318940005
   3.9720000e+01  -0.2204665358940005
   3.9740000e+01  -0.2467208188940005
   3.9760000e+01  -0.2660702488940005
   3.9780000e+01   -0.2598916118940005
   3.9800000e+01   -0.2322713628940005
   3.9820000e+01   -0.1984279128940005
   3.9840000e+01   -0.16567166289400048
   3.9860000e+01   -0.1343904338940005
   3.9880000e+01   -0.10753602689400049
   3.9900000e+01   -0.08047933389400048
   3.9920000e+01   -0.02802247989400048
   3.9940000e+01   0.036037760105999524
   3.9960000e+01   0.07211158180599953
   3.9980000e+01   0.09599496550599952
   4.0000000e+01   0.11766938650599952
   4.0020000e+01   0.13683869250599953
   4.0040000e+01  0.14661318000599954
   4.0060000e+01  0.12381308250599954
   4.0080000e+01  0.08418049550599954
   4.0100000e+01  0.047211778505999544
   4.0120000e+01  0.014113279505999547
   4.0140000e+01  -0.017341953494000452
   4.0160000e+01  -0.04783733249400045
   4.0180000e+01  -0.07743341149400045
   4.0200000e+01  -0.10032350229400044
   4.0220000e+01   -0.10296282989400045
   4.0240000e+01  -0.10079714839400045
   4.0260000e+01  -0.11667218309400045
   4.0280000e+01  -0.14213987109400045
   4.0300000e+01  -0.16064626979400046
   4.0320000e+01  -0.16986606579400046
   4.0340000e+01  -0.17732066469400046
   4.0360000e+01   -0.16649251729400047
   4.0380000e+01   -0.11293939929400046
   4.0400000e+01   -0.03491224129400046
   4.0420000e+01   0.02561893270599954
   4.0440000e+01   0.06102318770599954
   4.0460000e+01   0.08927234270599954
   4.0480000e+01   0.12958810770599954
   4.0500000e+01   0.18355568870599953
   4.0520000e+01   0.21959079430599954
   4.0540000e+01   0.23926908590599955
   4.0560000e+01   0.26159091190599953
   4.0580000e+01   0.28286646090599954
   4.0600000e+01   0.30077489800599955
   4.0620000e+01  0.29473665910599955
   4.0640000e+01  0.26136403110599954
   4.0660000e+01  0.22611409310599953
   4.0680000e+01  0.20259776880599953
   4.0700000e+01   0.19640045900599953
   4.0720000e+01   0.20765835520599954
   4.0740000e+01   0.22936189890599953
   4.0760000e+01   0.24877114680599954
   4.0780000e+01   0.26213854510599954
   4.0800000e+01   0.27567063950599957
   4.0820000e+01  0.2766149220059996
   4.0840000e+01  0.24946488650599957
   4.0860000e+01  0.19648105250599956
   4.0880000e+01  0.12551042750599956
   4.0900000e+01  0.04969509250599956
   4.0920000e+01  -0.026626298494000444
   4.0940000e+01  -0.08924558349400044
   4.0960000e+01  -0.12989609449400044
   4.0980000e+01  -0.15850714849400044
   4.1000000e+01  -0.18262711149400043
   4.1020000e+01  -0.22867866049400043
   4.1040000e+01  -0.29655369449400043
   4.1060000e+01  -0.35894959649400043
   4.1080000e+01  -0.4067502584940004
   4.1100000e+01  -0.4321161121940004
   4.1120000e+01  -0.4416152114940004
   4.1140000e+01  -0.4531765596940004
   4.1160000e+01   -0.45269189909400037
   4.1180000e+01   -0.4210471558940004
   4.1200000e+01   -0.3581751468940004
   4.1220000e+01   -0.2662062418940004
   4.1240000e+01   -0.1645457478940004
   4.1260000e+01   -0.0643247468940004
   4.1280000e+01   0.03276925910599958
   4.1300000e+01   0.10015377410599959
   4.1320000e+01   0.1384353701059996
   4.1340000e+01   0.1679165451059996
   4.1360000e+01   0.1872153377059996
   4.1380000e+01   0.2100332643059996
   4.1400000e+01   0.24025681530599963
   4.1420000e+01   0.26872885630599963
   4.1440000e+01   0.30005517030599965
   4.1460000e+01  0.31310378430599967
   4.1480000e+01  0.2946726023059997
   4.1500000e+01  0.26419988430599967
   4.1520000e+01  0.23364378630599966
   4.1540000e+01  0.20341416930599968
   4.1560000e+01  0.17403428730599968
   4.1580000e+01  0.14537645430599969
   4.1600000e+01  0.11465132230599968
   4.1620000e+01  0.07223925230599967
   4.1640000e+01  0.020304632305999673
   4.1660000e+01  -0.02549342369400033
   4.1680000e+01  -0.06696381569400034
   4.1700000e+01  -0.09830192169400034
   4.1720000e+01  -0.11374002509400034
   4.1740000e+01   -0.11738000179400035
   4.1760000e+01  -0.12132043159400036
   4.1780000e+01  -0.13244239699400034
   4.1800000e+01  -0.14290475129400035
   4.1820000e+01  -0.15269135539400036
   4.1840000e+01  -0.16229693069400036
   4.1860000e+01  -0.17356844959400036
   4.1880000e+01  -0.18239801669400035
   4.1900000e+01   -0.18449010419400036
   4.1920000e+01   -0.16658767489400036
   4.1940000e+01   -0.12247247289400037
   4.1960000e+01   -0.08561397189400037
   4.1980000e+01  -0.08170390629400037
   4.2000000e+01   -0.08628234299400037
   4.2020000e+01   -0.08062493999400036
   4.2040000e+01   -0.05530574069400036
   4.2060000e+01   -0.007155822694000363
   4.2080000e+01   0.03520053930599964
   4.2100000e+01   0.05614669930599964
   4.2120000e+01  0.053061078405999634
   4.2140000e+01  0.04012683660599963
   4.2160000e+01  0.03012351570599963
   4.2180000e+01   0.03247914880599963
   4.2200000e+01   0.05217503190599963
   4.2220000e+01   0.06570812790599963
   4.2240000e+01  0.060314496405999625
   4.2260000e+01  0.049606586505999625
   4.2280000e+01   0.04771811860599962
   4.2300000e+01   0.06251021010599962
   4.2320000e+01   0.09663053410599962
   4.2340000e+01   0.13585839710599962
   4.2360000e+01   0.1679909261059996
   4.2380000e+01   0.1894107083059996
   4.2400000e+01  0.19117769250599959
   4.2420000e+01  0.1798735316059996
   4.2440000e+01  0.17067941190599958
   4.2460000e+01  0.1620125775059996
   4.2480000e+01   0.1567826725669996
   4.2500000e+01  0.1456338562279996
   4.2520000e+01  0.10416481622799958
   4.2540000e+01  0.043980191227999586
   4.2560000e+01  -0.008909502772000415
   4.2580000e+01  -0.03907569507200042
   4.2600000e+01  -0.049236802672000424
   4.2620000e+01  -0.06811233597200042
   4.2640000e+01  -0.10241413297200042
   4.2660000e+01  -0.1509424969720004
   4.2680000e+01  -0.2066898099720004
   4.2700000e+01  -0.25689075697200037
   4.2720000e+01  -0.30057103197200036
   4.2740000e+01  -0.32001644316200034
   4.2760000e+01   -0.31494653795200034
   4.2780000e+01   -0.30677466955200033
   4.2800000e+01   -0.29630090645200036
   4.2820000e+01   -0.28168368215200035
   4.2840000e+01   -0.26634630115200036
   4.2860000e+01   -0.24458966635200036
   4.2880000e+01   -0.21486169935200036
   4.2900000e+01   -0.16807269535200037
   4.2920000e+01   -0.10376382435200036
   4.2940000e+01   -0.03464684335200037
   4.2960000e+01   0.034285894647999623
   4.2980000e+01   0.09882956864799963
   4.3000000e+01   0.15591679664799962
   4.3020000e+01   0.18548530894799964
   4.3040000e+01  0.18585860604799964
   4.3060000e+01   0.19660843584799964
   4.3080000e+01   0.21581632804799963
   4.3100000e+01   0.22679123794799963
   4.3120000e+01   0.23701967104799962
   4.3140000e+01  0.23661178774799962
   4.3160000e+01  0.2288806415479996
   4.3180000e+01  0.2233974453479996
   4.3200000e+01  0.2162478426479996
   4.3220000e+01  0.2026125522479996
   4.3240000e+01  0.1793384628479996
   4.3260000e+01  0.1455812828479996
   4.3280000e+01  0.1049259068479996
   4.3300000e+01  0.0641678388479996
   4.3320000e+01  0.03967424514799961
   4.3340000e+01   0.04051429124799961
   4.3360000e+01  0.03960660304799961
   4.3380000e+01  0.031540250647999604
   4.3400000e+01  0.017480802247999604
   4.3420000e+01  -0.017777537752000395
   4.3440000e+01  -0.059313493752000394
   4.3460000e+01  -0.0978646437520004
   4.3480000e+01  -0.13618520675200038
   4.3500000e+01  -0.1578946268520004
   4.3520000e+01  -0.1702802143520004
   4.3540000e+01  -0.1922252377520004
   4.3560000e+01  -0.2057764137120004
   4.3580000e+01   -0.2050101647720004
   4.3600000e+01   -0.19415442327200041
   4.3620000e+01   -0.18013030367200042
   4.3640000e+01   -0.16982260467200042
   4.3660000e+01   -0.15102577667200043
   4.3680000e+01   -0.12757610867200042
   4.3700000e+01   -0.09762882767200043
   4.3720000e+01   -0.05542440567200043
   4.3740000e+01   -0.017491354672000428
   4.3760000e+01   0.00993284732799957
   4.3780000e+01   0.03430277432799957
   4.3800000e+01   0.06090413732799957
   4.3820000e+01   0.09313299532799957
   4.3840000e+01   0.13003341932799956
   4.3860000e+01   0.16542490332799956
   4.3880000e+01   0.19511649232799955
   4.3900000e+01   0.21783024342799956
   4.3920000e+01  0.22539911742799956
   4.3940000e+01  0.21989206412799955
   4.3960000e+01  0.20617729082799954
   4.3980000e+01  0.18715732592799955
   4.4000000e+01  0.17626195152799956
   4.4020000e+01  0.16816408042799957
   4.4040000e+01  0.15384228802799957
   4.4060000e+01  0.13346193612799956
   4.4080000e+01  0.10946900312799956
   4.4100000e+01  0.08747302612799956
   4.4120000e+01  0.06701953712799957
   4.4140000e+01  0.04743775122799958
   4.4160000e+01  0.029814927527999576
   4.4180000e+01  0.013536007927999576
   4.4200000e+01  -0.00039298067200042343
   4.4220000e+01  -0.007837703172000422
   4.4240000e+01  -0.010399978172000422
   4.4260000e+01   -0.009792989572000421
   4.4280000e+01   -0.004121978572000421
   4.4300000e+01   0.005972060327999582
   4.4320000e+01   0.018311350327999583
   4.4340000e+01   0.030296235227999582
   4.4360000e+01   0.03828402672799958
   4.4380000e+01   0.04133338298799959
   4.4400000e+01  0.04105313431799959
   4.4420000e+01   0.04064498961799959
   4.4440000e+01   0.04271836364799959
   4.4460000e+01   0.04681449724799959
   4.4480000e+01   0.05268192854799959
   4.4500000e+01   0.05808978214799959
   4.4520000e+01   0.06065074898799959
   4.4540000e+01  0.06006039252799959
   4.4560000e+01  0.057673212427999596
   4.4580000e+01  0.0543290993279996
   4.4600000e+01  0.0488355791279996
   4.4620000e+01  0.0416993976279996
   4.4640000e+01  0.0348954073279996
   4.4660000e+01  0.0284388741279996
   4.4680000e+01  0.022051708427999597
   4.4700000e+01  0.0160386356279996
   4.4720000e+01  0.0101006675279996
   4.4740000e+01  0.0045664451279996
   4.4760000e+01  4.633152799960079e-5
   4.4780000e+01  -0.003661639372000399
   4.4800000e+01  -0.0065010574720004
   4.4820000e+01  -0.008288586782000399
   4.4840000e+01  -0.009683318872000399
   4.4860000e+01  -0.011029053022000398
   4.4880000e+01  -0.012328102362000399
   4.4900000e+01  -0.013695538882000398
   4.4920000e+01  -0.015144040602000398
   4.4940000e+01  -0.0166484652420004
   4.4960000e+01  -0.0183157593220004
   4.4980000e+01  -0.0202702166320004
   4.5000000e+01  -0.0225062183320004
   4.5020000e+01  -0.0249551820320004
   4.5040000e+01  -0.0275268492320004
   4.5060000e+01  -0.0301659309320004
