   0.0000000e+00  -0.019168046
   2.0000000e-02   -0.029826733
   4.0000000e-02   -0.0128141451
   6.0000000e-02  -0.0154266992
   8.0000000e-02  -0.0330665505
   1.0000000e-01  -0.0616962548
   1.2000000e-01   -0.08296462231
   1.4000000e-01  -0.09340433081999999
   1.6000000e-01   -0.07991077481999999
   1.8000000e-01   -0.019605720819999985
   2.0000000e-01   0.05603920918000003
   2.2000000e-01   0.13936167618000003
   2.4000000e-01   0.24045138818000003
   2.6000000e-01   0.32795005418
   2.8000000e-01  0.34116335518
   3.0000000e-01   0.33105004808
   3.2000000e-01  0.30714428598
   3.4000000e-01  0.26916951617999996
   3.6000000e-01  0.22860228237999997
   3.8000000e-01   0.22377191537999996
   4.0000000e-01  0.22254111137999996
   4.2000000e-01   0.24007268437999996
   4.4000000e-01   0.33601959237999995
   4.6000000e-01   0.40052197737999995
   4.8000000e-01  0.34602927638
   5.0000000e-01  0.20546610237999996
   5.2000000e-01   0.18330565637999996
   5.4000000e-01  0.06302925637999998
   5.6000000e-01  -0.12258266362
   5.8000000e-01  -0.26592708362
   6.0000000e-01   -0.22609934362
   6.2000000e-01  -0.22001156362000002
   6.4000000e-01  -0.40804389562000004
   6.6000000e-01   -0.43006935212
   6.8000000e-01  -0.55326565662
   7.0000000e-01   -0.46800925662000004
   7.2000000e-01  -0.70691545662
   7.4000000e-01   -0.99937062662
   7.6000000e-01  -0.85227514962
   7.8000000e-01  -0.88635502662
   8.0000000e-01  -0.93143670062
   8.2000000e-01  -1.11291462062
   8.4000000e-01   -1.23122932862
   8.6000000e-01  -1.27578773562
   8.8000000e-01   -1.27045874862
   9.0000000e-01  -1.2450152006200002
   9.2000000e-01   -1.28709229962
   9.4000000e-01   -1.21238839762
   9.6000000e-01   -1.0078547446200001
   9.8000000e-01   -0.7079590546200001
   1.0000000e+00   -0.4396396546200001
   1.0200000e+00  -0.3313777516200001
   1.0400000e+00   -0.2523691906200001
   1.0600000e+00   -0.06281709762000007
   1.0800000e+00   0.11734884037999996
   1.1000000e+00  0.14116454137999998
   1.1200000e+00   0.17915347937999998
   1.1400000e+00   0.51012405938
   1.1600000e+00   0.8546683693800001
   1.1800000e+00   0.9780165733800001
   1.2000000e+00  0.9842244899800001
   1.2200000e+00   1.30545459258
   1.2400000e+00   1.7902478025800002
   1.2600000e+00  1.8774950085800002
   1.2800000e+00  1.6080801445800001
   1.3000000e+00   1.5060934785800002
   1.3200000e+00   1.8486644825800003
   1.3400000e+00  2.0081658955800004
   1.3600000e+00  1.8000491985800005
   1.3800000e+00  1.6513619425800004
   1.4000000e+00   1.7936663865800004
   1.4200000e+00   2.0360986125800005
   1.4400000e+00  2.0693934675800003
   1.4600000e+00  2.0115489545800003
   1.4800000e+00   2.1752121525800003
   1.5000000e+00   2.5907278325800003
   1.5200000e+00  2.7751408055800004
   1.5400000e+00  2.71252420458
   1.5600000e+00   2.80280665058
   1.5800000e+00   2.96922033458
   1.6000000e+00   3.03893335438
   1.6200000e+00  2.88972563018
   1.6400000e+00  2.65340002818
   1.6600000e+00   2.65439191418
   1.6800000e+00   2.8950834421800002
   1.7000000e+00  3.00026972318
   1.7200000e+00  2.84669503418
   1.7400000e+00   2.86679180418
   1.7600000e+00   3.27656179418
   1.7800000e+00   3.69348250418
   1.8000000e+00  3.7530787381799997
   1.8200000e+00  3.6269782811799995
   1.8400000e+00  3.4437830601799995
   1.8600000e+00  3.2470625521799996
   1.8800000e+00  3.0009927341799996
   1.9000000e+00  2.5836113441799995
   1.9200000e+00  2.3255505051799994
   1.9400000e+00   2.3407627261799995
   1.9600000e+00  2.3648471477799995
   1.9800000e+00  2.2045154793799995
   2.0000000e+00  1.9805703433799995
   2.0200000e+00   1.9664805103799994
   2.0400000e+00   2.0266998771799996
   2.0600000e+00   2.1363187609799996
   2.0800000e+00   2.2493303753799996
   2.1000000e+00   2.2574927007799994
   2.1200000e+00  2.1978149767799993
   2.1400000e+00   2.1657790077799994
   2.1600000e+00  2.0902120537799993
   2.1800000e+00  1.8605042737799993
   2.2000000e+00  1.7306581342799991
   2.2200000e+00   1.986289404779999
   2.2400000e+00   2.446936684779999
   2.2600000e+00  2.409431714779999
   2.2800000e+00  2.067985854779999
   2.3000000e+00  1.586118414779999
   2.3200000e+00  0.9287879847799988
   2.3400000e+00  0.42188895477999877
   2.3600000e+00  -0.17910071522000126
   2.3800000e+00  -0.6259455092200013
   2.4000000e+00   -0.4142884332200013
   2.4200000e+00  -0.1714046852200013
   2.4400000e+00  -0.4527493772200013
   2.4600000e+00  -1.0157180372200014
   2.4800000e+00  -1.3466832251200014
   2.5000000e+00   -1.1095297530200015
   2.5200000e+00   -0.48054303302000145
   2.5400000e+00   0.4955499769799985
   2.5600000e+00   1.4341935069799985
   2.5800000e+00   1.9292888969799984
   2.6000000e+00  1.8662901969799983
   2.6200000e+00  1.2871890969799984
   2.6400000e+00  0.3122064169799984
   2.6600000e+00  -0.4129406330200015
   2.6800000e+00   -0.4048043630200015
   2.7000000e+00   0.08782089697999851
   2.7200000e+00   0.6457913969799985
   2.7400000e+00  0.7326256969799986
   2.7600000e+00   0.6314201885799986
   2.7800000e+00  0.4302779601799986
   2.8000000e+00   0.2636997601799986
   2.8200000e+00   0.4120037601799986
   2.8400000e+00   0.7456047901799986
   2.8600000e+00   1.3151879701799984
   2.8800000e+00   2.0840869501799983
   2.9000000e+00   2.6407960301799984
   2.9200000e+00  2.4583776101799986
   2.9400000e+00  1.8590372501799985
   2.9600000e+00   1.6625564221799987
   2.9800000e+00   2.0221856641799985
   3.0000000e+00   2.3789819161799985
   3.0200000e+00  2.3738685591799986
   3.0400000e+00  1.9017065101799986
   3.0600000e+00  0.4017657001799986
   3.0800000e+00  -2.0458190998200014
   3.1000000e+00  -4.877747199820002
   3.1200000e+00  -7.722330799820002
   3.1400000e+00  -10.139737099820001
   3.1600000e+00  -12.341437399820002
   3.1800000e+00  -14.638470099820001
   3.2000000e+00  -17.311115899820003
   3.2200000e+00  -20.268078399820002
   3.2400000e+00  -23.240952499820004
   3.2600000e+00  -26.494944599820005
   3.2800000e+00  -29.614941299820003
   3.3000000e+00  -31.458941939820004
   3.3200000e+00  -32.09760121982001
   3.3400000e+00  -32.60541829982001
   3.3600000e+00  -33.58545291982001
   3.3800000e+00  -35.08341309982001
   3.4000000e+00  -36.73002486982001
   3.4200000e+00  -38.31701462982001
   3.4400000e+00   -38.768477539820005
   3.4600000e+00   -36.951144759820004
   3.4800000e+00   -33.19927625982
   3.5000000e+00   -27.991808059820002
   3.5200000e+00   -21.849861259820003
   3.5400000e+00   -15.788603959820001
   3.5600000e+00   -10.117288959820002
   3.5800000e+00   -3.9195862598200018
   3.6000000e+00   2.884893340179998
   3.6200000e+00   8.515794840179998
   3.6400000e+00   10.966414940179998
   3.6600000e+00  10.979610300179997
   3.6800000e+00   11.328753390179997
   3.7000000e+00   13.956076620179998
   3.7200000e+00   18.055550820179995
   3.7400000e+00   21.771521620179996
   3.7600000e+00   25.343501620179996
   3.7800000e+00   28.324051920179997
   3.8000000e+00   30.29419708018
   3.8200000e+00   31.279682284179998
   3.8400000e+00  30.54359075818
   3.8600000e+00  28.33171588818
   3.8800000e+00  25.22455448818
   3.9000000e+00  22.09249228818
   3.9200000e+00  19.90371092818
   3.9400000e+00  18.33323801818
   3.9600000e+00  15.95455666818
   3.9800000e+00  12.246918668180001
   4.0000000e+00  7.635669968180001
   4.0200000e+00  4.085837268180001
   4.0400000e+00   3.1327254681800003
   4.0600000e+00  2.5152749881800003
   4.0800000e+00  0.8187774781800004
   4.1000000e+00  -1.1923241518199998
   4.1200000e+00  -3.49522625182
   4.1400000e+00  -5.97619715182
   4.1600000e+00  -7.29918336182
   4.1800000e+00   -6.81320529182
   4.2000000e+00   -5.84582699182
   4.2200000e+00   -4.94841693182
   4.2400000e+00   -3.6859991818199997
   4.2600000e+00   -2.50596280182
   4.2800000e+00  -2.13972577982
   4.3000000e+00  -2.50402880782
   4.3200000e+00  -3.4982605978200003
   4.3400000e+00  -4.74487269782
   4.3600000e+00  -5.35378976282
   4.3800000e+00   -5.14561939782
   4.4000000e+00  -5.09215121782
   4.4200000e+00  -5.84986008782
   4.4400000e+00  -6.67282340782
   4.4600000e+00  -7.15109377782
   4.4800000e+00  -7.79775196782
   4.5000000e+00  -8.45769035782
   4.5200000e+00   -8.019916117820001
   4.5400000e+00   -6.135027117820001
   4.5600000e+00   -3.9823434578200008
   4.5800000e+00  -3.657760367820001
   4.6000000e+00  -5.207781567820001
   4.6200000e+00  -6.535983657820001
   4.6400000e+00   -6.336973457820001
   4.6600000e+00   -5.092920577820001
   4.6800000e+00   -3.740760767820001
   4.7000000e+00   -1.975857377820001
   4.7200000e+00   0.2723521221799987
   4.7400000e+00   2.6730139221799987
   4.7600000e+00   4.065290022179998
   4.7800000e+00  2.938285122179998
   4.8000000e+00  0.18443032217999855
   4.8200000e+00  -2.6006457778200014
   4.8400000e+00  -4.536741437820002
   4.8600000e+00  -5.897695617820002
   4.8800000e+00  -7.448457567820002
   4.9000000e+00   -8.089266507820001
   4.9200000e+00   -6.436523217820001
   4.9400000e+00   -2.5850228178200014
   4.9600000e+00   2.0773571821799983
   4.9800000e+00   6.192903082179998
   5.0000000e+00   9.555005982179999
   5.0200000e+00   12.59983488218
   5.0400000e+00   15.06473198218
   5.0600000e+00  15.22002098218
   5.0800000e+00  12.191440782179999
   5.1000000e+00  7.904424982179998
   5.1200000e+00  4.687241482179998
   5.1400000e+00  2.9015375521799984
   5.1600000e+00  1.3893102121799983
   5.1800000e+00  -0.7997556978200018
   5.2000000e+00  -3.095384277820002
   5.2200000e+00   -3.9967218528200017
   5.2400000e+00   -2.9136752778200017
   5.2600000e+00   -0.7153921078200018
   5.2800000e+00   1.3132183321799982
   5.3000000e+00   2.296553972179998
   5.3200000e+00  2.095002432179998
   5.3400000e+00  0.974716382179998
   5.3600000e+00  -1.062153527820002
   5.3800000e+00  -4.0979421278200014
   5.4000000e+00  -7.351923327820002
   5.4200000e+00  -9.699452347820001
   5.4400000e+00   -9.807020467820001
   5.4600000e+00   -8.214927327820002
   5.4800000e+00  -7.6046645478200015
   5.5000000e+00  -8.249165257820001
   5.5200000e+00  -8.734133413820002
   5.5400000e+00   -8.146005459820001
   5.5600000e+00   -6.417252999820001
   5.5800000e+00   -4.1845103998200015
   5.6000000e+00   -1.5041891998200017
   5.6200000e+00   1.8053033001799985
   5.6400000e+00   5.812823700179998
   5.6600000e+00   10.568583000179999
   5.6800000e+00   15.155912800179998
   5.7000000e+00   18.343835600179997
   5.7200000e+00   20.584650700179996
   5.7400000e+00   22.013265340179995
   5.7600000e+00  20.959944180179995
   5.7800000e+00  17.045006180179996
   5.8000000e+00  12.808074680179995
   5.8200000e+00  9.964516280179996
   5.8400000e+00  7.949350640179996
   5.8600000e+00   7.122697370179996
   5.8800000e+00   7.562154450179996
   5.9000000e+00   8.311079890179997
   5.9200000e+00  8.206560400179997
   5.9400000e+00  6.432133380179997
   5.9600000e+00  3.946311780179997
   5.9800000e+00  2.419748210179997
   6.0000000e+00   2.227656130179997
   6.0200000e+00   2.403809554179997
   6.0400000e+00   2.708368358179997
   6.0600000e+00   3.202039918179997
   6.0800000e+00   3.776326998179997
   6.1000000e+00   4.827231868179997
   6.1200000e+00   6.342701438179997
   6.1400000e+00   8.256955028179997
   6.1600000e+00   10.724055828179997
   6.1800000e+00   13.112657928179997
   6.2000000e+00   14.270916478179997
   6.2200000e+00  14.087943528179997
   6.2400000e+00  13.348438718179997
   6.2600000e+00  12.537135858179997
   6.2800000e+00  11.925904348179998
   6.3000000e+00  11.208884038179997
   6.3200000e+00  9.953889468179998
   6.3400000e+00  8.512769268179998
   6.3600000e+00  7.092762368179997
   6.3800000e+00  5.656541048179997
   6.4000000e+00  4.455349468179997
   6.4200000e+00  3.663113998179997
   6.4400000e+00  3.230976368179997
   6.4600000e+00  3.002933062179997
   6.4800000e+00   2.9571803711799967
   6.5000000e+00   3.2071912461799967
   6.5200000e+00   3.9800967861799967
   6.5400000e+00   5.204180756179997
   6.5600000e+00   6.177660496179997
   6.5800000e+00   6.760508536179997
   6.6000000e+00   7.270435416179997
   6.6200000e+00   8.183525966179998
   6.6400000e+00   9.767692676179998
   6.6600000e+00   11.445220826179998
   6.6800000e+00   12.860478746179998
   6.7000000e+00   14.183345466179999
   6.7200000e+00   15.189035446179998
   6.7400000e+00  15.441727271179998
   6.7600000e+00  15.016398136179998
   6.7800000e+00  13.936628176179997
   6.8000000e+00  12.053709836179998
   6.8200000e+00  9.399022636179998
   6.8400000e+00  7.1532417061799975
   6.8600000e+00   6.420296795679997
   6.8800000e+00  6.275651815179997
   6.9000000e+00  5.318866895179998
   6.9200000e+00  3.455951675179998
   6.9400000e+00  1.333267875179998
   6.9600000e+00  -0.584123354820002
   6.9800000e+00  -1.450425533820002
   7.0000000e+00  -1.5505641648200021
   7.0200000e+00   -1.450719976820002
   7.0400000e+00   -0.8548567568200021
   7.0600000e+00   -0.22705340682000208
   7.0800000e+00  -0.2853830568200021
   7.1000000e+00  -0.9035157368200021
   7.1200000e+00   -1.1700990018200021
   7.1400000e+00  -1.2472507568200022
   7.1600000e+00  -1.8425772268200022
   7.1800000e+00  -3.284463176820002
   7.2000000e+00  -5.172119676820002
   7.2200000e+00  -6.704870576820002
   7.2400000e+00  -7.974386606820002
   7.2600000e+00  -9.201900116820003
   7.2800000e+00  -10.315255926820003
   7.3000000e+00  -11.135805536820003
   7.3200000e+00  -11.490021427820004
   7.3400000e+00   -11.230987178820003
   7.3600000e+00   -10.324642918820004
   7.3800000e+00   -8.604782918820003
   7.4000000e+00   -6.4998788388200035
   7.4200000e+00   -5.040449198820003
   7.4400000e+00   -4.365969818820003
   7.4600000e+00   -3.7688127188200027
   7.4800000e+00   -2.7259883088200025
   7.5000000e+00   -1.3088136588200026
   7.5200000e+00   -0.1764350488200026
   7.5400000e+00  0.004831651179997398
   7.5600000e+00  -0.5113845888200026
   7.5800000e+00  -1.2648671288200026
   7.6000000e+00  -2.1869319288200026
   7.6200000e+00  -3.470525848820003
   7.6400000e+00  -5.278102758820003
   7.6600000e+00  -7.486742358820003
   7.6800000e+00  -9.685742458820002
   7.7000000e+00  -10.933466468820003
   7.7200000e+00   -10.424756628820003
   7.7400000e+00   -8.394582178820002
   7.7600000e+00   -6.235400838820002
   7.7800000e+00   -4.740479068820003
   7.8000000e+00   -3.838241468820003
   7.8200000e+00  -3.914278358820003
   7.8400000e+00  -5.087801418820003
   7.8600000e+00  -6.588317218820004
   7.8800000e+00   -7.166419068820004
   7.9000000e+00   -6.796341798820004
   7.9200000e+00  -6.610849490820004
   7.9400000e+00  -7.288086202820004
   7.9600000e+00  -8.297011442820004
   7.9800000e+00   -8.527293282820004
   8.0000000e+00  -8.434726460820004
   8.0200000e+00  -9.191679228820004
   8.0400000e+00  -10.598442218820004
   8.0600000e+00  -11.865839458820004
   8.0800000e+00  -12.446021081820003
   8.1000000e+00   -12.018238494820004
   8.1200000e+00   -11.007700614820005
   8.1400000e+00   -9.926651434820005
   8.1600000e+00   -8.769445664820005
   8.1800000e+00   -7.096642464820005
   8.2000000e+00   -4.613481264820004
   8.2200000e+00   -1.9022827648200042
   8.2400000e+00   0.30512665517999604
   8.2600000e+00   1.981318565179996
   8.2800000e+00   3.946019255179996
   8.3000000e+00   6.716153655179996
   8.3200000e+00   9.970432855179995
   8.3400000e+00   12.859154055179996
   8.3600000e+00   14.839260505179997
   8.3800000e+00   16.359490195179998
   8.4000000e+00   17.76417399518
   8.4200000e+00  18.301627805179997
   8.4400000e+00  17.244629945179998
   8.4600000e+00  15.015177235179998
   8.4800000e+00  12.402328735179998
   8.5000000e+00  10.343974185179997
   8.5200000e+00  9.079769315179997
   8.5400000e+00  7.688129835179996
   8.5600000e+00  6.163801305179996
   8.5800000e+00   5.601519913179996
   8.6000000e+00   6.130627991179996
   8.6200000e+00   7.091998281179996
   8.6400000e+00   7.802010131179996
   8.6600000e+00  7.5539752311799955
   8.6800000e+00  6.390494751179995
   8.7000000e+00  4.958578081179995
   8.7200000e+00  3.5664700211799953
   8.7400000e+00  2.1063231111799956
   8.7600000e+00  0.3975327811799956
   8.7800000e+00  -1.4665525988200043
   8.8000000e+00  -3.200997198820004
   8.8200000e+00  -4.780233918820004
   8.8400000e+00  -6.352974128820004
   8.8600000e+00  -7.8157387888200045
   8.8800000e+00  -8.680793218820003
   8.9000000e+00  -9.224877788820004
   8.9200000e+00  -10.423030468820004
   8.9400000e+00  -12.157535698820004
   8.9600000e+00  -13.226141028820004
   8.9800000e+00   -13.037422508820004
   9.0000000e+00   -11.849978218820004
   9.0200000e+00   -10.017750268820004
   9.0400000e+00   -8.451116188820004
   9.0600000e+00   -7.582681458820004
   9.0800000e+00   -6.842412218820004
   9.1000000e+00  -6.5388289288200045
   9.1200000e+00  -7.5278030488200045
   9.1400000e+00  -9.678552668820004
   9.1600000e+00  -12.243777368820004
   9.1800000e+00  -14.291948088820003
   9.2000000e+00  -15.372965108820004
   9.2200000e+00  -15.702103286920003
   9.2400000e+00   -15.276793815020003
   9.2600000e+00   -14.251453035020003
   9.2800000e+00   -13.315244525020002
   9.3000000e+00   -12.830123755020002
   9.3200000e+00   -12.543527625020003
   9.3400000e+00  -12.595519665020003
   9.3600000e+00  -12.844333886020003
   9.3800000e+00   -12.698658067020004
   9.4000000e+00   -12.181873117020004
   9.4200000e+00   -11.366005077020004
   9.4400000e+00   -10.025110467020005
   9.4600000e+00   -7.933946707020004
   9.4800000e+00   -4.9765176070200035
   9.5000000e+00   -1.2135821070200037
   9.5200000e+00   2.6314055929799967
   9.5400000e+00   5.453154892979997
   9.5600000e+00   7.098456192979997
   9.5800000e+00   8.449981162979997
   9.6000000e+00   10.230737232979997
   9.6200000e+00   12.097164872979997
   9.6400000e+00   13.553094712979997
   9.6600000e+00   14.987740512979997
   9.6800000e+00   16.549921172979996
   9.7000000e+00   17.449101072979996
   9.7200000e+00  16.722622672979995
   9.7400000e+00  14.527162432979996
   9.7600000e+00  11.841924732979995
   9.7800000e+00  9.300765832979994
   9.8000000e+00  7.274019452979994
   9.8200000e+00  5.7044685829799935
   9.8400000e+00  3.9936288829799933
   9.8600000e+00  1.8543234729799933
   9.8800000e+00  0.12240444297999331
   9.9000000e+00   -0.05441017702000672
   9.9200000e+00   1.3539998329799934
   9.9400000e+00   3.598943832979993
   9.9600000e+00   5.945718032979993
   9.9800000e+00   7.749700202979993
   1.0000000e+01   8.812958682979993
   1.0020000e+01   9.224568190979992
   1.0040000e+01  9.102737378979992
   1.0060000e+01  8.773694338979992
   1.0080000e+01  8.427305558979992
   1.0100000e+01  7.873309228979991
   1.0120000e+01  7.044936288979991
   1.0140000e+01  6.067617178979991
   1.0160000e+01  4.966239648979991
   1.0180000e+01  4.1293466489799915
   1.0200000e+01   4.094592358979991
   1.0220000e+01   4.621057068979991
   1.0240000e+01  4.868452285979991
   1.0260000e+01  4.398132122979991
   1.0280000e+01  3.537395942979991
   1.0300000e+01  3.064110232979991
   1.0320000e+01   3.3609481029799912
   1.0340000e+01  3.4278754229799913
   1.0360000e+01  2.4882394029799912
   1.0380000e+01  1.1197700629799912
   1.0400000e+01  -0.29676831702000905
   1.0420000e+01  -1.795753127020009
   1.0440000e+01  -3.181718397020009
   1.0460000e+01  -4.141305977020009
   1.0480000e+01  -4.9634416670200086
   1.0500000e+01  -6.204060087020008
   1.0520000e+01  -7.984612257020008
   1.0540000e+01  -10.15628615702001
   1.0560000e+01  -12.40770505702001
   1.0580000e+01  -14.437062377020009
   1.0600000e+01  -15.618795337020009
   1.0620000e+01   -15.44326927702001
   1.0640000e+01   -14.315804687020009
   1.0660000e+01   -12.722635727020009
   1.0680000e+01   -10.807379157020009
   1.0700000e+01   -8.709227057020009
   1.0720000e+01   -6.524826857020008
   1.0740000e+01   -4.356419557020008
   1.0760000e+01   -2.299593817020008
   1.0780000e+01   -0.5815318470200079
   1.0800000e+01   0.3617743829799921
   1.0820000e+01  0.3977690429799921
   1.0840000e+01  -0.22651564702000787
   1.0860000e+01  -1.484275007020008
   1.0880000e+01  -3.302243317020008
   1.0900000e+01  -5.2519006070200085
   1.0920000e+01  -7.107254247020009
   1.0940000e+01  -8.889531647020009
   1.0960000e+01  -10.276657937020008
   1.0980000e+01   -10.526662727020009
   1.1000000e+01   -9.42030943702001
   1.1020000e+01   -7.477382897020009
   1.1040000e+01   -5.321359797020008
   1.1060000e+01   -3.3252901470200085
   1.1080000e+01   -1.4764137770200085
   1.1100000e+01   0.2721505629799912
   1.1120000e+01   1.804504262979991
   1.1140000e+01   2.907087912979991
   1.1160000e+01   3.510982312979991
   1.1180000e+01   3.7772215659799913
   1.1200000e+01  3.842827426479991
   1.1220000e+01  3.785705734979991
   1.1240000e+01  3.6832805559799913
   1.1260000e+01  3.5944764499799913
   1.1280000e+01  3.4207783739799913
   1.1300000e+01  2.974282293979991
   1.1320000e+01  2.347023103979991
   1.1340000e+01  1.669438883979991
   1.1360000e+01  0.629529253979991
   1.1380000e+01  -1.1124054860200088
   1.1400000e+01  -3.5571464860200086
   1.1420000e+01  -6.409469486020009
   1.1440000e+01  -9.128609286020009
   1.1460000e+01  -11.419796486020008
   1.1480000e+01  -13.45689260602001
   1.1500000e+01  -15.230080226020009
   1.1520000e+01  -16.45473727602001
   1.1540000e+01  -16.95335093902001
   1.1560000e+01   -16.63096345202001
   1.1580000e+01   -15.630999992020008
   1.1600000e+01   -14.361755702020009
   1.1620000e+01   -13.09929507202001
   1.1640000e+01   -11.857708182020009
   1.1660000e+01   -10.667970612020008
   1.1680000e+01   -9.909332382020008
   1.1700000e+01  -9.893328182020008
   1.1720000e+01  -10.260823522020008
   1.1740000e+01  -10.544820026020007
   1.1760000e+01   -10.451129880020007
   1.1780000e+01   -9.790274290020006
   1.1800000e+01   -8.776180030020006
   1.1820000e+01   -7.697203490020006
   1.1840000e+01   -6.587595960020006
   1.1860000e+01   -5.327367140020006
   1.1880000e+01   -3.8605664300200058
   1.1900000e+01   -2.304568520020006
   1.1920000e+01   -0.9561819200200059
   1.1940000e+01   0.00878021997999423
   1.1960000e+01   0.7593673499799942
   1.1980000e+01   1.4861126199799943
   1.2000000e+01   2.2458978999799943
   1.2020000e+01   2.928546079979994
   1.2040000e+01   3.553062429979994
   1.2060000e+01   4.284488329979994
   1.2080000e+01   5.142419919979994
   1.2100000e+01   5.950695699979994
   1.2120000e+01   6.316170626979994
   1.2140000e+01  6.197613563979994
   1.2160000e+01  5.9172083339799935
   1.2180000e+01  5.595095023979994
   1.2200000e+01  5.415258546979993
   1.2220000e+01   5.4506913939799935
   1.2240000e+01   5.553293197979993
   1.2260000e+01   5.6722513269799935
   1.2280000e+01  5.687810011979994
   1.2300000e+01  5.540143587979994
   1.2320000e+01  5.293011007979994
   1.2340000e+01  4.915007947979994
   1.2360000e+01  4.2414522479799945
   1.2380000e+01  3.2944940579799944
   1.2400000e+01  2.2196122779799943
   1.2420000e+01  1.0205448179799943
   1.2440000e+01  -0.3166026020200057
   1.2460000e+01  -1.7441402120200056
   1.2480000e+01  -3.0756455420200055
   1.2500000e+01  -3.9569134320200057
   1.2520000e+01   -4.157148328020005
   1.2540000e+01   -3.838227594020005
   1.2560000e+01   -3.268332874020005
   1.2580000e+01   -2.661863754020005
   1.2600000e+01   -2.246311204020005
   1.2620000e+01   -2.0059592840200047
   1.2640000e+01   -1.8366736410200046
   1.2660000e+01  -1.9003322280200046
   1.2680000e+01  -2.3100140680200045
   1.2700000e+01  -2.9068370080200046
   1.2720000e+01  -3.400462148020005
   1.2740000e+01  -3.595157007020005
   1.2760000e+01   -3.5922896630200047
   1.2780000e+01  -3.5904240820200046
   1.2800000e+01   -3.5454291960200046
   1.2820000e+01   -3.1320999280200046
   1.2840000e+01   -2.1626050580200045
   1.2860000e+01   -0.8000749280200044
   1.2880000e+01   0.7676099319799956
   1.2900000e+01   2.3861749219799955
   1.2920000e+01   3.8409198819799952
   1.2940000e+01   4.844650291979995
   1.2960000e+01   5.378219811979996
   1.2980000e+01   5.782423141979995
   1.3000000e+01   6.2239207219799955
   1.3020000e+01   6.686805881979995
   1.3040000e+01   7.1018774719799955
   1.3060000e+01   7.3342490879799955
   1.3080000e+01   7.392906280279996
   1.3100000e+01   7.4137652275799955
   1.3120000e+01  7.383899350579996
   1.3140000e+01  7.182805662579995
   1.3160000e+01  6.565412112579995
   1.3180000e+01  5.376581502579995
   1.3200000e+01  3.982536362579995
   1.3220000e+01  2.802988722579995
   1.3240000e+01  1.9795963625799948
   1.3260000e+01  1.5367429725799948
   1.3280000e+01  1.3828724815799949
   1.3300000e+01  1.3338542985799948
   1.3320000e+01  1.2406411215799948
   1.3340000e+01   1.180277048079995
   1.3360000e+01   1.3175649395799949
   1.3380000e+01   1.6299763595799948
   1.3400000e+01   2.0203077295799945
   1.3420000e+01   2.4782836895799947
   1.3440000e+01   3.013010019579995
   1.3460000e+01   3.483129459579995
   1.3480000e+01  3.573118849579995
   1.3500000e+01  3.068423339579995
   1.3520000e+01  1.9812239795799949
   1.3540000e+01  0.5446258595799949
   1.3560000e+01  -0.978064650420005
   1.3580000e+01  -2.396077190420005
   1.3600000e+01  -3.383392300420005
   1.3620000e+01   -3.680690365420005
   1.3640000e+01   -3.387861560420005
   1.3660000e+01   -2.850640620420005
   1.3680000e+01   -2.300252360420005
   1.3700000e+01   -1.769322110420005
   1.3720000e+01   -1.209720750420005
   1.3740000e+01   -0.542738680420005
   1.3760000e+01   0.22949787957999512
   1.3780000e+01   0.9966920295799951
   1.3800000e+01   1.680232479579995
   1.3820000e+01   2.290739709579995
   1.3840000e+01   2.8206085595799952
   1.3860000e+01   3.3155625295799953
   1.3880000e+01   3.8832638695799955
   1.3900000e+01   4.536388169579995
   1.3920000e+01   5.176556609579995
   1.3940000e+01   5.727855169579995
   1.3960000e+01   6.153388109579995
   1.3980000e+01   6.441360469579996
   1.4000000e+01   6.760487229579995
   1.4020000e+01   7.3107088695799956
   1.4040000e+01   7.997778179579996
   1.4060000e+01   8.644172569579995
   1.4080000e+01   9.263627029579995
   1.4100000e+01   9.918863729579995
   1.4120000e+01   10.601763849579994
   1.4140000e+01   11.278949189579993
   1.4160000e+01   11.919302699579994
   1.4180000e+01   12.476344569579993
   1.4200000e+01   12.924874039579993
   1.4220000e+01   13.206994459579994
   1.4240000e+01  13.281187915579993
   1.4260000e+01  13.204622444579993
   1.4280000e+01  13.000052307579994
   1.4300000e+01  12.604743697579993
   1.4320000e+01  12.008205987579993
   1.4340000e+01  11.341378017579993
   1.4360000e+01  10.790198047579993
   1.4380000e+01   10.571766361979993
   1.4400000e+01   10.857180546379993
   1.4420000e+01   11.574251216379993
   1.4440000e+01   12.498976366379994
   1.4460000e+01   13.494892186379994
   1.4480000e+01   14.517795866379995
   1.4500000e+01   15.540949726379996
   1.4520000e+01   16.434371986379997
   1.4540000e+01   16.93813737638
   1.4560000e+01  16.992710179379998
   1.4580000e+01  16.661413772379998
   1.4600000e+01  15.888949082379998
   1.4620000e+01  14.796450692379999
   1.4640000e+01  13.538916172379999
   1.4660000e+01  12.09880258238
   1.4680000e+01  10.53993293238
   1.4700000e+01  9.001303902379998
   1.4720000e+01  7.480665272379998
   1.4740000e+01  5.844518032379998
   1.4760000e+01  4.059854322379998
   1.4780000e+01  2.235612052379998
   1.4800000e+01  0.4838314723799977
   1.4820000e+01  -1.1817073476200022
   1.4840000e+01  -2.715445727620002
   1.4860000e+01  -3.916302927620002
   1.4880000e+01  -4.670094457620002
   1.4900000e+01  -5.0651394776200025
   1.4920000e+01  -5.232409728620002
   1.4940000e+01  -5.515140909620002
   1.4960000e+01  -6.363816029620002
   1.4980000e+01  -7.679026769620002
   1.5000000e+01  -9.063784799620002
   1.5020000e+01  -10.314832449620003
   1.5040000e+01  -11.247495369620003
   1.5060000e+01  -11.783300729620002
   1.5080000e+01  -11.992308913620002
   1.5100000e+01   -11.903565177620003
   1.5120000e+01   -11.534777457620002
   1.5140000e+01   -10.970801007620002
   1.5160000e+01   -10.339385587620002
   1.5180000e+01   -9.771828047620003
   1.5200000e+01   -9.357189917620003
   1.5220000e+01   -9.108931633620003
   1.5240000e+01   -9.014769240620003
   1.5260000e+01  -9.029436561620003
   1.5280000e+01  -9.066955115620003
   1.5300000e+01  -9.095275731620003
   1.5320000e+01  -9.176229089620003
   1.5340000e+01  -9.385703235620003
   1.5360000e+01  -9.717326405620003
   1.5380000e+01  -10.070283835620003
   1.5400000e+01  -10.334438329620003
   1.5420000e+01  -10.452269631620004
   1.5440000e+01   -10.378898240620003
   1.5460000e+01   -10.105265981620004
   1.5480000e+01   -9.615056301620005
   1.5500000e+01   -8.814587901620005
   1.5520000e+01   -7.632623241620005
   1.5540000e+01   -6.129684841620005
   1.5560000e+01   -4.471342911620005
   1.5580000e+01   -2.787464631620005
   1.5600000e+01   -1.175618521620005
   1.5620000e+01   0.18001979837999493
   1.5640000e+01   1.033214298379995
   1.5660000e+01  1.243586531379995
   1.5680000e+01  0.853714024379995
   1.5700000e+01  0.11229687437999492
   1.5720000e+01  -0.745478435620005
   1.5740000e+01  -1.655819015620005
   1.5760000e+01  -2.5269455556200047
   1.5780000e+01  -3.2169387056200045
   1.5800000e+01  -3.6735976956200043
   1.5820000e+01  -3.990291055620004
   1.5840000e+01  -4.253551995620004
   1.5860000e+01  -4.523568505620004
   1.5880000e+01  -4.872924615620004
   1.5900000e+01  -5.307899285620004
   1.5920000e+01  -5.750572865620004
   1.5940000e+01  -6.127026295620004
   1.5960000e+01  -6.464776515620004
   1.5980000e+01  -6.781902675620004
   1.6000000e+01  -6.975255834620004
   1.6020000e+01   -6.969837513620004
   1.6040000e+01   -6.899118909620005
   1.6060000e+01   -6.867435056620005
   1.6080000e+01   -6.753734097620005
   1.6100000e+01   -6.381089657620005
   1.6120000e+01   -5.697535617620005
   1.6140000e+01   -4.667146587620005
   1.6160000e+01   -3.226097577620005
   1.6180000e+01   -1.5762165076200048
   1.6200000e+01   -0.009873527620004818
   1.6220000e+01   1.4182424423799953
   1.6240000e+01   2.7410020023799957
   1.6260000e+01   3.9093995723799955
   1.6280000e+01   4.837284622379995
   1.6300000e+01   5.495665382379995
   1.6320000e+01   5.989914982379995
   1.6340000e+01   6.462508502379995
   1.6360000e+01   6.923590692379995
   1.6380000e+01   7.252171842379995
   1.6400000e+01  7.309102100379995
   1.6420000e+01  7.130678588379995
   1.6440000e+01  6.790920528379995
   1.6460000e+01  6.315410538379995
   1.6480000e+01  5.855257738379994
   1.6500000e+01  5.593771161379994
   1.6520000e+01  5.528841478379994
   1.6540000e+01  5.433248562379994
   1.6560000e+01  5.123141652379994
   1.6580000e+01  4.624460862379994
   1.6600000e+01  4.034177692379994
   1.6620000e+01  3.417365112379994
   1.6640000e+01  2.822790662379994
   1.6660000e+01  2.291352792379994
   1.6680000e+01  1.852317412379994
   1.6700000e+01  1.530404942379994
   1.6720000e+01   1.425912753379994
   1.6740000e+01   1.599865694379994
   1.6760000e+01   1.963533814379994
   1.6780000e+01   2.405212404379994
   1.6800000e+01   2.766552324379994
   1.6820000e+01  2.876690969379994
   1.6840000e+01  2.738473404379994
   1.6860000e+01  2.475904514379994
   1.6880000e+01  2.150764754379994
   1.6900000e+01  1.7777004743799942
   1.6920000e+01  1.3865239643799943
   1.6940000e+01  1.0151277943799943
   1.6960000e+01  0.6483360243799944
   1.6980000e+01  0.23223515437999437
   1.7000000e+01  -0.27768504562000557
   1.7020000e+01  -0.8435236456200057
   1.7040000e+01  -1.3345563056200058
   1.7060000e+01  -1.695771225620006
   1.7080000e+01  -1.985287065620006
   1.7100000e+01  -2.289979095620006
   1.7120000e+01  -2.6473884256200058
   1.7140000e+01  -3.073992275620006
   1.7160000e+01  -3.5936879056200057
   1.7180000e+01  -4.161685345620006
   1.7200000e+01  -4.683855385620006
   1.7220000e+01  -5.128523665620006
   1.7240000e+01  -5.5885909156200055
   1.7260000e+01  -6.150229685620006
   1.7280000e+01  -6.779701765620006
   1.7300000e+01  -7.3931902956200055
   1.7320000e+01  -7.861333315620006
   1.7340000e+01   -8.011444216620006
   1.7360000e+01   -7.828891797620006
   1.7380000e+01   -7.454662267620006
   1.7400000e+01   -6.858799787620006
   1.7420000e+01   -5.962535667620006
   1.7440000e+01   -4.885208177620006
   1.7460000e+01   -3.8132342876200065
   1.7480000e+01   -2.8393485176200066
   1.7500000e+01   -1.9308656276200067
   1.7520000e+01   -1.0810348276200066
   1.7540000e+01   -0.4125371476200066
   1.7560000e+01   -0.007582737620006608
   1.7580000e+01   0.2471550923799934
   1.7600000e+01   0.45931995237999346
   1.7620000e+01   0.5995033283799934
   1.7640000e+01  0.6162185193799934
   1.7660000e+01  0.5446405063799934
   1.7680000e+01   0.5325656003799935
   1.7700000e+01   0.7196787723799934
   1.7720000e+01   1.1092332523799935
   1.7740000e+01   1.5763167923799934
   1.7760000e+01   1.9568460523799933
   1.7780000e+01   2.1235677323799935
   1.7800000e+01  2.0844641113799933
   1.7820000e+01  1.9722626013799933
   1.7840000e+01   1.9403733533799934
   1.7860000e+01   2.0741449143799935
   1.7880000e+01   2.3006086643799937
   1.7900000e+01   2.4643064423799936
   1.7920000e+01  2.5111951970799935
   1.7940000e+01   2.5232485117799937
   1.7960000e+01   2.5455708462799937
   1.7980000e+01  2.510111568779994
   1.8000000e+01  2.350735084779994
   1.8020000e+01  2.070686814779994
   1.8040000e+01  1.708677334779994
   1.8060000e+01  1.296317414779994
   1.8080000e+01  0.869778384779994
   1.8100000e+01  0.46886016477999404
   1.8120000e+01  0.09604769477999403
   1.8140000e+01  -0.293336255220006
   1.8160000e+01  -0.7234604852200059
   1.8180000e+01  -1.1599530352200058
   1.8200000e+01  -1.5704412552200058
   1.8220000e+01  -1.9627622752200058
   1.8240000e+01  -2.340730435220006
   1.8260000e+01  -2.650972545220006
   1.8280000e+01  -2.812653917220006
   1.8300000e+01   -2.8183475502200057
   1.8320000e+01   -2.7674523132200055
   1.8340000e+01  -2.7851048782200056
   1.8360000e+01  -2.9106027552200056
   1.8380000e+01  -3.0794001122200054
   1.8400000e+01  -3.2244885652200055
   1.8420000e+01  -3.3378206852200054
   1.8440000e+01   -3.3864535620200056
   1.8460000e+01   -3.3276701358200054
   1.8480000e+01   -3.2048115188200055
   1.8500000e+01   -3.1002248448200054
   1.8520000e+01   -3.0495323718200056
   1.8540000e+01   -2.9953718908200058
   1.8560000e+01   -2.836620592820006
   1.8580000e+01   -2.460867432820006
   1.8600000e+01   -1.794092302820006
   1.8620000e+01   -0.881970782820006
   1.8640000e+01   0.18974886717999417
   1.8660000e+01   1.3283823171799942
   1.8680000e+01   2.428316957179994
   1.8700000e+01   3.4215687071799943
   1.8720000e+01   4.262500487179994
   1.8740000e+01   4.905001087179994
   1.8760000e+01   5.323320157179994
   1.8780000e+01   5.5912700871799945
   1.8800000e+01   5.877768117179994
   1.8820000e+01   6.273281197179994
   1.8840000e+01   6.751019377179994
   1.8860000e+01   7.280943607179994
   1.8880000e+01   7.822794707179994
   1.8900000e+01   8.300416087179993
   1.8920000e+01   8.652755237179994
   1.8940000e+01   8.888166050179994
   1.8960000e+01   9.044208043179994
   1.8980000e+01   9.119261070179993
   1.9000000e+01  9.040603434179992
   1.9020000e+01  8.730517281179992
   1.9040000e+01  8.151791311179991
   1.9060000e+01  7.286276191179991
   1.9080000e+01  6.260227881179991
   1.9100000e+01  5.319164571179991
   1.9120000e+01  4.700994661179991
   1.9140000e+01  4.473269224179991
   1.9160000e+01   4.506993336179991
   1.9180000e+01   4.691917575179991
   1.9200000e+01   4.9266280351799905
   1.9220000e+01   5.0858903461799905
   1.9240000e+01  5.0638324801799905
   1.9260000e+01  4.81397813317999
   1.9280000e+01  4.4047248531799905
   1.9300000e+01  3.9648924331799904
   1.9320000e+01  3.5693062431799905
   1.9340000e+01  3.2519920931799904
   1.9360000e+01  3.0783337131799904
   1.9380000e+01   3.0641860631799904
   1.9400000e+01   3.1131219841799904
   1.9420000e+01  3.0817890541799904
   1.9440000e+01  2.9234910931799902
   1.9460000e+01  2.7032709631799903
   1.9480000e+01  2.48695885317999
   1.9500000e+01  2.3082693911799903
   1.9520000e+01  2.16842316317999
   1.9540000e+01  2.0246010421799903
   1.9560000e+01  1.8020058871799902
   1.9580000e+01  1.4730050971799902
   1.9600000e+01  1.0300050471799902
   1.9620000e+01  0.4303316371799901
   1.9640000e+01  -0.35074734282000997
   1.9660000e+01  -1.28429803282001
   1.9680000e+01  -2.28878491282001
   1.9700000e+01  -3.28860338282001
   1.9720000e+01  -4.21906001282001
   1.9740000e+01  -5.015377852820009
   1.9760000e+01  -5.658676902820009
   1.9780000e+01  -6.196453672820009
   1.9800000e+01  -6.7007065928200085
   1.9820000e+01  -7.205671222820008
   1.9840000e+01  -7.681960632820008
   1.9860000e+01  -8.077858082820008
   1.9880000e+01  -8.382202732820007
   1.9900000e+01  -8.612748930820008
   1.9920000e+01  -8.774992315820008
   1.9940000e+01  -8.847255516920008
   1.9960000e+01   -8.828602412020008
   1.9980000e+01   -8.729324722020008
   2.0000000e+01   -8.522990871020008
   2.0020000e+01   -8.178860741020008
   2.0040000e+01   -7.725926631020008
   2.0060000e+01   -7.267302701020008
   2.0080000e+01   -6.930276911020008
   2.0100000e+01   -6.779783716020008
   2.0120000e+01  -6.768783343020008
   2.0140000e+01   -6.779652908920008
   2.0160000e+01   -6.701971373820008
   2.0180000e+01   -6.496467744820008
   2.0200000e+01   -6.181990514820008
   2.0220000e+01   -5.793779594820008
   2.0240000e+01   -5.3768624348200085
   2.0260000e+01   -4.964656714820008
   2.0280000e+01   -4.520624474820008
   2.0300000e+01   -3.976430334820008
   2.0320000e+01   -3.319771184820008
   2.0340000e+01   -2.6262588348200078
   2.0360000e+01   -1.9996319348200078
   2.0380000e+01   -1.4960350648200078
   2.0400000e+01   -1.1270831648200077
   2.0420000e+01   -0.8642325448200077
   2.0440000e+01   -0.6571767228200076
   2.0460000e+01   -0.45638060082000764
   2.0480000e+01   -0.22666121082000765
   2.0500000e+01   0.06483728917999235
   2.0520000e+01   0.4335546691799924
   2.0540000e+01   0.8628357791799924
   2.0560000e+01   1.3297044891799925
   2.0580000e+01   1.7940798591799925
   2.0600000e+01   2.1946382391799926
   2.0620000e+01   2.4973658391799924
   2.0640000e+01   2.7432938091799923
   2.0660000e+01   3.015471879179992
   2.0680000e+01   3.355773639179992
   2.0700000e+01   3.7600427291799923
   2.0720000e+01   4.2264712091799925
   2.0740000e+01   4.732616599179993
   2.0760000e+01   5.250904969179993
   2.0780000e+01   5.765008949179993
   2.0800000e+01   6.236708409179993
   2.0820000e+01   6.616851209179993
   2.0840000e+01   6.885159449179993
   2.0860000e+01   7.0812021321799925
   2.0880000e+01   7.253533689179992
   2.0900000e+01   7.416377171179993
   2.0920000e+01   7.553785454179993
   2.0940000e+01   7.669273055179993
   2.0960000e+01   7.7716724711799925
   2.0980000e+01   7.851608616179992
   2.1000000e+01   7.906442704179992
   2.1020000e+01  7.913219444179992
   2.1040000e+01  7.844321149179992
   2.1060000e+01  7.660436987179992
   2.1080000e+01  7.338093477179992
   2.1100000e+01  6.8955170071799925
   2.1120000e+01  6.3989857071799925
   2.1140000e+01  5.949980087179992
   2.1160000e+01  5.578941307179992
   2.1180000e+01  5.239473017179992
   2.1200000e+01  4.879428637179992
   2.1220000e+01  4.473485307179992
   2.1240000e+01  4.010110667179992
   2.1260000e+01  3.481596197179992
   2.1280000e+01  2.909287027179992
   2.1300000e+01  2.339427707179992
   2.1320000e+01  1.801194537179992
   2.1340000e+01  1.286448627179992
   2.1360000e+01  0.7608197771799919
   2.1380000e+01  0.17374497717999193
   2.1400000e+01  -0.49369326282000814
   2.1420000e+01  -1.195532102820008
   2.1440000e+01  -1.8763211028200082
   2.1460000e+01  -2.521875412820008
   2.1480000e+01  -3.146158422820008
   2.1500000e+01  -3.759865692820008
   2.1520000e+01  -4.345222882820008
   2.1540000e+01  -4.847478022820008
   2.1560000e+01  -5.193229232820008
   2.1580000e+01  -5.376672020820008
   2.1600000e+01  -5.492009996820008
   2.1620000e+01  -5.623956233820008
   2.1640000e+01  -5.766969008820008
   2.1660000e+01  -5.879114621820008
   2.1680000e+01  -5.931813282320008
   2.1700000e+01   -5.891993634820008
   2.1720000e+01   -5.753817337820008
   2.1740000e+01   -5.5613208618200085
   2.1760000e+01   -5.378622172820008
   2.1780000e+01   -5.235135614820008
   2.1800000e+01   -5.102168566820008
   2.1820000e+01   -4.9452238478200075
   2.1840000e+01   -4.774665657820007
   2.1860000e+01   -4.608346695820007
   2.1880000e+01   -4.423155913820007
   2.1900000e+01   -4.207155553820007
   2.1920000e+01   -3.989047483820007
   2.1940000e+01   -3.780316683820007
   2.1960000e+01   -3.612260615820007
   2.1980000e+01   -3.525043199820007
   2.2000000e+01  -3.532366507820007
   2.2020000e+01  -3.653257541820007
   2.2040000e+01  -3.845783649820007
   2.2060000e+01  -4.027327324820007
   2.2080000e+01  -4.144495555820007
   2.2100000e+01  -4.237074951820007
   2.2120000e+01  -4.397076321820006
   2.2140000e+01  -4.640891961820007
   2.2160000e+01  -4.924782981820007
   2.2180000e+01  -5.166548389820007
   2.2200000e+01  -5.308645079820007
   2.2220000e+01   -5.327274486820007
   2.2240000e+01   -5.181397971820006
   2.2260000e+01   -4.903746101820007
   2.2280000e+01   -4.5818961918200065
   2.2300000e+01   -4.279072271820007
   2.2320000e+01   -4.036186781820007
   2.2340000e+01   -3.8891232988200066
   2.2360000e+01   -3.8444052331600065
   2.2380000e+01   -3.8159360815000065
   2.2400000e+01   -3.7338377375000067
   2.2420000e+01   -3.6640278815000067
   2.2440000e+01  -3.6966402375000067
   2.2460000e+01  -3.8526798845000068
   2.2480000e+01  -4.103555294500007
   2.2500000e+01  -4.408364694500007
   2.2520000e+01  -4.724473224500007
   2.2540000e+01  -4.984375574500007
   2.2560000e+01  -5.1401013955000066
   2.2580000e+01  -5.199264485200007
   2.2600000e+01   -5.199032194100007
   2.2620000e+01   -5.123038564300007
   2.2640000e+01   -4.938537964300007
   2.2660000e+01   -4.659948224300007
   2.2680000e+01   -4.315338104300007
   2.2700000e+01   -3.939778864300007
   2.2720000e+01   -3.5438066943000073
   2.2740000e+01   -3.1119252843000074
   2.2760000e+01   -2.6287013843000073
   2.2780000e+01   -2.1210630943000073
   2.2800000e+01   -1.6245324443000073
   2.2820000e+01   -1.1540645843000075
   2.2840000e+01   -0.7238798843000076
   2.2860000e+01   -0.32228660430000755
   2.2880000e+01   0.08012827569999248
   2.2900000e+01   0.5013145356999924
   2.2920000e+01   0.9197594856999924
   2.2940000e+01   1.3173479856999923
   2.2960000e+01   1.7006305256999923
   2.2980000e+01   2.070928845699992
   2.3000000e+01   2.456628465699992
   2.3020000e+01   2.888128605699992
   2.3040000e+01   3.358842995699992
   2.3060000e+01   3.848529365699992
   2.3080000e+01   4.324496365699992
   2.3100000e+01   4.765826385699992
   2.3120000e+01   5.161130205699991
   2.3140000e+01   5.498579525699991
   2.3160000e+01   5.800598565699992
   2.3180000e+01   6.063013235699992
   2.3200000e+01   6.254291605699992
   2.3220000e+01   6.362323388699992
   2.3240000e+01   6.417011704699992
   2.3260000e+01   6.502450460699992
   2.3280000e+01   6.654986776699992
   2.3300000e+01   6.852921409699992
   2.3320000e+01   7.063213209699993
   2.3340000e+01   7.252117062699993
   2.3360000e+01   7.394351037699993
   2.3380000e+01   7.492923285699993
   2.3400000e+01   7.5805776296999925
   2.3420000e+01   7.663320268699993
   2.3440000e+01   7.736094721699993
   2.3460000e+01   7.804108629699993
   2.3480000e+01   7.880558976699993
   2.3500000e+01   7.9955262216999925
   2.3520000e+01   8.165866005699993
   2.3540000e+01   8.380294165699993
   2.3560000e+01   8.598188425699993
   2.3580000e+01   8.745027057699993
   2.3600000e+01  8.734647121699993
   2.3620000e+01  8.484716693699992
   2.3640000e+01  8.010683363699993
   2.3660000e+01  7.437783253699993
   2.3680000e+01  6.860364733699993
   2.3700000e+01  6.343108803699993
   2.3720000e+01  5.954669623699993
   2.3740000e+01  5.729566104699993
   2.3760000e+01  5.610138472699993
   2.3780000e+01  5.459754469699993
   2.3800000e+01  5.191343649699993
   2.3820000e+01  4.836854999699993
   2.3840000e+01  4.461973619699993
   2.3860000e+01  4.1088198396999935
   2.3880000e+01  3.8090903296999934
   2.3900000e+01  3.5796707996999935
   2.3920000e+01  3.4113653896999936
   2.3940000e+01  3.2565144836999935
   2.3960000e+01  3.0619936276999935
   2.3980000e+01  2.7945916176999934
   2.4000000e+01  2.4628701076999935
   2.4020000e+01  2.0919993176999934
   2.4040000e+01  1.6996807776999934
   2.4060000e+01  1.3334211076999933
   2.4080000e+01  1.0570329176999933
   2.4100000e+01  0.8861466056999933
   2.4120000e+01  0.7676895466999932
   2.4140000e+01  0.6219781916999932
   2.4160000e+01  0.41945001369999324
   2.4180000e+01  0.19674399369999324
   2.4200000e+01  0.007342211699993245
   2.4220000e+01  -0.11661125330000674
   2.4240000e+01  -0.20103256030000674
   2.4260000e+01  -0.2961716203000067
   2.4280000e+01  -0.4235421203000067
   2.4300000e+01  -0.5573703893000067
   2.4320000e+01  -0.6470765943000067
   2.4340000e+01  -0.7422568703000068
   2.4360000e+01  -0.9270144663000067
   2.4380000e+01  -1.1591067063000067
   2.4400000e+01  -1.4011458463000066
   2.4420000e+01  -1.6649904663000066
   2.4440000e+01  -1.9208538063000065
   2.4460000e+01  -2.1384412713000063
   2.4480000e+01  -2.3242451043000063
   2.4500000e+01  -2.506658785300006
   2.4520000e+01  -2.7147536083000063
   2.4540000e+01  -2.9517265783000064
   2.4560000e+01  -3.2059001683000066
   2.4580000e+01  -3.4330316263000067
   2.4600000e+01  -3.5712615313000065
   2.4620000e+01  -3.6454554443000067
   2.4640000e+01  -3.7517857463000066
   2.4660000e+01  -3.9229078363000065
   2.4680000e+01  -4.129849610300006
   2.4700000e+01  -4.359671400300006
   2.4720000e+01  -4.580781650300006
   2.4740000e+01  -4.782167620300006
   2.4760000e+01  -4.988551170300006
   2.4780000e+01  -5.218125580300006
   2.4800000e+01  -5.445616880300006
   2.4820000e+01  -5.619824327300005
   2.4840000e+01  -5.726529546300005
   2.4860000e+01  -5.769964392500006
   2.4880000e+01   -5.7669032796000055
   2.4900000e+01   -5.7069540065000055
   2.4920000e+01   -5.580783995500005
   2.4940000e+01   -5.408989072500005
   2.4960000e+01   -5.210302754500005
   2.4980000e+01   -5.017907071500005
   2.5000000e+01   -4.861744234500005
   2.5020000e+01   -4.737383784500005
   2.5040000e+01   -4.593409956500005
   2.5060000e+01   -4.375718694500005
   2.5080000e+01   -4.095100534500005
   2.5100000e+01   -3.819425054500005
   2.5120000e+01   -3.620571938500005
   2.5140000e+01   -3.4903557315000047
   2.5160000e+01   -3.3358004595000046
   2.5180000e+01   -3.1145104285000045
   2.5200000e+01   -2.8730166185000043
   2.5220000e+01   -2.6568449175000044
   2.5240000e+01   -2.4672485035000045
   2.5260000e+01   -2.2849545025000046
   2.5280000e+01   -2.087840724500005
   2.5300000e+01   -1.8664373245000048
   2.5320000e+01   -1.6396037845000047
   2.5340000e+01   -1.4351568245000046
   2.5360000e+01   -1.2791746005000046
   2.5380000e+01   -1.1894733815000047
   2.5400000e+01   -1.1309961695000046
   2.5420000e+01   -1.0821396055000045
   2.5440000e+01  -1.0877142915000046
   2.5460000e+01  -1.1669493925000047
   2.5480000e+01  -1.2739317345000047
   2.5500000e+01  -1.3384892835000048
   2.5520000e+01  -1.357419607400005
   2.5540000e+01  -1.364029170200005
   2.5560000e+01   -1.362797580100005
   2.5580000e+01   -1.347847132100005
   2.5600000e+01   -1.302212404100005
   2.5620000e+01   -1.1984008381000049
   2.5640000e+01   -1.032292680100005
   2.5660000e+01   -0.834460584100005
   2.5680000e+01   -0.6520183781000051
   2.5700000e+01   -0.532200011100005
   2.5720000e+01   -0.45849781310000504
   2.5740000e+01   -0.363829726100005
   2.5760000e+01   -0.183908306100005
   2.5780000e+01   0.11348751389999504
   2.5800000e+01   0.508742833899995
   2.5820000e+01   0.943742263899995
   2.5840000e+01   1.3551332438999952
   2.5860000e+01   1.7030556438999953
   2.5880000e+01   1.9688674538999953
   2.5900000e+01   2.1609780818999953
   2.5920000e+01   2.3107780848999955
   2.5940000e+01   2.4604476678999956
   2.5960000e+01   2.6614364158999955
   2.5980000e+01   2.9362699958999956
   2.6000000e+01   3.2777259458999954
   2.6020000e+01   3.6425910258999954
   2.6040000e+01   3.9377784758999956
   2.6060000e+01   4.100510019899995
   2.6080000e+01  4.128940467899995
   2.6100000e+01  4.052420237899995
   2.6120000e+01  3.8954719058999956
   2.6140000e+01  3.6840070078999956
   2.6160000e+01  3.4667374278999956
   2.6180000e+01  3.289177356899996
   2.6200000e+01  3.151450503899996
   2.6220000e+01  3.027917250899996
   2.6240000e+01  2.906650422899996
   2.6260000e+01  2.7791814598999958
   2.6280000e+01  2.6695049038999956
   2.6300000e+01   2.6390440658999954
   2.6320000e+01   2.699099758899995
   2.6340000e+01   2.806549193899995
   2.6360000e+01   2.926369109899995
   2.6380000e+01   3.005103834899995
   2.6400000e+01  2.985704168899995
   2.6420000e+01  2.861185620899995
   2.6440000e+01  2.6731837318999947
   2.6460000e+01  2.476670217899995
   2.6480000e+01  2.328154030899995
   2.6500000e+01   2.281752703399995
   2.6520000e+01   2.327055906899995
   2.6540000e+01   2.401172227899995
   2.6560000e+01   2.4725586048999952
   2.6580000e+01   2.534227079899995
   2.6600000e+01   2.590985338899995
   2.6620000e+01   2.648516969899995
   2.6640000e+01   2.7174724848999947
   2.6660000e+01   2.7883620808999945
   2.6680000e+01  2.8082712793999947
   2.6700000e+01  2.752612295899995
   2.6720000e+01  2.6121561858999947
   2.6740000e+01  2.393624323899995
   2.6760000e+01  2.1163402238999947
   2.6780000e+01  1.7772085538999947
   2.6800000e+01  1.3676817838999946
   2.6820000e+01  0.8866499938999947
   2.6840000e+01  0.34506249389999466
   2.6860000e+01  -0.2531252661000053
   2.6880000e+01  -0.9110732561000053
   2.6900000e+01  -1.6495850761000053
   2.6920000e+01  -2.500116446100005
   2.6940000e+01  -3.4250253261000054
   2.6960000e+01  -4.309970106100005
   2.6980000e+01  -5.0478086261000055
   2.7000000e+01  -5.623403266100006
   2.7020000e+01  -6.076098726100006
   2.7040000e+01  -6.434905476100006
   2.7060000e+01  -6.722535466100006
   2.7080000e+01  -6.926038666100006
   2.7100000e+01  -7.0399658131000065
   2.7120000e+01  -7.096238430100007
   2.7140000e+01  -7.1196584728000065
   2.7160000e+01   -7.113270408500006
   2.7180000e+01   -7.086900530500007
   2.7200000e+01   -7.070727913600007
   2.7220000e+01  -7.108572170700007
   2.7240000e+01  -7.237761115700007
   2.7260000e+01  -7.448441027700007
   2.7280000e+01  -7.694538697700007
   2.7300000e+01  -7.925394817700007
   2.7320000e+01  -8.110821245700008
   2.7340000e+01  -8.233041832700007
   2.7360000e+01  -8.281365466400008
   2.7380000e+01   -8.247231547100007
   2.7400000e+01   -8.120876380100007
   2.7420000e+01   -7.928572337100007
   2.7440000e+01   -7.704270877100007
   2.7460000e+01   -7.480953387100007
   2.7480000e+01   -7.275632437100007
   2.7500000e+01   -7.054394137100006
   2.7520000e+01   -6.791779837100006
   2.7540000e+01   -6.495352907100006
   2.7560000e+01   -6.170145817100006
   2.7580000e+01   -5.821636357100006
   2.7600000e+01   -5.471316847100006
   2.7620000e+01   -5.108106637100006
   2.7640000e+01   -4.704519477100006
   2.7660000e+01   -4.241792647100006
   2.7680000e+01   -3.713295167100006
   2.7700000e+01   -3.146330707100006
   2.7720000e+01   -2.5888799771000057
   2.7740000e+01   -2.076168907100006
   2.7760000e+01   -1.6064571671000059
   2.7780000e+01   -1.1719234671000058
   2.7800000e+01   -0.7786575171000059
   2.7820000e+01   -0.4460012471000058
   2.7840000e+01   -0.20059329510000584
   2.7860000e+01   -0.07038853210000584
   2.7880000e+01  -0.048429400100005834
   2.7900000e+01  -0.09067580510000584
   2.7920000e+01  -0.13537267310000584
   2.7940000e+01   -0.13098854110000582
   2.7960000e+01   -0.05969567510000581
   2.7980000e+01   0.06432902589999419
   2.8000000e+01   0.19658334089999419
   2.8020000e+01   0.3283463428999942
   2.8040000e+01   0.46003219789999417
   2.8060000e+01   0.5528429278999941
   2.8080000e+01   0.5906651910999942
   2.8100000e+01  0.5805845552999942
   2.8120000e+01  0.5403961802999941
   2.8140000e+01  0.5081279369999941
   2.8160000e+01   0.5065452267999941
   2.8180000e+01   0.5370293248999941
   2.8200000e+01   0.6024668048999942
   2.8220000e+01   0.7091083868999941
   2.8240000e+01   0.8685232188999941
   2.8260000e+01   1.0875481068999941
   2.8280000e+01   1.3703042868999942
   2.8300000e+01   1.7113188068999943
   2.8320000e+01   2.0812759768999944
   2.8340000e+01   2.4516505068999943
   2.8360000e+01   2.8108776968999942
   2.8380000e+01   3.160848726899994
   2.8400000e+01   3.495664176899994
   2.8420000e+01   3.816018446899994
   2.8440000e+01   4.134398886899994
   2.8460000e+01   4.475664666899994
   2.8480000e+01   4.863711366899994
   2.8500000e+01   5.281868356899994
   2.8520000e+01   5.681331866899995
   2.8540000e+01   6.025054156899994
   2.8560000e+01   6.298667976899994
   2.8580000e+01   6.498113018899994
   2.8600000e+01   6.634827445899994
   2.8620000e+01   6.725053150899994
   2.8640000e+01   6.807897983899994
   2.8660000e+01   6.917967871899994
   2.8680000e+01   7.047626506899994
   2.8700000e+01   7.1784528348999945
   2.8720000e+01   7.298399421899995
   2.8740000e+01   7.388622349899995
   2.8760000e+01  7.412752398299995
   2.8780000e+01  7.352164584699995
   2.8800000e+01  7.248989563699995
   2.8820000e+01  7.131402118699995
   2.8840000e+01  6.984889630699995
   2.8860000e+01  6.789679149699995
   2.8880000e+01  6.508239759699995
   2.8900000e+01  6.164913939699995
   2.8920000e+01  5.798351469699995
   2.8940000e+01  5.434569559699995
   2.8960000e+01  5.120828749699995
   2.8980000e+01  4.845338129699995
   2.9000000e+01  4.587496909699995
   2.9020000e+01  4.355302619699995
   2.9040000e+01  4.144801269699995
   2.9060000e+01  3.928608419699995
   2.9080000e+01  3.686825789699995
   2.9100000e+01  3.416925919699995
   2.9120000e+01  3.1440960396999946
   2.9140000e+01  2.884183869699995
   2.9160000e+01  2.6203409796999946
   2.9180000e+01  2.3595285096999947
   2.9200000e+01  2.140685653699995
   2.9220000e+01  1.990520929699995
   2.9240000e+01  1.890048554699995
   2.9260000e+01  1.808770004699995
   2.9280000e+01  1.726330527699995
   2.9300000e+01  1.629035836699995
   2.9320000e+01  1.506070180699995
   2.9340000e+01  1.376246270699995
   2.9360000e+01  1.249331747699995
   2.9380000e+01  1.111140728699995
   2.9400000e+01  0.960051868699995
   2.9420000e+01  0.8163490746999951
   2.9440000e+01  0.7090848246999951
   2.9460000e+01  0.6456216176999952
   2.9480000e+01  0.6035494356999952
   2.9500000e+01  0.5510867346999953
   2.9520000e+01  0.4865088566999952
   2.9540000e+01  0.4114327396999952
   2.9560000e+01  0.34149332969999524
   2.9580000e+01  0.30135145069999525
   2.9600000e+01   0.29606463479999523
   2.9620000e+01   0.32590221389999524
   2.9640000e+01   0.40227040989999524
   2.9660000e+01   0.5059064148999952
   2.9680000e+01   0.5984960268999953
   2.9700000e+01   0.6915024378999952
   2.9720000e+01   0.8009922238999952
   2.9740000e+01   0.9214302598999953
   2.9760000e+01   1.0412599488999952
   2.9780000e+01   1.158053420899995
   2.9800000e+01   1.276189570899995
   2.9820000e+01   1.380459043899995
   2.9840000e+01   1.449504126899995
   2.9860000e+01   1.4736527625999951
   2.9880000e+01  1.449532294299995
   2.9900000e+01  1.375857258299995
   2.9920000e+01  1.255321004299995
   2.9940000e+01  1.114546553299995
   2.9960000e+01  0.959019774299995
   2.9980000e+01  0.764801593299995
   3.0000000e+01  0.524630423299995
   3.0020000e+01  0.243128763299995
   3.0040000e+01  -0.06630842670000503
   3.0060000e+01  -0.37784679670000504
   3.0080000e+01  -0.653175446700005
   3.0100000e+01  -0.8769688467000051
   3.0120000e+01  -1.050165643700005
   3.0140000e+01  -1.171482241700005
   3.0160000e+01  -1.267154372700005
   3.0180000e+01  -1.370259833700005
   3.0200000e+01  -1.4839025757000048
   3.0220000e+01  -1.5999748227000048
   3.0240000e+01  -1.7121199477000049
   3.0260000e+01  -1.820743759700005
   3.0280000e+01  -1.917491129700005
   3.0300000e+01  -1.990644607700005
   3.0320000e+01  -2.067153804700005
   3.0340000e+01  -2.153024256700005
   3.0360000e+01  -2.2021222118000052
   3.0380000e+01   -2.186975802900005
   3.0400000e+01   -2.123369647900005
   3.0420000e+01   -2.046885431900005
   3.0440000e+01   -1.976709562900005
   3.0460000e+01   -1.934652100200005
   3.0480000e+01  -1.935302477000005
   3.0500000e+01  -1.949642367900005
   3.0520000e+01   -1.920941023300005
   3.0540000e+01   -1.827608481300005
   3.0560000e+01   -1.701574926300005
   3.0580000e+01   -1.5511535643000052
   3.0600000e+01   -1.3787351163000052
   3.0620000e+01   -1.1975295703000053
   3.0640000e+01   -1.0138014943000053
   3.0660000e+01   -0.8325829323000054
   3.0680000e+01   -0.6438743653000054
   3.0700000e+01   -0.4197663553000054
   3.0720000e+01   -0.14245965530000537
   3.0740000e+01   0.1880888346999946
   3.0760000e+01   0.5389143746999947
   3.0780000e+01   0.8771205346999947
   3.0800000e+01   1.1882076846999947
   3.0820000e+01   1.4490968746999946
   3.0840000e+01   1.6548266576999946
   3.0860000e+01   1.7923188706999946
   3.0880000e+01   1.8618650046999947
   3.0900000e+01  1.8650110136999947
   3.0920000e+01  1.7977165526999948
   3.0940000e+01  1.6883196886999947
   3.0960000e+01  1.5704755136999946
   3.0980000e+01  1.4556993816999946
   3.1000000e+01  1.3427101306999947
   3.1020000e+01  1.2246522556999946
   3.1040000e+01  1.0918413326999945
   3.1060000e+01  0.9386310896999945
   3.1080000e+01  0.7581566026999945
   3.1100000e+01  0.5551560146999945
   3.1120000e+01  0.34544932469999456
   3.1140000e+01  0.17509828469999456
   3.1160000e+01  0.09239111669999454
   3.1180000e+01   0.09942952869999455
   3.1200000e+01   0.14337454269999456
   3.1220000e+01   0.18663858569999456
   3.1240000e+01   0.24324264069999454
   3.1260000e+01   0.31037018469999456
   3.1280000e+01   0.3735844306999946
   3.1300000e+01   0.43174291569999457
   3.1320000e+01   0.48995116869999455
   3.1340000e+01   0.5470023386999946
   3.1360000e+01   0.6011497856999946
   3.1380000e+01   0.6504444746999946
   3.1400000e+01   0.6907059676999946
   3.1420000e+01  0.6913146546999946
   3.1440000e+01  0.6063330526999946
   3.1460000e+01  0.4376069906999946
   3.1480000e+01  0.2102453406999946
   3.1500000e+01  -0.04439479930000542
   3.1520000e+01  -0.3074858193000054
   3.1540000e+01  -0.5724764993000054
   3.1560000e+01  -0.8216345893000054
   3.1580000e+01  -1.0461757693000053
   3.1600000e+01  -1.2521822793000053
   3.1620000e+01  -1.4651314893000054
   3.1640000e+01  -1.6890737593000054
   3.1660000e+01  -1.9111703293000053
   3.1680000e+01  -2.1352832693000052
   3.1700000e+01  -2.3669413793000054
   3.1720000e+01  -2.6289168793000055
   3.1740000e+01  -2.9250795793000055
   3.1760000e+01  -3.2324675693000056
   3.1780000e+01  -3.5248260093000057
   3.1800000e+01  -3.772725699300006
   3.1820000e+01  -3.9744590363000056
   3.1840000e+01  -4.137573034300005
   3.1860000e+01  -4.286798106300005
   3.1880000e+01  -4.436729067300005
   3.1900000e+01  -4.561060569300006
   3.1920000e+01  -4.647651270300006
   3.1940000e+01  -4.709770976300006
   3.1960000e+01  -4.748521799300006
   3.1980000e+01  -4.769889798300006
   3.2000000e+01  -4.799727867300006
   3.2020000e+01  -4.825733655700006
   3.2040000e+01   -4.803641382100006
   3.2060000e+01   -4.725197470100006
   3.2080000e+01   -4.606105274100005
   3.2100000e+01   -4.436192844100005
   3.2120000e+01   -4.215274554100005
   3.2140000e+01   -3.964272504100005
   3.2160000e+01   -3.7251674941000052
   3.2180000e+01   -3.551804080100005
   3.2200000e+01   -3.440945192100005
   3.2220000e+01   -3.344907776100005
   3.2240000e+01   -3.235964240100005
   3.2260000e+01   -3.106914179100005
   3.2280000e+01   -2.954540931100005
   3.2300000e+01   -2.7908341511000048
   3.2320000e+01   -2.6279230881000046
   3.2340000e+01   -2.4765179551000047
   3.2360000e+01   -2.3493996251000047
   3.2380000e+01   -2.2412676801000044
   3.2400000e+01   -2.1425246941000045
   3.2420000e+01   -2.0353038161000043
   3.2440000e+01   -1.8932179601000043
   3.2460000e+01   -1.7022579801000042
   3.2480000e+01   -1.471004420100004
   3.2500000e+01   -1.245625240100004
   3.2520000e+01   -1.0700232921000041
   3.2540000e+01   -0.9378594101000042
   3.2560000e+01   -0.8178119101000042
   3.2580000e+01   -0.6997105101000042
   3.2600000e+01   -0.5889891371000042
   3.2620000e+01   -0.4983053541000042
   3.2640000e+01   -0.4470049631000042
   3.2660000e+01   -0.4299080786000042
   3.2680000e+01   -0.42404775800000416
   3.2700000e+01   -0.4141650029000042
   3.2720000e+01   -0.37552254990000417
   3.2740000e+01   -0.2919593549000042
   3.2760000e+01   -0.1766208789000042
   3.2780000e+01   -0.04689597990000419
   3.2800000e+01   0.07370719009999582
   3.2820000e+01   0.18332180909999582
   3.2840000e+01   0.2959446640999958
   3.2860000e+01   0.4040976930999958
   3.2880000e+01   0.48923054809999583
   3.2900000e+01   0.5346229550999958
   3.2920000e+01   0.5474276364999958
   3.2940000e+01  0.5362275898999959
   3.2960000e+01  0.5156173354999959
   3.2980000e+01   0.5200651360999959
   3.3000000e+01   0.5723495370999959
   3.3020000e+01   0.681707668099996
   3.3040000e+01   0.826620190099996
   3.3060000e+01   0.958264648099996
   3.3080000e+01   1.050457091099996
   3.3100000e+01   1.114293294099996
   3.3120000e+01   1.1701202760999958
   3.3140000e+01   1.2272646720999958
   3.3160000e+01   1.2824999490999958
   3.3180000e+01   1.3397311390999957
   3.3200000e+01   1.4069324120999958
   3.3220000e+01   1.4849349870999957
   3.3240000e+01   1.5762776230999958
   3.3260000e+01   1.6876112040999958
   3.3280000e+01   1.8346678140999957
   3.3300000e+01   2.0080563950999957
   3.3320000e+01   2.181719195099996
   3.3340000e+01   2.3218519720999957
   3.3360000e+01   2.4000521190999957
   3.3380000e+01   2.4249570982999957
   3.3400000e+01  2.403264560499996
   3.3420000e+01  2.354117122499996
   3.3440000e+01  2.2944868014999957
   3.3460000e+01  2.216248043499996
   3.3480000e+01  2.104943520499996
   3.3500000e+01  1.948483306499996
   3.3520000e+01  1.754053097499996
   3.3540000e+01  1.536272757499996
   3.3560000e+01  1.319850297499996
   3.3580000e+01  1.130398823499996
   3.3600000e+01  0.9719792654999959
   3.3620000e+01  0.8339754394999959
   3.3640000e+01  0.7096418274999958
   3.3660000e+01  0.6154535844999958
   3.3680000e+01  0.5747002819999958
   3.3700000e+01   0.5800794724999958
   3.3720000e+01   0.6140911184999958
   3.3740000e+01   0.6634720984999958
   3.3760000e+01   0.7007327444999958
   3.3780000e+01   0.7184382068999958
   3.3800000e+01   0.7375307902999958
   3.3820000e+01   0.7772567072999959
   3.3840000e+01   0.8297385402999958
   3.3860000e+01   0.8807181612999958
   3.3880000e+01   0.9328985062999958
   3.3900000e+01   0.9886701722999958
   3.3920000e+01   1.0534962352999957
   3.3940000e+01   1.1222331452999956
   3.3960000e+01   1.1907275932999957
   3.3980000e+01   1.2456907932999957
   3.4000000e+01   1.2872607122999957
   3.4020000e+01   1.3538514332999958
   3.4040000e+01   1.4627898672999957
   3.4060000e+01   1.5883563142999957
   3.4080000e+01   1.6896728922999957
   3.4100000e+01   1.7422388622999958
   3.4120000e+01  1.7491022719999958
   3.4140000e+01  1.7360658200999959
   3.4160000e+01   1.7304197126999958
   3.4180000e+01   1.735660860499996
   3.4200000e+01  1.736382451299996
   3.4220000e+01  1.718835606499996
   3.4240000e+01  1.679841690499996
   3.4260000e+01  1.632752886499996
   3.4280000e+01  1.591179237499996
   3.4300000e+01  1.563118796999996
   3.4320000e+01  1.531345140499996
   3.4340000e+01  1.486017696499996
   3.4360000e+01  1.445662861499996
   3.4380000e+01   1.429068061279996
   3.4400000e+01   1.4329884581599959
   3.4420000e+01   1.4429440614599958
   3.4440000e+01   1.4615948456599959
   3.4460000e+01  1.472284681359996
   3.4480000e+01   1.478849813859996
   3.4500000e+01   1.5071743016599959
   3.4520000e+01   1.552275312659996
   3.4540000e+01   1.584983976659996
   3.4560000e+01  1.589484543659996
   3.4580000e+01  1.573285408659996
   3.4600000e+01  1.544776575659996
   3.4620000e+01  1.525455408859996
   3.4640000e+01  1.520216456659996
   3.4660000e+01   1.531417386259996
   3.4680000e+01   1.557975553259996
   3.4700000e+01   1.581855651259996
   3.4720000e+01   1.595180987559996
   3.4740000e+01  1.587939190859996
   3.4760000e+01  1.567958060359996
   3.4780000e+01  1.5236183838599962
   3.4800000e+01  1.440033498859996
   3.4820000e+01  1.3074127448599961
   3.4840000e+01  1.1223751348599962
   3.4860000e+01  0.8953503048599962
   3.4880000e+01  0.6212432748599963
   3.4900000e+01  0.3069426848599963
   3.4920000e+01  -0.04670428514000369
   3.4940000e+01  -0.4243776351400037
   3.4960000e+01  -0.8168540851400037
   3.4980000e+01  -1.2183295651400037
   3.5000000e+01  -1.6072422251400038
   3.5020000e+01  -1.9777558551400038
   3.5040000e+01  -2.312286195140004
   3.5060000e+01  -2.596714005140004
   3.5080000e+01  -2.8402102451400038
   3.5100000e+01  -3.0492323351400037
   3.5120000e+01  -3.229465784140004
   3.5140000e+01  -3.388379985140004
   3.5160000e+01  -3.528157024140004
   3.5180000e+01  -3.657495171140004
   3.5200000e+01  -3.7950072051400037
   3.5220000e+01  -3.960005881140004
   3.5240000e+01  -4.1567190331400035
   3.5260000e+01  -4.345668727140003
   3.5280000e+01  -4.499897987140003
   3.5300000e+01  -4.613119227140003
   3.5320000e+01  -4.667922705140003
   3.5340000e+01   -4.667648218140003
   3.5360000e+01   -4.618312020140003
   3.5380000e+01   -4.548541114140003
   3.5400000e+01   -4.480260518140003
   3.5420000e+01   -4.399946995140003
   3.5440000e+01   -4.284634654140003
   3.5460000e+01   -4.123884774140003
   3.5480000e+01   -3.9277879691400033
   3.5500000e+01   -3.708319839140003
   3.5520000e+01   -3.472539109140003
   3.5540000e+01   -3.214544179140003
   3.5560000e+01   -2.9319520291400027
   3.5580000e+01   -2.6284743091400027
   3.5600000e+01   -2.305106439140003
   3.5620000e+01   -1.9804082391400029
   3.5640000e+01   -1.6552014691400028
   3.5660000e+01   -1.3245205191400027
   3.5680000e+01   -1.0206728491400028
   3.5700000e+01   -0.7647957791400027
   3.5720000e+01   -0.5661012391400028
   3.5740000e+01   -0.41876749614000275
   3.5760000e+01   -0.31462072814000275
   3.5780000e+01   -0.24562092914000275
   3.5800000e+01   -0.18669787714000274
   3.5820000e+01   -0.13378357814000275
   3.5840000e+01   -0.09467375114000275
   3.5860000e+01   -0.06175388514000275
   3.5880000e+01   -0.040927095840002745
   3.5900000e+01   -0.032652910140002746
   3.5920000e+01   -0.024436958340002746
   3.5940000e+01   -0.013983270940002747
   3.5960000e+01   -0.0026932723400027465
   3.5980000e+01   0.005018725659997254
   3.6000000e+01   0.017036832459997254
   3.6020000e+01   0.04698091885999725
   3.6040000e+01   0.11201212685999724
   3.6060000e+01   0.23235081585999723
   3.6080000e+01   0.4145194578599972
   3.6100000e+01   0.6309629478599972
   3.6120000e+01   0.8435765378599972
   3.6140000e+01   1.0293331398599972
   3.6160000e+01   1.1711600958599973
   3.6180000e+01   1.2685951638599973
   3.6200000e+01   1.3434277538599972
   3.6220000e+01   1.4211185028599973
   3.6240000e+01   1.5197041898599972
   3.6260000e+01   1.6191398518599973
   3.6280000e+01   1.6956696318599973
   3.6300000e+01   1.7537750398599974
   3.6320000e+01   1.7906251908599975
   3.6340000e+01  1.8024877362599976
   3.6360000e+01  1.7918612696599976
   3.6380000e+01  1.7743941298599977
   3.6400000e+01   1.7698853878599976
   3.6420000e+01   1.7796243327599977
   3.6440000e+01  1.7828710744599976
   3.6460000e+01  1.7600072640599975
   3.6480000e+01  1.7143484200599974
   3.6500000e+01  1.6714568110599974
   3.6520000e+01  1.6541645991099974
   3.6540000e+01  1.6430492771599974
   3.6560000e+01  1.6077259811599973
   3.6580000e+01  1.5492898061599973
   3.6600000e+01  1.4621740011599973
   3.6620000e+01  1.3477018451599974
   3.6640000e+01  1.2217523061599973
   3.6660000e+01  1.1097919361599973
   3.6680000e+01  1.0388637621599972
   3.6700000e+01   1.0226786748599972
   3.6720000e+01   1.068725306559997
   3.6740000e+01   1.168665054559997
   3.6760000e+01   1.307770902559997
   3.6780000e+01   1.457662202559997
   3.6800000e+01   1.594363855559997
   3.6820000e+01   1.7011291145599972
   3.6840000e+01   1.7838319755599972
   3.6860000e+01   1.8571975335599973
   3.6880000e+01   1.9072049895599972
   3.6900000e+01   1.9319947020599972
   3.6920000e+01  1.9366001379599973
   3.6940000e+01  1.9108362683599973
   3.6960000e+01  1.8563617203599974
   3.6980000e+01  1.7902996153599973
   3.7000000e+01  1.7372794923599972
   3.7020000e+01  1.7126808519599972
   3.7040000e+01   1.7240802765599972
   3.7060000e+01   1.7699654375599971
   3.7080000e+01   1.829758619559997
   3.7100000e+01   1.896509098559997
   3.7120000e+01   1.9532419715599971
   3.7140000e+01  1.9678048903599972
   3.7160000e+01  1.938944657159997
   3.7180000e+01  1.886239928159997
   3.7200000e+01  1.813525567159997
   3.7220000e+01  1.715756251159997
   3.7240000e+01  1.594600978159997
   3.7260000e+01  1.450793834159997
   3.7280000e+01  1.293862479159997
   3.7300000e+01  1.140175848159997
   3.7320000e+01  0.9956478601599971
   3.7340000e+01  0.867643254159997
   3.7360000e+01  0.758451710159997
   3.7380000e+01  0.653988706159997
   3.7400000e+01  0.5508075761599971
   3.7420000e+01  0.4524184051599971
   3.7440000e+01  0.3676499781599971
   3.7460000e+01  0.3078635801599971
   3.7480000e+01  0.2645111591599971
   3.7500000e+01  0.21981828515999713
   3.7520000e+01  0.15760183615999712
   3.7540000e+01  0.07302682615999712
   3.7560000e+01  -0.031148779840002888
   3.7580000e+01  -0.15034069384000287
   3.7600000e+01  -0.27189677084000285
   3.7620000e+01  -0.3886830308400029
   3.7640000e+01  -0.5000646018400029
   3.7660000e+01  -0.6045064648400029
   3.7680000e+01  -0.7002712558400029
   3.7700000e+01  -0.7897558858400029
   3.7720000e+01  -0.8748789928400029
   3.7740000e+01  -0.9541203968400029
   3.7760000e+01  -1.0261875178400028
   3.7780000e+01  -1.0828605628400028
   3.7800000e+01  -1.1149893090400027
   3.7820000e+01  -1.1326342483400027
   3.7840000e+01  -1.1498684065400027
   3.7860000e+01  -1.1679448551400027
   3.7880000e+01  -1.1907419666400028
   3.7900000e+01  -1.2260437306400027
   3.7920000e+01  -1.2735283956400028
   3.7940000e+01  -1.3159157546400027
   3.7960000e+01  -1.3474450136400027
   3.7980000e+01  -1.3853561366400027
   3.8000000e+01  -1.4344962276400026
   3.8020000e+01  -1.4848508476400026
   3.8040000e+01  -1.5241031206400026
   3.8060000e+01  -1.5409897361400027
   3.8080000e+01   -1.5264635676400027
   3.8100000e+01   -1.4873449876400027
   3.8120000e+01   -1.4360762706400028
   3.8140000e+01   -1.3725230896400027
   3.8160000e+01   -1.2983509746400026
   3.8180000e+01   -1.2122561446400026
   3.8200000e+01   -1.1129724376400025
   3.8220000e+01   -1.0096920496400026
   3.8240000e+01   -0.9173487116400025
   3.8260000e+01   -0.8384582256400025
   3.8280000e+01   -0.7586223006400025
   3.8300000e+01   -0.6705868366400025
   3.8320000e+01   -0.5814003946400025
   3.8340000e+01   -0.4964819396400025
   3.8360000e+01   -0.4228398706400025
   3.8380000e+01   -0.3687995296400025
   3.8400000e+01   -0.3248200046400025
   3.8420000e+01   -0.2771569686400025
   3.8440000e+01   -0.2221710796400025
   3.8460000e+01   -0.1634809936400025
   3.8480000e+01   -0.10609684464000249
   3.8500000e+01   -0.054585265640002496
   3.8520000e+01   -0.009082960640002496
   3.8540000e+01   0.0349891203599975
   3.8560000e+01   0.08014566435999751
   3.8580000e+01   0.12644572335999751
   3.8600000e+01   0.17050917635999752
   3.8620000e+01   0.21048405335999754
   3.8640000e+01   0.24748607035999753
   3.8660000e+01   0.28301592335999753
   3.8680000e+01   0.3177061103599975
   3.8700000e+01   0.35580040635999755
   3.8720000e+01   0.4008934853599975
   3.8740000e+01   0.4498493053599975
   3.8760000e+01   0.49810502635999754
   3.8780000e+01   0.5428145403599975
   3.8800000e+01   0.5845342173599976
   3.8820000e+01   0.6260274813599975
   3.8840000e+01   0.6688538453599975
   3.8860000e+01   0.7131357003599975
   3.8880000e+01   0.7597662383599975
   3.8900000e+01   0.8064682613599975
   3.8920000e+01   0.8490437703599975
   3.8940000e+01   0.8852756393599974
   3.8960000e+01   0.9135267713599974
   3.8980000e+01   0.9333006632599974
   3.9000000e+01   0.9453652456599974
   3.9020000e+01   0.9506766120599973
   3.9040000e+01  0.9507963502299973
   3.9060000e+01  0.9490538917399973
   3.9080000e+01  0.9461478358799973
   3.9100000e+01  0.9412590856799973
   3.9120000e+01  0.9341815748799973
   3.9140000e+01  0.9239101576799973
   3.9160000e+01  0.9103361052799973
   3.9180000e+01  0.8943768158799973
   3.9200000e+01  0.8777636953799973
   3.9220000e+01  0.8604144480799973
   3.9240000e+01  0.8429809467799974
   3.9260000e+01  0.8263851938799973
   3.9280000e+01  0.8098373169799973
   3.9300000e+01  0.7929217313799973
   3.9320000e+01  0.7747573786799973
   3.9340000e+01  0.7544575925799972
   3.9360000e+01  0.7324862545799973
   3.9380000e+01  0.7101879615799973
   3.9400000e+01  0.6883601065799974
   3.9420000e+01  0.6665570455799974
   3.9440000e+01  0.6443867995799974
   3.9460000e+01  0.6224625755799974
   3.9480000e+01  0.6012028985799974
   3.9500000e+01  0.5802454725799974
   3.9520000e+01  0.5586413655799973
   3.9540000e+01  0.5362701155799974
   3.9560000e+01  0.5136524655799973
   3.9580000e+01  0.49133957357999736
   3.9600000e+01  0.47014348557999736
   3.9620000e+01  0.45123845417999736
   3.9640000e+01  0.4352397976799974
   3.9660000e+01  0.4223709202799974
   3.9680000e+01  0.4122382182799974
   3.9700000e+01  0.4038297386799974
   3.9720000e+01  0.3965217238799974
   3.9740000e+01  0.3899225262799974
   3.9760000e+01  0.3839255697799974
   3.9780000e+01  0.3785456917799974
   3.9800000e+01  0.37390721537999744
   3.9820000e+01  0.37012751417999745
   3.9840000e+01  0.36714225397999745
   3.9860000e+01  0.36486311259999743
   3.9880000e+01  0.3632307745999974
   3.9900000e+01  0.3622020906899974
   3.9920000e+01  0.36174759709999743
   3.9940000e+01   0.3618094835199974
   3.9960000e+01   0.3623830894999974
   3.9980000e+01   0.3634261677599974
