   0.0000000e+00   0.000260941755
   1.0000000e-02   0.00187539741
   2.0000000e-02   0.00619892886
   3.0000000e-02   0.01286399471
   4.0000000e-02   0.01974849721
   5.0000000e-02   0.02558672126
   6.0000000e-02   0.03093524706
   7.0000000e-02   0.03651232781
   8.0000000e-02   0.042211495960000005
   9.0000000e-02   0.04770887321
   1.0000000e-01   0.05297561916
   1.1000000e-01   0.05806161771
   1.2000000e-01   0.06287618016
   1.3000000e-01   0.06735850171
   1.4000000e-01   0.07164836676
   1.5000000e-01   0.07599518726
   1.6000000e-01   0.08058146416
   1.7000000e-01   0.08532543551
   1.8000000e-01   0.08980017561
   1.9000000e-01   0.09361743896000001
   2.0000000e-01   0.09695620661000001
   2.1000000e-01   0.10047271846000001
   2.2000000e-01   0.10466505806000001
   2.3000000e-01   0.10941049866000001
   2.4000000e-01   0.11404249856000001
   2.5000000e-01   0.11791696571000002
   2.6000000e-01   0.12117085306000001
   2.7000000e-01   0.12478881271000002
   2.8000000e-01   0.12944714131
   2.9000000e-01   0.13466188866
   3.0000000e-01   0.13957683306000002
   3.1000000e-01   0.14377391981
   3.2000000e-01   0.14706430236
   3.3000000e-01   0.14985508336
   3.4000000e-01   0.15373735011
   3.5000000e-01   0.16023586261
   3.6000000e-01   0.16912848296
   3.7000000e-01   0.17890438345999998
   3.8000000e-01   0.18805746916
   3.9000000e-01   0.19503801576
   4.0000000e-01   0.19868557851
   4.1000000e-01   0.20038906691
   4.2000000e-01   0.20332847805999998
   4.3000000e-01   0.20771051206
   4.4000000e-01  0.2098867387755
   4.5000000e-01  0.207620932841
   4.6000000e-01  0.203233901441
   4.7000000e-01  0.20038144859100002
   4.8000000e-01  0.199534928061
   4.9000000e-01  0.197710553181
   5.0000000e-01  0.192129382081
   5.1000000e-01  0.183328518631
   5.2000000e-01  0.175028210131
   5.3000000e-01   0.172812750581
   5.4000000e-01   0.18268369208100002
   5.5000000e-01   0.20591918758100003
   5.6000000e-01   0.23362874108100004
   5.7000000e-01   0.25242100658100003
   5.8000000e-01  0.25740523293100004
   5.9000000e-01  0.25491894968100004
   6.0000000e-01   0.25367226218100003
   6.1000000e-01   0.25821109728100006
   6.2000000e-01   0.26897177078100004
   6.3000000e-01   0.282532674781
   6.4000000e-01   0.29046131388100005
   6.5000000e-01  0.28342064598100003
   6.6000000e-01  0.26085197098100005
   6.7000000e-01  0.23326247848100004
   6.8000000e-01  0.21088060998100006
   6.9000000e-01  0.19165466898100006
   7.0000000e-01  0.16292997498100006
   7.1000000e-01  0.11518136048100006
   7.2000000e-01  0.05377905848100005
   7.3000000e-01  -0.002354750018999957
   7.4000000e-01  -0.03257602551899996
   7.5000000e-01   -0.026379980518999965
   7.6000000e-01   0.011950510481000036
   7.7000000e-01   0.06736979248100003
   7.8000000e-01   0.12109987498100003
   7.9000000e-01   0.15614343048100002
   8.0000000e-01  0.16624453723100002
   8.1000000e-01  0.16269110583100002
   8.2000000e-01   0.16179425973100003
   8.3000000e-01   0.16484159213100003
   8.4000000e-01  0.16374283818100002
   8.5000000e-01   0.16514440843100003
   8.6000000e-01   0.18974735348100003
   8.7000000e-01   0.244106416481
   8.8000000e-01   0.307961094481
   8.9000000e-01   0.350414503981
   9.0000000e-01  0.348607295481
   9.1000000e-01  0.296362805981
   9.2000000e-01  0.20885619798100002
   9.3000000e-01  0.12019060448100001
   9.4000000e-01  0.066301574981
   9.5000000e-01   0.061618660981
   9.6000000e-01   0.089937823481
   9.7000000e-01   0.118165224981
   9.8000000e-01  0.12116358448100001
   9.9000000e-01  0.09977707748100001
   1.0000000e+00  0.07825941548100002
   1.0100000e+00   0.07895325648100002
   1.0200000e+00   0.09750576348100001
   1.0300000e+00  0.10739936298100002
   1.0400000e+00  0.08622203548100002
   1.0500000e+00  0.035029607481000015
   1.0600000e+00  -0.019529267518999978
   1.0700000e+00   -0.042180707968999975
   1.0800000e+00   -0.020589593918999977
   1.0900000e+00   0.021740394581000022
   1.1000000e+00   0.05454043808100002
   1.1100000e+00   0.07542483708100002
   1.1200000e+00   0.10542912958100002
   1.1300000e+00   0.160163897081
   1.1400000e+00   0.23632265708100003
   1.1500000e+00   0.32090983858100003
   1.1600000e+00   0.40733813708100003
   1.1700000e+00   0.5012123325810001
   1.1800000e+00   0.6046250525810001
   1.1900000e+00   0.697655839081
   1.2000000e+00   0.750110822081
   1.2100000e+00  0.749283767581
   1.2200000e+00  0.704412843081
   1.2300000e+00  0.639059355581
   1.2400000e+00  0.598409156081
   1.2500000e+00   0.637760646581
   1.2600000e+00   0.7654121525809999
   1.2700000e+00   0.9151551275809999
   1.2800000e+00   1.011968503081
   1.2900000e+00   1.050351845581
   1.3000000e+00   1.082341264581
   1.3100000e+00   1.144269240581
   1.3200000e+00   1.219739774581
   1.3300000e+00   1.2690596875809999
   1.3400000e+00  1.2765467140809998
   1.3500000e+00  1.267193837481
   1.3600000e+00   1.279674269881
   1.3700000e+00   1.314464545381
   1.3800000e+00  1.314515876381
   1.3900000e+00  1.2199873043810001
   1.4000000e+00  1.0412929393810002
   1.4100000e+00  0.8536694643810002
   1.4200000e+00  0.7178674443810003
   1.4300000e+00  0.6351102703810002
   1.4400000e+00  0.5870590778810002
   1.4500000e+00   0.5841453798810002
   1.4600000e+00   0.6540318153810002
   1.4700000e+00   0.8024641103810002
   1.4800000e+00   0.9987373703810002
   1.4900000e+00   1.1955082303810003
   1.5000000e+00   1.3618973803810004
   1.5100000e+00   1.4918588603810004
   1.5200000e+00   1.5809598258810003
   1.5300000e+00   1.6190620788810002
   1.5400000e+00  1.6167196763810001
   1.5500000e+00   1.6125419561310002
   1.5600000e+00   1.6366696733810002
   1.5700000e+00   1.6833578613810003
   1.5800000e+00   1.7316684838810004
   1.5900000e+00   1.7767318328810005
   1.6000000e+00   1.8214759373810006
   1.6100000e+00   1.8488960598810005
   1.6200000e+00  1.8289765478810005
   1.6300000e+00  1.7468849958810004
   1.6400000e+00  1.6045113358810004
   1.6500000e+00  1.4114358058810004
   1.6600000e+00  1.1941077258810004
   1.6700000e+00  0.9956782858810005
   1.6800000e+00  0.8518654208810005
   1.6900000e+00  0.7780505693810005
   1.7000000e+00   0.7822505743810004
   1.7100000e+00   0.8752743508810005
   1.7200000e+00   1.0607572508810006
   1.7300000e+00   1.3233145008810006
   1.7400000e+00   1.6317584858810006
   1.7500000e+00   1.9472556208810006
   1.7600000e+00   2.2290344508810005
   1.7700000e+00   2.4459117758810005
   1.7800000e+00   2.5897450808810003
   1.7900000e+00   2.6831863348810003
   1.8000000e+00   2.7771775788810005
   1.8100000e+00   2.9164650488810007
   1.8200000e+00   3.079640288881001
   1.8300000e+00   3.167126713381001
   1.8400000e+00  3.083036012881001
   1.8500000e+00  2.830341032881001
   1.8600000e+00  2.5000375078810007
   1.8700000e+00  2.1750770278810005
   1.8800000e+00  1.8853441628810006
   1.8900000e+00  1.6534910478810005
   1.9000000e+00  1.5287436173810005
   1.9100000e+00   1.5436331543810005
   1.9200000e+00   1.6609957318810005
   1.9300000e+00   1.7986335118810004
   1.9400000e+00   1.9146137318810004
   1.9500000e+00   2.0496334168810004
   1.9600000e+00   2.2683907468810003
   1.9700000e+00   2.570481181881
   1.9800000e+00   2.872728521881
   1.9900000e+00   3.060860516881
   2.0000000e+00  3.042166656881
   2.0100000e+00  2.7837013868810003
   2.0200000e+00  2.3450071668810004
   2.0300000e+00  1.8490589968810003
   2.0400000e+00  1.3730766268810002
   2.0500000e+00  0.8888812868810002
   2.0600000e+00  0.3528278818810002
   2.0700000e+00  -0.1669482481189999
   2.0800000e+00  -0.5057026531189999
   2.0900000e+00   -0.5537692281189999
   2.1000000e+00   -0.3542896981189999
   2.1100000e+00   -0.036554088118999906
   2.1200000e+00   0.2954351168810001
   2.1300000e+00   0.5885715868810002
   2.1400000e+00   0.8312503418810002
   2.1500000e+00   1.0594907218810001
   2.1600000e+00   1.309157531881
   2.1700000e+00   1.5307130568810001
   2.1800000e+00  1.6104407083810002
   2.1900000e+00  1.4986309198810002
   2.2000000e+00  1.2580998748810002
   2.2100000e+00  0.9737563348810001
   2.2200000e+00  0.6883874848810001
   2.2300000e+00  0.4458979798810001
   2.2400000e+00  0.3084021633810001
   2.2500000e+00   0.28484489038100014
   2.2600000e+00   0.3108123038810001
   2.2700000e+00   0.34155519188100014
   2.2800000e+00   0.41107866988100017
   2.2900000e+00   0.5674526598810001
   2.3000000e+00   0.7957887198810001
   2.3100000e+00   1.027114054881
   2.3200000e+00   1.182628226881
   2.3300000e+00  1.195150898881
   2.3400000e+00  1.030019058881
   2.3500000e+00  0.708823223881
   2.3600000e+00  0.286355493881
   2.3700000e+00  -0.20366962611899997
   2.3800000e+00  -0.746895731119
   2.3900000e+00  -1.2998752861190002
   2.4000000e+00  -1.7940114961190001
   2.4100000e+00  -2.182762136119
   2.4200000e+00  -2.444136151119
   2.4300000e+00  -2.5645007141189997
   2.4400000e+00   -2.5803363561189996
   2.4500000e+00  -2.6158541001189994
   2.4600000e+00  -2.8039680801189997
   2.4700000e+00  -3.1601289251189995
   2.4800000e+00  -3.5833646101189993
   2.4900000e+00  -3.9708521351189994
   2.5000000e+00  -4.274225910118999
   2.5100000e+00  -4.459397440118999
   2.5200000e+00   -4.487944328618999
   2.5300000e+00   -4.368579067119
   2.5400000e+00   -4.192098827119
   2.5500000e+00   -4.080237835618999
   2.5600000e+00  -4.096786680618999
   2.5700000e+00  -4.213220332119
   2.5800000e+00  -4.356624602119
   2.5900000e+00  -4.482973417119
   2.6000000e+00  -4.600809872119
   2.6100000e+00  -4.734883137119
   2.6200000e+00  -4.881425427119
   2.6300000e+00  -4.996279813619
   2.6400000e+00   -5.0182143136190005
   2.6500000e+00   -4.912033427119001
   2.6600000e+00   -4.695631182119
   2.6700000e+00   -4.424889492119
   2.6800000e+00   -4.181200477119
   2.6900000e+00  -4.089657851119
   2.7000000e+00  -4.2793614501190005
   2.7100000e+00  -4.758834760119001
   2.7200000e+00  -5.382903390119001
   2.7300000e+00  -6.011523605119001
   2.7400000e+00  -6.660427270119
   2.7500000e+00  -7.446182720119
   2.7600000e+00  -8.428384560119
   2.7700000e+00  -9.553469710119
   2.7800000e+00  -10.727350360119
   2.7900000e+00  -11.896678510119001
   2.8000000e+00  -13.046515010119
   2.8100000e+00  -14.144585710119
   2.8200000e+00  -15.129103700119
   2.8300000e+00  -15.965420965119
   2.8400000e+00  -16.689284405119
   2.8500000e+00  -17.371318245119
   2.8600000e+00  -18.049206145119
   2.8700000e+00  -18.711291915119002
   2.8800000e+00  -19.334712785119002
   2.8900000e+00  -19.914267960119002
   2.9000000e+00  -20.451984835119003
   2.9100000e+00  -20.940445505119
   2.9200000e+00  -21.370501855119002
   2.9300000e+00  -21.746126475119002
   2.9400000e+00  -22.077189885119
   2.9500000e+00  -22.349536350119
   2.9600000e+00  -22.491093736619
   2.9700000e+00   -22.365214158119
   2.9800000e+00   -21.833659093119
   2.9900000e+00   -20.878750323119
   3.0000000e+00   -19.662047673119
   3.0100000e+00   -18.421745223119
   3.0200000e+00   -17.321289373119
   3.0300000e+00   -16.416645218119
   3.0400000e+00   -15.705936988119001
   3.0500000e+00   -15.148149913119001
   3.0600000e+00   -14.669040743119002
   3.0700000e+00   -14.198758593119003
   3.0800000e+00   -13.697902948119003
   3.0900000e+00   -13.141098383119003
   3.1000000e+00   -12.503128208119003
   3.1100000e+00   -11.779609518119003
   3.1200000e+00   -11.010740348119002
   3.1300000e+00   -10.294958273119002
   3.1400000e+00   -9.819467853119002
   3.1500000e+00  -9.841779513119002
   3.1600000e+00  -10.516516673119002
   3.1700000e+00  -11.713832423119001
   3.1800000e+00  -13.107369623119002
   3.1900000e+00  -14.454272873119002
   3.2000000e+00  -15.715629173119002
   3.2100000e+00  -16.937013223119003
   3.2200000e+00  -18.127262873119
   3.2300000e+00  -19.272004473119
   3.2400000e+00  -20.380885673119
   3.2500000e+00  -21.471571773119
   3.2600000e+00  -22.530836673118998
   3.2700000e+00  -23.507334303119
   3.2800000e+00  -24.314290973119
   3.2900000e+00  -24.831803333119
   3.3000000e+00   -24.965098287619
   3.3100000e+00   -24.742099497119
   3.3200000e+00   -24.312554067119
   3.3300000e+00   -23.824372802118997
   3.3400000e+00   -23.339294767118997
   3.3500000e+00   -22.866935002118996
   3.3600000e+00   -22.415134657118998
   3.3700000e+00   -21.985402327118997
   3.3800000e+00   -21.558989277118997
   3.3900000e+00   -21.101138712118995
   3.4000000e+00   -20.551217797118994
   3.4100000e+00   -19.804537392118995
   3.4200000e+00   -18.735512462118994
   3.4300000e+00   -17.255974512118993
   3.4400000e+00   -15.339152562118993
   3.4500000e+00   -12.998773212118994
   3.4600000e+00   -10.303697512118994
   3.4700000e+00   -7.452026862118994
   3.4800000e+00   -4.8243494621189935
   3.4900000e+00   -2.9108760621189935
   3.5000000e+00   -2.0234366721189936
   3.5100000e+00  -1.9802073971189935
   3.5200000e+00  -2.2323737871189935
   3.5300000e+00  -2.3598976896689936
   3.5400000e+00   -2.2322807222189938
   3.5500000e+00   -1.7191944672189936
   3.5600000e+00   -0.6066815072189937
   3.5700000e+00   1.1037105927810063
   3.5800000e+00   3.0892130927810064
   3.5900000e+00   5.0230689427810065
   3.6000000e+00   6.830811092781007
   3.6100000e+00   8.583795842781006
   3.6200000e+00   10.310806092781007
   3.6300000e+00   11.990366142781006
   3.6400000e+00   13.634121842781006
   3.6500000e+00   15.310626342781006
   3.6600000e+00   17.101975792781005
   3.6700000e+00   19.049279392781006
   3.6800000e+00   21.128683342781006
   3.6900000e+00   23.274587792781006
   3.7000000e+00   25.427033142781006
   3.7100000e+00   27.53883159278101
   3.7200000e+00   29.496696342781007
   3.7300000e+00   31.025115142781008
   3.7400000e+00   31.775374647781007
   3.7500000e+00  31.662586077781008
   3.7600000e+00  31.063080312781008
   3.7700000e+00  30.528755992781008
   3.7800000e+00   30.390389740781007
   3.7900000e+00   30.721895078781007
   3.8000000e+00   31.475285113781005
   3.8100000e+00   32.50143198878101
   3.8200000e+00   33.57670643878101
   3.8300000e+00   34.50629571378101
   3.8400000e+00   35.16409629378101
   3.8500000e+00   35.46166810178101
   3.8600000e+00  35.33896390978101
   3.8700000e+00  34.75975873478101
   3.8800000e+00  33.70133330478101
   3.8900000e+00  32.20373550478101
   3.9000000e+00  30.440264004781007
   3.9100000e+00  28.688939454781007
   3.9200000e+00  27.235151954781006
   3.9300000e+00  26.339763529781006
   3.9400000e+00   26.250500964781008
   3.9500000e+00   27.109873724781007
   3.9600000e+00   28.79322622478101
   3.9700000e+00   30.92283607478101
   3.9800000e+00   33.11996767478101
   3.9900000e+00   35.20122087478101
   4.0000000e+00   37.10978107478101
   4.0100000e+00   38.76452577478101
   4.0200000e+00   40.06547572478102
   4.0300000e+00   40.993511419781015
   4.0400000e+00   41.591368934781016
   4.0500000e+00   41.832345527781015
   4.0600000e+00  41.61213112578101
   4.0700000e+00  40.92532045578101
   4.0800000e+00  39.986465390781014
   4.0900000e+00  39.13694335078102
   4.1000000e+00  38.66670132578102
   4.1100000e+00   38.72134565078102
   4.1200000e+00   39.31691725578102
   4.1300000e+00   40.387630880781025
   4.1400000e+00   41.796703630781025
   4.1500000e+00   43.34105613078103
   4.1600000e+00   44.817064030781026
   4.1700000e+00   46.08648653078102
   4.1800000e+00   47.04859825578102
   4.1900000e+00   47.578282030781025
   4.2000000e+00  47.545644520781025
   4.2100000e+00  46.90359147078102
   4.2200000e+00  45.73149598078103
   4.2300000e+00  44.18359083078103
   4.2400000e+00  42.40734688078103
   4.2500000e+00  40.50975003078103
   4.2600000e+00  38.57020883078103
   4.2700000e+00  36.66687658078103
   4.2800000e+00  34.90111408078103
   4.2900000e+00  33.38125993078103
   4.3000000e+00  32.14027943078103
   4.3100000e+00  31.081342930781027
   4.3200000e+00  30.050321530781027
   4.3300000e+00  28.939816680781025
   4.3400000e+00  27.686281730781026
   4.3500000e+00  26.232971880781026
   4.3600000e+00  24.572482180781027
   4.3700000e+00  22.782018880781028
   4.3800000e+00  20.964122380781028
   4.3900000e+00  19.18358693078103
   4.4000000e+00  17.46931243078103
   4.4100000e+00  15.830340080781031
   4.4200000e+00  14.243328330781031
   4.4300000e+00  12.619970480781031
   4.4400000e+00  10.80762138078103
   4.4500000e+00  8.68685238078103
   4.4600000e+00  6.29940998078103
   4.4700000e+00  3.8326826307810307
   4.4800000e+00  1.4585361307810305
   4.4900000e+00  -0.7690379192189698
   4.5000000e+00  -2.8675017692189697
   4.5100000e+00  -4.85405381921897
   4.5200000e+00  -6.74253611921897
   4.5300000e+00  -8.56368221921897
   4.5400000e+00  -10.35652906921897
   4.5500000e+00  -12.14654891921897
   4.5600000e+00  -13.93648116921897
   4.5700000e+00  -15.71275151921897
   4.5800000e+00  -17.45406786921897
   4.5900000e+00  -19.11030226921897
   4.6000000e+00  -20.54582001921897
   4.6100000e+00  -21.53364481421897
   4.6200000e+00  -21.90155095421897
   4.6300000e+00   -21.72708563421897
   4.6400000e+00   -21.30804549921897
   4.6500000e+00   -20.89552111421897
   4.6600000e+00   -20.531821679218968
   4.6700000e+00   -20.15243619921897
   4.6800000e+00   -19.72505812921897
   4.6900000e+00   -19.257848349218968
   4.7000000e+00   -18.763092539218967
   4.7100000e+00   -18.261908054218967
   4.7200000e+00   -17.80835218421897
   4.7300000e+00   -17.499733949218967
   4.7400000e+00  -17.454033114218966
   4.7500000e+00  -17.747839784218964
   4.7600000e+00  -18.352331074218963
   4.7700000e+00  -19.127780214218962
   4.7800000e+00  -19.881317024218962
   4.7900000e+00  -20.41888487421896
   4.8000000e+00   -20.56263355921896
   4.8100000e+00   -20.18736095921896
   4.8200000e+00   -19.26736300921896
   4.8300000e+00   -17.86875525921896
   4.8400000e+00   -16.122925809218962
   4.8500000e+00   -14.226208559218962
   4.8600000e+00   -12.397553709218963
   4.8700000e+00   -10.777806609218963
   4.8800000e+00   -9.383637859218963
   4.8900000e+00   -8.162663609218964
   4.9000000e+00   -7.0582538092189635
   4.9100000e+00   -6.016703009218963
   4.9200000e+00   -4.980264459218963
   4.9300000e+00   -3.9212033592189632
   4.9400000e+00   -2.898274749218963
   4.9500000e+00   -2.087318264218963
   4.9600000e+00   -1.7394948062189628
   4.9700000e+00  -2.040188893218963
   4.9800000e+00  -2.957728263218963
   4.9900000e+00  -4.242748863218963
   5.0000000e+00  -5.600686713218963
   5.0100000e+00  -6.864996863218963
   5.0200000e+00  -7.9992668632189625
   5.0300000e+00  -8.992533248218962
   5.0400000e+00  -9.838879908218962
   5.0500000e+00  -10.586719928218962
   5.0600000e+00  -11.306822398218962
   5.0700000e+00  -12.003361303218963
   5.0800000e+00  -12.615322933218962
   5.0900000e+00  -13.123263623218962
   5.1000000e+00  -13.619990563218963
   5.1100000e+00  -14.244572843218963
   5.1200000e+00  -15.060300298218962
   5.1300000e+00  -16.027850273218963
   5.1400000e+00  -17.087592523218962
   5.1500000e+00  -18.225030323218963
   5.1600000e+00  -19.443498823218963
   5.1700000e+00  -20.713253873218964
   5.1800000e+00  -21.980938673218965
   5.1900000e+00  -23.207166523218966
   5.2000000e+00  -24.360790673218965
   5.2100000e+00  -25.383949158218964
   5.2200000e+00  -26.192835313218964
   5.2300000e+00  -26.722119213218964
   5.2400000e+00  -26.959255346718965
   5.2500000e+00   -26.942148405218965
   5.2600000e+00   -26.745824895218966
   5.2700000e+00   -26.469459855218965
   5.2800000e+00   -26.205198795218966
   5.2900000e+00   -25.992584500218964
   5.3000000e+00   -25.791725600218964
   5.3100000e+00   -25.507790330218963
   5.3200000e+00   -25.070517205218962
   5.3300000e+00   -24.501171065218962
   5.3400000e+00   -23.87827562021896
   5.3500000e+00   -23.238204275218962
   5.3600000e+00   -22.546331645218963
   5.3700000e+00   -21.763531120218964
   5.3800000e+00   -20.882743435218963
   5.3900000e+00   -19.874139690218964
   5.4000000e+00   -18.641465040218964
   5.4100000e+00   -17.074187990218963
   5.4200000e+00   -15.127660540218963
   5.4300000e+00   -12.842872190218964
   5.4400000e+00   -10.325883340218963
   5.4500000e+00   -7.734492690218964
   5.4600000e+00   -5.269659440218964
   5.4700000e+00   -3.1574732902189644
   5.4800000e+00   -1.5899473402189646
   5.4900000e+00   -0.6180041652189646
   5.5000000e+00   -0.11777278021896465
   5.5100000e+00   0.09527169978103536
   5.5200000e+00   0.15162280837103537
   5.5300000e+00  0.12118015346103536
   5.5400000e+00  0.02541164496103536
   5.5500000e+00  -0.16672997503896464
   5.5600000e+00  -0.4699609550389647
   5.5700000e+00  -0.7622135200389647
   5.5800000e+00   -0.7906508900389647
   5.5900000e+00   -0.38863054503896466
   5.6000000e+00   0.32103258496103537
   5.6100000e+00   1.0351208049610354
   5.6200000e+00   1.5630847499610354
   5.6300000e+00   1.9041339649610354
   5.6400000e+00   2.0898280949610353
   5.6500000e+00  2.1048284769610355
   5.6600000e+00  1.9736922289610355
   5.6700000e+00  1.8268149489610355
   5.6800000e+00   1.8226705289610354
   5.6900000e+00   2.0101103839610355
   5.7000000e+00   2.2868173189610355
   5.7100000e+00   2.4850073589610355
   5.7200000e+00  2.4724463089610356
   5.7300000e+00  2.1931812539610354
   5.7400000e+00  1.6784705239610354
   5.7500000e+00  1.0491305889610354
   5.7600000e+00  0.4969569089610354
   5.7700000e+00  0.23733293846103537
   5.7800000e+00   0.4165302329610354
   5.7900000e+00   1.0130324379610354
   5.8000000e+00   1.8340231379610357
   5.8100000e+00   2.6346215629610357
   5.8200000e+00   3.2804445079610356
   5.8300000e+00   3.8313177129610354
   5.8400000e+00   4.469310542961035
   5.8500000e+00   5.340907092961036
   5.8600000e+00   6.466188492961036
   5.8700000e+00   7.766314292961036
   5.8800000e+00   9.129479392961036
   5.8900000e+00   10.444577792961036
   5.9000000e+00   11.618620392961036
   5.9100000e+00   12.609079857961037
   5.9200000e+00   13.450038962961036
   5.9300000e+00   14.228122862961037
   5.9400000e+00   15.010314447961036
   5.9500000e+00   15.786724362961037
   5.9600000e+00   16.468248557961036
   5.9700000e+00   16.921709882961036
   5.9800000e+00  17.032034422461034
   5.9900000e+00  16.761656916961034
   6.0000000e+00  16.144313081961034
   6.0100000e+00  15.239939221961034
   6.0200000e+00  14.136594471961034
   6.0300000e+00  12.971418621961034
   6.0400000e+00  11.880510871961034
   6.0500000e+00  10.914668091961033
   6.0600000e+00  10.047529276961033
   6.0700000e+00  9.276803496961033
   6.0800000e+00  8.661741671961034
   6.0900000e+00  8.221878461961033
   6.1000000e+00  7.851452816961033
   6.1100000e+00  7.409992046961033
   6.1200000e+00  6.893383916961033
   6.1300000e+00  6.464326596961033
   6.1400000e+00  6.292228307961033
   6.1500000e+00   6.365727963961033
   6.1600000e+00   6.463182349961033
   6.1700000e+00  6.297422855961034
   6.1800000e+00  5.683723175961034
   6.1900000e+00  4.595660725961034
   6.2000000e+00  3.1122686259610344
   6.2100000e+00  1.3454023759610345
   6.2200000e+00  -0.5967548240389655
   6.2300000e+00  -2.622643374038965
   6.2400000e+00  -4.671576124038966
   6.2500000e+00  -6.724497574038965
   6.2600000e+00  -8.787013224038965
   6.2700000e+00  -10.843483724038965
   6.2800000e+00  -12.811708224038965
   6.2900000e+00  -14.523816724038964
   6.3000000e+00  -15.783992089038964
   6.3100000e+00  -16.532902754038965
   6.3200000e+00  -16.950967899038965
   6.3300000e+00  -17.303912389038963
   6.3400000e+00  -17.693219619038963
   6.3500000e+00  -18.009390354038963
   6.3600000e+00   -18.070160449038962
   6.3700000e+00   -17.78386765403896
   6.3800000e+00   -17.24928985403896
   6.3900000e+00   -16.67674745403896
   6.4000000e+00   -16.17880687403896
   6.4100000e+00   -15.705069804038958
   6.4200000e+00   -15.171564079038959
   6.4300000e+00   -14.547032474038959
   6.4400000e+00   -13.806265594038958
   6.4500000e+00   -12.890879024038957
   6.4600000e+00   -11.757520524038958
   6.4700000e+00   -10.424451324038957
   6.4800000e+00   -8.954846774038957
   6.4900000e+00   -7.464100424038957
   6.5000000e+00   -6.161469374038957
   6.5100000e+00   -5.252592744038957
   6.5200000e+00   -4.716452884038956
   6.5300000e+00   -4.271329339038956
   6.5400000e+00   -3.6153307790389557
   6.5500000e+00   -2.621821984038956
   6.5600000e+00   -1.307227884038956
   6.5700000e+00   0.27440936596104404
   6.5800000e+00   2.0846377659610438
   6.5900000e+00   4.097858915961044
   6.6000000e+00   6.240710715961044
   6.6100000e+00   8.354277765961044
   6.6200000e+00   10.284038465961043
   6.6300000e+00   12.010379865961044
   6.6400000e+00   13.638828565961044
   6.6500000e+00   15.257522915961044
   6.6600000e+00   16.836508415961042
   6.6700000e+00   18.24357731596104
   6.6800000e+00   19.305326390961042
   6.6900000e+00   19.873444855961043
   6.7000000e+00  19.888376585961044
   6.7100000e+00  19.392161825961043
   6.7200000e+00  18.501617525961045
   6.7300000e+00  17.396527525961044
   6.7400000e+00  16.285209475961043
   6.7500000e+00  15.317716755961044
   6.7600000e+00  14.537570240961044
   6.7700000e+00  13.943052025961043
   6.7800000e+00  13.587626270961042
   6.7900000e+00   13.579456160961042
   6.8000000e+00   13.955693200961042
   6.8100000e+00   14.606764755961041
   6.8200000e+00   15.371909230961041
   6.8300000e+00   16.14250401596104
   6.8400000e+00   16.80522668096104
   6.8500000e+00   17.160190835961043
   6.8600000e+00  17.001608795961044
   6.8700000e+00  16.260192365961043
   6.8800000e+00  15.002929715961043
   6.8900000e+00  13.333965365961044
   6.9000000e+00  11.357763665961043
   6.9100000e+00  9.185186365961043
   6.9200000e+00  6.905813915961042
   6.9300000e+00  4.576422765961042
   6.9400000e+00  2.256564015961042
   6.9500000e+00  0.016992515961041565
   6.9600000e+00  -2.0968243340389585
   6.9700000e+00  -4.057014434038958
   6.9800000e+00  -5.778893334038958
   6.9900000e+00  -7.117077184038958
   7.0000000e+00  -8.021762569038959
   7.0100000e+00  -8.665406474038958
   7.0200000e+00  -9.328207669038958
   7.0300000e+00  -10.201694694038958
   7.0400000e+00  -11.356447644038958
   7.0500000e+00  -12.78716339403896
   7.0600000e+00  -14.39646064403896
   7.0700000e+00  -16.00447629403896
   7.0800000e+00  -17.42125189403896
   7.0900000e+00  -18.47836171903896
   7.1000000e+00  -19.03764069903896
   7.1100000e+00   -19.06556829403896
   7.1200000e+00   -18.698191759038963
   7.1300000e+00   -18.17286535403896
   7.1400000e+00   -17.67540182403896
   7.1500000e+00   -17.25403618903896
   7.1600000e+00   -16.85392869903896
   7.1700000e+00   -16.39205602403896
   7.1800000e+00   -15.783678934038962
   7.1900000e+00   -14.924202614038961
   7.2000000e+00   -13.701890864038962
   7.2100000e+00   -12.070501714038961
   7.2200000e+00   -10.100627614038961
   7.2300000e+00   -7.944098414038962
   7.2400000e+00   -5.804761914038961
   7.2500000e+00   -4.013158364038961
   7.2600000e+00   -3.0315191090389613
   7.2700000e+00  -3.187764234038961
   7.2800000e+00  -4.371360914038961
   7.2900000e+00  -6.067472714038961
   7.3000000e+00  -7.698892864038961
   7.3100000e+00  -8.958716164038961
   7.3200000e+00  -9.907249284038961
   7.3300000e+00  -10.820474594038961
   7.3400000e+00  -11.94551898403896
   7.3500000e+00  -13.35498813403896
   7.3600000e+00  -14.97247188403896
   7.3700000e+00  -16.68124058403896
   7.3800000e+00  -18.39319903403896
   7.3900000e+00  -20.05180538403896
   7.4000000e+00  -21.625146884038962
   7.4100000e+00  -23.123984334038962
   7.4200000e+00  -24.608128984038963
   7.4300000e+00  -26.140760634038962
   7.4400000e+00  -27.72482808403896
   7.4500000e+00  -29.275194184038963
   7.4600000e+00  -30.638363584038963
   7.4700000e+00  -31.670631859038963
   7.4800000e+00  -32.33046074903896
   7.4900000e+00  -32.676049649038966
   7.5000000e+00  -32.79495181853896
   7.5100000e+00   -32.77516905003896
   7.5200000e+00   -32.678825622038964
   7.5300000e+00   -32.486076792038965
   7.5400000e+00   -32.12592475203896
   7.5500000e+00   -31.59813344703896
   7.5600000e+00   -31.00923858703896
   7.5700000e+00   -30.47567090703896
   7.5800000e+00   -30.04498261203896
   7.5900000e+00   -29.71305706203896
   7.6000000e+00   -29.45928997203896
   7.6100000e+00   -29.243187947038958
   7.6200000e+00   -28.99284470203896
   7.6300000e+00   -28.613292217038957
   7.6400000e+00   -28.020312992038956
   7.6500000e+00   -27.197880887038956
   7.6600000e+00   -26.218151537038956
   7.6700000e+00   -25.163439087038956
   7.6800000e+00   -24.028250887038958
   7.6900000e+00   -22.720879237038957
   7.7000000e+00   -21.14113033703896
   7.7100000e+00   -19.22950403703896
   7.7200000e+00   -16.96010168703896
   7.7300000e+00   -14.32876448703896
   7.7400000e+00   -11.37224803703896
   7.7500000e+00   -8.19728828703896
   7.7600000e+00   -4.97876163703896
   7.7700000e+00   -1.9316883870389594
   7.7800000e+00   0.7169219629610408
   7.7900000e+00   2.785560212961041
   7.8000000e+00   4.211579962961041
   7.8100000e+00   5.035158707961041
   7.8200000e+00   5.313012416461041
   7.8300000e+00  5.1096809949610416
   7.8400000e+00  4.563977974961041
   7.8500000e+00  3.886868094961041
   7.8600000e+00  3.274090724961041
   7.8700000e+00  2.8630936249610413
   7.8800000e+00   2.768619159961041
   7.8900000e+00   3.077226254961041
   7.9000000e+00   3.7695589549610413
   7.9100000e+00   4.708313769961041
   7.9200000e+00   5.728688819961041
   7.9300000e+00   6.697902659961041
   7.9400000e+00   7.517123924961041
   7.9500000e+00   8.160729044961041
   7.9600000e+00   8.72337075996104
   7.9700000e+00   9.370380574961041
   7.9800000e+00   10.221833879961041
   7.9900000e+00   11.283486439961042
   8.0000000e+00   12.460993389961041
   8.0100000e+00   13.604089089961041
   8.0200000e+00   14.52869912996104
   8.0300000e+00   15.047774469961041
   8.0400000e+00  15.054359334961042
   8.0500000e+00  14.587907329961041
   8.0600000e+00  13.80651324496104
   8.0700000e+00  12.91293740496104
   8.0800000e+00  12.09790499496104
   8.0900000e+00  11.490980914961039
   8.1000000e+00  11.12032934996104
   8.1100000e+00  10.92783103496104
   8.1200000e+00  10.84191023296104
   8.1300000e+00   10.839380188961039
   8.1400000e+00   10.95309570196104
   8.1500000e+00   11.24584422196104
   8.1600000e+00   11.77211129196104
   8.1700000e+00   12.52450771196104
   8.1800000e+00   13.37760580696104
   8.1900000e+00   14.10042730696104
   8.2000000e+00   14.50184516196104
   8.2100000e+00  14.600750900961039
   8.2200000e+00   14.601031259961038
   8.2300000e+00   14.685314869961038
   8.2400000e+00   14.896686294961038
   8.2500000e+00   15.210720449961038
   8.2600000e+00   15.620794814961037
   8.2700000e+00   16.115256434961037
   8.2800000e+00   16.634128704961036
   8.2900000e+00   17.107246994961034
   8.3000000e+00   17.528421034961035
   8.3100000e+00   17.964925819961035
   8.3200000e+00   18.495507834961035
   8.3300000e+00   19.151457724961034
   8.3400000e+00   19.918359179961033
   8.3500000e+00   20.785615789961035
   8.3600000e+00   21.784717329961037
   8.3700000e+00   22.987167279961035
   8.3800000e+00   24.476424429961035
   8.3900000e+00   26.306747679961035
   8.4000000e+00   28.470254379961034
   8.4100000e+00   30.897742779961035
   8.4200000e+00   33.481338329961034
   8.4300000e+00   36.097280379961035
   8.4400000e+00   38.62569627996103
   8.4500000e+00   40.96396847996103
   8.4600000e+00   43.044555229961034
   8.4700000e+00   44.871631529961036
   8.4800000e+00   46.53763487996103
   8.4900000e+00   48.16983387996103
   8.5000000e+00   49.83829612996103
   8.5100000e+00   51.49705862996103
   8.5200000e+00   52.989200829961035
   8.5300000e+00   54.11384142496104
   8.5400000e+00   54.69319861496104
   8.5500000e+00  54.54721318496104
   8.5600000e+00  53.468941609961036
   8.5700000e+00  51.370648509961036
   8.5800000e+00  48.44176665996103
   8.5900000e+00  45.05059150996103
   8.6000000e+00  41.50061120996103
   8.6100000e+00  37.90947135996103
   8.6200000e+00  34.25177175996103
   8.6300000e+00  30.46544450996103
   8.6400000e+00  26.52517180996103
   8.6500000e+00  22.43356805996103
   8.6600000e+00  18.19283345996103
   8.6700000e+00  13.83394455996103
   8.6800000e+00  9.444074059961029
   8.6900000e+00  5.131142759961028
   8.7000000e+00  0.9896075599610281
   8.7100000e+00  -2.9089853900389717
   8.7200000e+00  -6.541162540038972
   8.7300000e+00  -9.919441440038971
   8.7400000e+00  -13.01706724003897
   8.7500000e+00  -15.75327324003897
   8.7600000e+00  -18.07762429003897
   8.7700000e+00  -20.00984359003897
   8.7800000e+00  -21.57970569003897
   8.7900000e+00  -22.78436114003897
   8.8000000e+00  -23.622103690038973
   8.8100000e+00  -24.128684940038973
   8.8200000e+00  -24.364482790038974
   8.8300000e+00   -24.391079039538972
   8.8400000e+00   -24.278227589038973
   8.8500000e+00   -24.113983309038975
   8.8600000e+00   -23.974858274038976
   8.8700000e+00   -23.880221740538975
   8.8800000e+00   -23.794263625538974
   8.8900000e+00   -23.678443634038974
   8.9000000e+00   -23.525165614038976
   8.9100000e+00   -23.336210579038976
   8.9200000e+00   -23.095542629038977
   8.9300000e+00   -22.781295674038976
   8.9400000e+00   -22.384180719038977
   8.9500000e+00   -21.891447639038976
   8.9600000e+00   -21.272536049038976
   8.9700000e+00   -20.520858784038975
   8.9800000e+00   -19.708080119038975
   8.9900000e+00   -18.958976819038973
   9.0000000e+00   -18.361660124038973
   9.0100000e+00   -17.917124444038972
   9.0200000e+00   -17.566035004038973
   9.0300000e+00   -17.23516774403897
   9.0400000e+00   -16.85718318403897
   9.0500000e+00   -16.37778970403897
   9.0600000e+00   -15.763917674038971
   9.0700000e+00   -14.994584974038972
   9.0800000e+00   -14.038017419038972
   9.0900000e+00   -12.851896219038972
   9.1000000e+00   -11.412779119038971
   9.1100000e+00   -9.743686569038971
   9.1200000e+00   -7.929394969038971
   9.1300000e+00   -6.125652319038972
   9.1400000e+00   -4.548108119038972
   9.1500000e+00   -3.4111542340389716
   9.1600000e+00   -2.8058812190389713
   9.1700000e+00   -2.607306775038971
   9.1800000e+00   -2.560420426038971
   9.1900000e+00   -2.482625326038971
   9.2000000e+00   -2.320097516038971
   9.2100000e+00   -2.0336491110389714
   9.2200000e+00   -1.5796769760389713
   9.2300000e+00   -1.0556622510389713
   9.2400000e+00   -0.7454538960389713
   9.2500000e+00  -0.9186894210389712
   9.2600000e+00  -1.6171944810389713
   9.2700000e+00  -2.6690126110389714
   9.2800000e+00  -3.8466124110389712
   9.2900000e+00  -4.986848111038971
   9.3000000e+00  -6.034227511038971
   9.3100000e+00  -7.034837301038971
   9.3200000e+00  -8.09933469103897
   9.3300000e+00  -9.34306124103897
   9.3400000e+00  -10.80615184103897
   9.3500000e+00  -12.411292341038969
   9.3600000e+00  -14.02432619103897
   9.3700000e+00  -15.54922689103897
   9.3800000e+00  -16.93998124103897
   9.3900000e+00  -18.149736541038973
   9.4000000e+00  -19.115670081038974
   9.4100000e+00  -19.803421791038975
   9.4200000e+00  -20.258759221038975
   9.4300000e+00  -20.610650121038976
   9.4400000e+00  -21.017578726038977
   9.4500000e+00  -21.594160841038978
   9.4600000e+00  -22.354406676038977
   9.4700000e+00  -23.201265421038975
   9.4800000e+00  -23.975335411038976
   9.4900000e+00  -24.518661931038977
   9.5000000e+00   -24.711642662288977
   9.5100000e+00   -24.494525923538976
   9.5200000e+00   -23.866451623538975
   9.5300000e+00   -22.847158703538973
   9.5400000e+00   -21.446319453538973
   9.5500000e+00   -19.674018103538973
   9.5600000e+00   -17.564154753538972
   9.5700000e+00   -15.188444753538972
   9.5800000e+00   -12.651697203538973
   9.5900000e+00   -10.054330303538972
   9.6000000e+00   -7.453448403538972
   9.6100000e+00   -4.869506303538972
   9.6200000e+00   -2.318636103538972
   9.6300000e+00   0.16889224646102807
   9.6400000e+00   2.540701746461028
   9.6500000e+00   4.725285446461028
   9.6600000e+00   6.658673996461028
   9.6700000e+00   8.312855296461027
   9.6800000e+00   9.700467046461027
   9.6900000e+00   10.861029696461026
   9.7000000e+00   11.829825386461026
   9.7100000e+00   12.602868081461025
   9.7200000e+00   13.153781336461025
   9.7300000e+00   13.510513291461026
   9.7400000e+00   13.798047176461026
   9.7500000e+00   14.176118196461026
   9.7600000e+00   14.721006721461025
   9.7700000e+00   15.354712116461025
   9.7800000e+00   15.881409341461024
   9.7900000e+00   16.104021246461024
   9.8000000e+00  15.923573386461024
   9.8100000e+00  15.341468006461024
   9.8200000e+00  14.396036026461024
   9.8300000e+00  13.131049926461024
   9.8400000e+00  11.607932026461024
   9.8500000e+00  9.901120076461023
   9.8600000e+00  8.080336326461023
   9.8700000e+00  6.211883126461022
   9.8800000e+00  4.357231326461022
   9.8900000e+00  2.548632776461022
   9.9000000e+00  0.766279276461022
   9.9100000e+00  -1.0448977235389783
   9.9200000e+00  -2.921690623538978
   9.9300000e+00  -4.856240373538978
   9.9400000e+00  -6.827877673538978
   9.9500000e+00  -8.817441423538979
   9.9600000e+00  -10.737770623538978
   9.9700000e+00  -12.384177423538977
   9.9800000e+00  -13.556601118538978
   9.9900000e+00  -14.232448318538978
   1.0000000e+01  -14.535253608538978
   1.0010000e+01   -14.575193641038979
   1.0020000e+01   -14.40966966353898
   1.0030000e+01   -14.09743491353898
   1.0040000e+01   -13.693827298538979
   1.0050000e+01   -13.196958228538978
   1.0060000e+01   -12.522857123538978
   1.0070000e+01   -11.537543598538978
   1.0080000e+01   -10.141566698538977
   1.0090000e+01   -8.354221148538977
   1.0100000e+01   -6.319678948538977
   1.0110000e+01   -4.2363670985389765
   1.0120000e+01   -2.2846441985389765
   1.0130000e+01   -0.5817997985389762
   1.0140000e+01   0.8583036014610237
   1.0150000e+01   2.1311422014610235
   1.0160000e+01   3.3680945514610237
   1.0170000e+01   4.642023451461023
   1.0180000e+01   5.935733051461024
   1.0190000e+01   7.153279201461023
   1.0200000e+01   8.130958806461024
   1.0210000e+01   8.683952141461024
   1.0220000e+01  8.699374231461023
   1.0230000e+01  8.174214741461023
   1.0240000e+01  7.156155391461024
   1.0250000e+01  5.706849191461023
   1.0260000e+01  3.9398111914610228
   1.0270000e+01  2.0231320914610227
   1.0280000e+01  0.1160558914610228
   1.0290000e+01  -1.662854508538977
   1.0300000e+01  -3.218337508538977
   1.0310000e+01  -4.485202658538977
   1.0320000e+01  -5.468671873538978
   1.0330000e+01  -6.249699003538978
   1.0340000e+01  -6.924128263538978
   1.0350000e+01  -7.532090428538978
   1.0360000e+01  -8.032395833538978
   1.0370000e+01  -8.316681613538977
   1.0380000e+01   -8.254810523538977
   1.0390000e+01   -7.757782988538977
   1.0400000e+01   -6.807918338538976
   1.0410000e+01   -5.449028638538977
   1.0420000e+01   -3.778848688538977
   1.0430000e+01   -1.934168488538977
   1.0440000e+01   -0.04594928853897717
   1.0450000e+01   1.797904211461023
   1.0460000e+01   3.555364161461023
   1.0470000e+01   5.221167861461023
   1.0480000e+01   6.816791661461023
   1.0490000e+01   8.368765461461024
   1.0500000e+01   9.881142261461024
   1.0510000e+01   11.322521211461025
   1.0520000e+01   12.637860411461025
   1.0530000e+01   13.783275561461025
   1.0540000e+01   14.765296921461024
   1.0550000e+01   15.641207336461024
   1.0560000e+01   16.464250571461022
   1.0570000e+01   17.234621046461022
   1.0580000e+01   17.914061836461023
   1.0590000e+01   18.462110706461022
   1.0600000e+01   18.824495426461024
   1.0610000e+01  18.904394738961024
   1.0620000e+01  18.608381021461025
   1.0630000e+01  17.949928886461024
   1.0640000e+01  17.066765096461022
   1.0650000e+01  16.11564026646102
   1.0660000e+01  15.199041886461021
   1.0670000e+01  14.406580301461021
   1.0680000e+01  13.857169446461022
   1.0690000e+01  13.643127717961022
   1.0700000e+01   13.738885394461022
   1.0710000e+01   13.992536659461022
   1.0720000e+01   14.206952304461023
   1.0730000e+01  14.216438224461022
   1.0740000e+01  13.927697589461022
   1.0750000e+01  13.358169959461023
   1.0760000e+01  12.634026374461023
   1.0770000e+01  11.915533914461022
   1.0780000e+01  11.336619904461022
   1.0790000e+01  11.002023659461022
   1.0800000e+01   10.957396547461022
   1.0810000e+01   11.130917885461022
   1.0820000e+01   11.360133880461023
   1.0830000e+01   11.498090637961022
   1.0840000e+01  11.478671045461022
   1.0850000e+01  11.313564740461022
   1.0860000e+01  11.066042020461023
   1.0870000e+01  10.808190770461023
   1.0880000e+01  10.576107920461023
   1.0890000e+01  10.360824180461023
   1.0900000e+01  10.125050895461023
   1.0910000e+01  9.816259810461023
   1.0920000e+01  9.380562580461023
   1.0930000e+01  8.774531285461023
   1.0940000e+01  7.959661605461023
   1.0950000e+01  6.900721320461023
   1.0960000e+01  5.591291170461023
   1.0970000e+01  4.080906370461023
   1.0980000e+01  2.468606520461023
   1.0990000e+01  0.8658148704610229
   1.1000000e+01  -0.6384125295389771
   1.1010000e+01  -1.9858627295389772
   1.1020000e+01  -3.1441527795389774
   1.1030000e+01  -4.106578539538978
   1.1040000e+01  -4.886484854538978
   1.1050000e+01  -5.5018296645389775
   1.1060000e+01  -5.969774429538978
   1.1070000e+01  -6.3112228895389775
   1.1080000e+01  -6.542580169538978
   1.1090000e+01  -6.663258806038978
   1.1100000e+01   -6.6742533485389774
   1.1110000e+01   -6.610544870038978
   1.1120000e+01   -6.525408401538978
   1.1130000e+01   -6.437104309538977
   1.1140000e+01   -6.3155998815389776
   1.1150000e+01   -6.125404891538977
   1.1160000e+01   -5.869706731538978
   1.1170000e+01   -5.601342851538978
   1.1180000e+01   -5.408169306538978
   1.1190000e+01  -5.385969266538978
   1.1200000e+01  -5.605941911538978
   1.1210000e+01  -6.088807976538979
   1.1220000e+01  -6.796764116538979
   1.1230000e+01  -7.644989841538979
   1.1240000e+01  -8.53117796153898
   1.1250000e+01  -9.37081308653898
   1.1260000e+01  -10.116419456538981
   1.1270000e+01  -10.759158336538981
   1.1280000e+01  -11.322665776538981
   1.1290000e+01  -11.840099356538982
   1.1300000e+01  -12.315300696538982
   1.1310000e+01  -12.707189741538981
   1.1320000e+01  -12.96391982653898
   1.1330000e+01  -13.06850891653898
   1.1340000e+01   -13.038198032538979
   1.1350000e+01   -12.89038206853898
   1.1360000e+01   -12.639357258538979
   1.1370000e+01   -12.325996213538978
   1.1380000e+01   -12.023320508538978
   1.1390000e+01   -11.808132958538978
   1.1400000e+01   -11.727417280738978
   1.1410000e+01  -11.767785337938978
   1.1420000e+01  -11.848995235938979
   1.1430000e+01   -11.86073267293898
   1.1440000e+01   -11.701963551938979
   1.1450000e+01   -11.290678456938979
   1.1460000e+01   -10.567016081938979
   1.1470000e+01   -9.497371561938978
   1.1480000e+01   -8.073770161938977
   1.1490000e+01   -6.321421561938978
   1.1500000e+01   -4.302343511938978
   1.1510000e+01   -2.090989011938978
   1.1520000e+01   0.25432143806102214
   1.1530000e+01   2.689172088061022
   1.1540000e+01   5.168955388061022
   1.1550000e+01   7.654156638061022
   1.1560000e+01   10.114378238061022
   1.1570000e+01   12.495501388061022
   1.1580000e+01   14.663710738061022
   1.1590000e+01   16.399279788061023
   1.1600000e+01   17.497301268061022
   1.1610000e+01   17.89176859356102
   1.1620000e+01  17.65705610906102
   1.1630000e+01  16.91300470406102
   1.1640000e+01  15.772861929061019
   1.1650000e+01  14.350937179061019
   1.1660000e+01  12.75976027906102
   1.1670000e+01  11.08765132906102
   1.1680000e+01  9.38753102906102
   1.1690000e+01  7.68522657906102
   1.1700000e+01  6.00074527906102
   1.1710000e+01  4.372983729061019
   1.1720000e+01  2.879878479061019
   1.1730000e+01  1.644883579061019
   1.1740000e+01  0.806890749061019
   1.1750000e+01  0.45863031956101896
   1.1760000e+01   0.616858790061019
   1.1770000e+01   1.250704955061019
   1.1780000e+01   2.301842050061019
   1.1790000e+01   3.664641850061019
   1.1800000e+01   5.194031900061019
   1.1810000e+01   6.763268700061019
   1.1820000e+01   8.29095910006102
   1.1830000e+01   9.70884560006102
   1.1840000e+01   10.94694715006102
   1.1850000e+01   11.96954203506102
   1.1860000e+01   12.79239365506102
   1.1870000e+01   13.44037969006102
   1.1880000e+01   13.90883493506102
   1.1890000e+01   14.18470082006102
   1.1900000e+01   14.28681958956102
   1.1910000e+01  14.26668366906102
   1.1920000e+01  14.17930476406102
   1.1930000e+01  14.062857349061021
   1.1940000e+01  13.939355314061022
   1.1950000e+01  13.830820048561021
   1.1960000e+01  13.772982978061021
   1.1970000e+01   13.803571408561021
   1.1980000e+01   13.935932654061022
   1.1990000e+01   14.154132764061021
   1.2000000e+01   14.433522324061022
   1.2010000e+01   14.757118159061022
   1.2020000e+01   15.116356979061022
   1.2030000e+01   15.512503689061022
   1.2040000e+01   15.964743219061022
   1.2050000e+01   16.50793152406102
   1.2060000e+01   17.168684029061023
   1.2070000e+01   17.936869684061023
   1.2080000e+01   18.75948630906102
   1.2090000e+01   19.557849819061023
   1.2100000e+01   20.247859479061024
   1.2110000e+01   20.759367044061023
   1.2120000e+01   21.058371779061023
   1.2130000e+01  21.152062724311023
   1.2140000e+01  21.068502909561023
   1.2150000e+01  20.844020769561023
   1.2160000e+01  20.532036359561022
   1.2170000e+01  20.199139149561024
   1.2180000e+01  19.896156484561025
   1.2190000e+01  19.637830844561027
   1.2200000e+01  19.406268669561026
   1.2210000e+01  19.160060749561026
   1.2220000e+01  18.843736509561026
   1.2230000e+01  18.406406539561026
   1.2240000e+01  17.824506439561027
   1.2250000e+01  17.11531056956103
   1.2260000e+01  16.33473668456103
   1.2270000e+01  15.55633710456103
   1.2280000e+01  14.83856536456103
   1.2290000e+01  14.20694807456103
   1.2300000e+01  13.66623995956103
   1.2310000e+01  13.220762519561031
   1.2320000e+01  12.877894239561032
   1.2330000e+01  12.637575899561032
   1.2340000e+01  12.483976629561031
   1.2350000e+01  12.38576452256103
   1.2360000e+01  12.299590140061031
   1.2370000e+01  12.175749574561031
   1.2380000e+01  11.97453595456103
   1.2390000e+01  11.68815275956103
   1.2400000e+01  11.34121027956103
   1.2410000e+01  10.96281047956103
   1.2420000e+01  10.56395671956103
   1.2430000e+01  10.14280837956103
   1.2440000e+01  9.69986399456103
   1.2450000e+01  9.243669404561029
   1.2460000e+01  8.787059909561028
   1.2470000e+01  8.339181709561029
   1.2480000e+01  7.900534894561028
   1.2490000e+01  7.464470734561028
   1.2500000e+01  7.016669059561028
   1.2510000e+01  6.532077204561029
   1.2520000e+01  5.985376979561028
   1.2530000e+01  5.3738312995610285
   1.2540000e+01  4.724608744561029
   1.2550000e+01  4.0737099445610285
   1.2560000e+01  3.4381472995610283
   1.2570000e+01  2.808044304561028
   1.2580000e+01  2.1613154945610282
   1.2590000e+01  1.4808022995610282
   1.2600000e+01  0.7574471045610282
   1.2610000e+01  -0.014127315438971944
   1.2620000e+01  -0.8371672954389721
   1.2630000e+01  -1.7147386204389723
   1.2640000e+01  -2.650587095438972
   1.2650000e+01  -3.641281925438972
   1.2660000e+01  -4.672623675438972
   1.2670000e+01  -5.736106975438972
   1.2680000e+01  -6.845933975438972
   1.2690000e+01  -8.026141775438973
   1.2700000e+01  -9.276752775438972
   1.2710000e+01  -10.561446475438972
   1.2720000e+01  -11.833979125438972
   1.2730000e+01  -13.066826475438972
   1.2740000e+01  -14.245656125438973
   1.2750000e+01  -15.343433075438973
   1.2760000e+01  -16.305263695438974
   1.2770000e+01  -17.056481485438972
   1.2780000e+01  -17.53911275043897
   1.2790000e+01  -17.75564086193897
   1.2800000e+01   -17.76139241293897
   1.2810000e+01   -17.59644832243897
   1.2820000e+01   -17.23877745243897
   1.2830000e+01   -16.63443394743897
   1.2840000e+01   -15.75516288743897
   1.2850000e+01   -14.61070108743897
   1.2860000e+01   -13.220434737438971
   1.2870000e+01   -11.60786753743897
   1.2880000e+01   -9.82979743743897
   1.2890000e+01   -7.977754037438969
   1.2900000e+01   -6.139841587438969
   1.2910000e+01   -4.385266687438969
   1.2920000e+01   -2.7778620874389697
   1.2930000e+01   -1.3675056874389697
   1.2940000e+01   -0.1640123374389697
   1.2950000e+01   0.8603003275610304
   1.2960000e+01   1.7369982175610303
   1.2970000e+01   2.4745200425610303
   1.2980000e+01   3.06107845756103
   1.2990000e+01   3.48532390756103
   1.3000000e+01   3.74841893256103
   1.3010000e+01   3.8604731685610303
   1.3020000e+01  3.8374513085610302
   1.3030000e+01  3.70845768256103
   1.3040000e+01  3.51970640256103
   1.3050000e+01  3.31904132756103
   1.3060000e+01  3.1277303425610303
   1.3070000e+01  2.9252836775610302
   1.3080000e+01  2.6676210275610304
   1.3090000e+01  2.3263476975610304
   1.3100000e+01  1.9129433625610304
   1.3110000e+01  1.4735042525610305
   1.3120000e+01  1.0691200475610305
   1.3130000e+01  0.7551102525610305
   1.3140000e+01  0.5647467825610305
   1.3150000e+01  0.4994885006110305
   1.3160000e+01   0.5235779076610305
   1.3170000e+01   0.5667803386610305
   1.3180000e+01  0.5399883221610305
   1.3190000e+01  0.3630249136610305
   1.3200000e+01  0.0016216336610305193
   1.3210000e+01  -0.5118845813389695
   1.3220000e+01  -1.1045010163389697
   1.3230000e+01  -1.7077575113389698
   1.3240000e+01  -2.26791804633897
   1.3250000e+01  -2.7245461263389696
   1.3260000e+01  -3.0009289763389697
   1.3270000e+01   -3.0290812563389697
   1.3280000e+01   -2.7911308963389696
   1.3290000e+01   -2.3324392713389694
   1.3300000e+01   -1.7319208813389695
   1.3310000e+01   -1.0655703763389694
   1.3320000e+01   -0.3943546913389695
   1.3330000e+01   0.2269995386610305
   1.3340000e+01   0.7403924986610305
   1.3350000e+01   1.0875971086610305
   1.3360000e+01   1.2198678286610305
   1.3370000e+01  1.1047568436610304
   1.3380000e+01  0.7356734736610304
   1.3390000e+01  0.14514010366103036
   1.3400000e+01  -0.5919436263389696
   1.3410000e+01  -1.3794286763389696
   1.3420000e+01  -2.1391343813389696
   1.3430000e+01  -2.8318794263389697
   1.3440000e+01  -3.4447016463389697
   1.3450000e+01  -3.9772687863389695
   1.3460000e+01  -4.442018306338969
   1.3470000e+01  -4.85284937633897
   1.3480000e+01  -5.19520612633897
   1.3490000e+01  -5.40423564133897
   1.3500000e+01   -5.384925581338971
   1.3510000e+01   -5.0750731313389705
   1.3520000e+01   -4.490316216338971
   1.3530000e+01   -3.6983323663389704
   1.3540000e+01   -2.7651071313389703
   1.3550000e+01   -1.7437889563389704
   1.3560000e+01   -0.6952001563389703
   1.3570000e+01   0.3091572086610297
   1.3580000e+01   1.2057306186610297
   1.3590000e+01   1.9565267736610297
   1.3600000e+01   2.5540764936610296
   1.3610000e+01   3.0066106186610297
   1.3620000e+01   3.3083163086610297
   1.3630000e+01   3.4282853211610296
   1.3640000e+01  3.3405656386610296
   1.3650000e+01  3.0642259686610296
   1.3660000e+01  2.6656697986610296
   1.3670000e+01  2.2163136286610294
   1.3680000e+01  1.7455546036610294
   1.3690000e+01  1.2332805036610295
   1.3700000e+01  0.6427803736610294
   1.3710000e+01  -0.04431238633897072
   1.3720000e+01  -0.8211701913389706
   1.3730000e+01  -1.6706837263389707
   1.3740000e+01  -2.5763795763389705
   1.3750000e+01  -3.5192788113389706
   1.3760000e+01  -4.47229783133897
   1.3770000e+01  -5.402259376338971
   1.3780000e+01  -6.27776407633897
   1.3790000e+01  -7.07676542133897
   1.3800000e+01  -7.79424040133897
   1.3810000e+01  -8.45397366133897
   1.3820000e+01  -9.10891909133897
   1.3830000e+01  -9.81208351133897
   1.3840000e+01  -10.57993541133897
   1.3850000e+01  -11.382969136338971
   1.3860000e+01  -12.166090851338971
   1.3870000e+01  -12.87943045133897
   1.3880000e+01  -13.49691825133897
   1.3890000e+01  -14.01489939633897
   1.3900000e+01  -14.44407063133897
   1.3910000e+01  -14.801686681338971
   1.3920000e+01  -15.103053766338972
   1.3930000e+01  -15.360432196338971
   1.3940000e+01  -15.588267256338971
   1.3950000e+01  -15.801273551338971
   1.3960000e+01  -16.006795306338972
   1.3970000e+01  -16.20372690133897
   1.3980000e+01  -16.38623345633897
   1.3990000e+01  -16.54374889133897
   1.4000000e+01  -16.663138295838973
   1.4010000e+01  -16.738044617838973
   1.4020000e+01  -16.772046460838972
   1.4030000e+01   -16.76872872633897
   1.4040000e+01   -16.72333760533897
   1.4050000e+01   -16.62673454433897
   1.4060000e+01   -16.47183470433897
   1.4070000e+01   -16.25265478933897
   1.4080000e+01   -15.96391746433897
   1.4090000e+01   -15.60921995433897
   1.4100000e+01   -15.20790139433897
   1.4110000e+01   -14.78595759433897
   1.4120000e+01   -14.356255734338971
   1.4130000e+01   -13.91170097433897
   1.4140000e+01   -13.43784259933897
   1.4150000e+01   -12.924947809338969
   1.4160000e+01   -12.368317159338968
   1.4170000e+01   -11.763603144338967
   1.4180000e+01   -11.103547249338968
   1.4190000e+01   -10.381140634338967
   1.4200000e+01   -9.597975209338967
   1.4210000e+01   -8.767421209338968
   1.4220000e+01   -7.914294449338968
   1.4230000e+01   -7.079158959338968
   1.4240000e+01   -6.319333959338968
   1.4250000e+01   -5.700384209338967
   1.4260000e+01   -5.277972759338967
   1.4270000e+01   -5.0671088393389665
   1.4280000e+01  -5.026855036838967
   1.4290000e+01  -5.094133504338967
   1.4300000e+01  -5.230455879338967
   1.4310000e+01  -5.428255429338967
   1.4320000e+01  -5.694858889338967
   1.4330000e+01  -6.045606184338967
   1.4340000e+01  -6.487992444338967
   1.4350000e+01  -6.995208234338967
   1.4360000e+01  -7.510334654338966
   1.4370000e+01  -7.9826400793389665
   1.4380000e+01  -8.389601104338967
   1.4390000e+01  -8.728552419338966
   1.4400000e+01  -9.000601809338965
   1.4410000e+01  -9.203244839338966
   1.4420000e+01  -9.332016622838966
   1.4430000e+01  -9.386200234338965
   1.4440000e+01   -9.372707671838965
   1.4450000e+01   -9.306462822338965
   1.4460000e+01   -9.210420893338965
   1.4470000e+01   -9.114960763838965
   1.4480000e+01   -9.053065443338966
   1.4490000e+01  -9.052754174338967
   1.4500000e+01  -9.131584206338967
   1.4510000e+01  -9.294770636338967
   1.4520000e+01  -9.537542181338967
   1.4530000e+01  -9.852447861338968
   1.4540000e+01  -10.236725351338968
   1.4550000e+01  -10.694845681338968
   1.4560000e+01  -11.236938206338968
   1.4570000e+01  -11.868521211338967
   1.4580000e+01  -12.570000581338967
   1.4590000e+01  -13.284279266338967
   1.4600000e+01  -13.924394931338966
   1.4610000e+01  -14.391161111338967
   1.4620000e+01  -14.604725972338967
   1.4630000e+01   -14.555917603338967
   1.4640000e+01   -14.328192868338967
   1.4650000e+01   -14.040006078338967
   1.4660000e+01   -13.760600963338968
   1.4670000e+01   -13.489778293338968
   1.4680000e+01   -13.195545058338968
   1.4690000e+01   -12.845069108338969
   1.4700000e+01   -12.411347298338969
   1.4710000e+01   -11.875027123338969
   1.4720000e+01   -11.231024563338968
   1.4730000e+01   -10.496522173338969
   1.4740000e+01   -9.708131713338968
   1.4750000e+01   -8.902195583338969
   1.4760000e+01   -8.096402233338969
   1.4770000e+01   -7.295878058338969
   1.4780000e+01   -6.5205376083389694
   1.4790000e+01   -5.821068753338969
   1.4800000e+01   -5.253806788338969
   1.4810000e+01   -4.833363113338969
   1.4820000e+01   -4.518201118338968
   1.4830000e+01   -4.243459368338968
   1.4840000e+01   -3.957476573338968
   1.4850000e+01   -3.633317118338968
   1.4860000e+01   -3.2682720983389677
   1.4870000e+01   -2.8803204533389675
   1.4880000e+01   -2.4948414683389672
   1.4890000e+01   -2.1294086183389673
   1.4900000e+01   -1.7948017333389674
   1.4910000e+01   -1.5082338433389675
   1.4920000e+01   -1.2964113483389674
   1.4930000e+01   -1.1821406713389675
   1.4940000e+01  -1.1733127543389674
   1.4950000e+01  -1.2657392093389674
   1.4960000e+01  -1.4438800143389674
   1.4970000e+01  -1.6718579343389675
   1.4980000e+01  -1.8952754393389675
   1.4990000e+01  -2.0589315993389676
   1.5000000e+01  -2.120165175088968
   1.5010000e+01   -2.057652950838968
   1.5020000e+01   -1.885432395838968
   1.5030000e+01   -1.648480070838968
   1.5040000e+01   -1.386803860838968
   1.5050000e+01   -1.110827445838968
   1.5060000e+01   -0.813703550838968
   1.5070000e+01   -0.48963697083896796
   1.5080000e+01   -0.14046124583896796
   1.5090000e+01   0.22231539416103208
   1.5100000e+01   0.587655654161032
   1.5110000e+01   0.963071124161032
   1.5120000e+01   1.3714727441610322
   1.5130000e+01   1.8275788041610321
   1.5140000e+01   2.328706219161032
   1.5150000e+01   2.865967804161032
   1.5160000e+01   3.427094049161032
   1.5170000e+01   3.9852623441610318
   1.5180000e+01   4.5017045391610315
   1.5190000e+01   4.952143609161031
   1.5200000e+01   5.347507829161032
   1.5210000e+01   5.719722639161032
   1.5220000e+01   6.089440249161032
   1.5230000e+01   6.4573865891610325
   1.5240000e+01   6.819302764161033
   1.5250000e+01   7.1695437141610325
   1.5260000e+01   7.488538114161033
   1.5270000e+01   7.738473914161033
   1.5280000e+01   7.876997011161033
   1.5290000e+01  7.874111415161034
   1.5300000e+01  7.7181154571610335
   1.5310000e+01  7.421772962161033
   1.5320000e+01  7.031438617161033
   1.5330000e+01  6.610266872161033
   1.5340000e+01  6.202902032161034
   1.5350000e+01  5.832011257161033
   1.5360000e+01  5.524615412161033
   1.5370000e+01  5.316133077161033
   1.5380000e+01  5.222528120661033
   1.5390000e+01   5.219373882161033
   1.5400000e+01   5.252648056161033
   1.5410000e+01  5.269007974811033
   1.5420000e+01  5.236787358461033
   1.5430000e+01  5.1474657844610325
   1.5440000e+01  5.016645519461033
   1.5450000e+01  4.891963159461033
   1.5460000e+01   4.845773902961033
   1.5470000e+01   4.945134661461033
   1.5480000e+01   5.2185321164610325
   1.5490000e+01   5.637891386461033
   1.5500000e+01   6.1315214214610325
   1.5510000e+01   6.625981831461033
   1.5520000e+01   7.078523751461033
   1.5530000e+01   7.474905021461033
   1.5540000e+01   7.817867016461033
   1.5550000e+01   8.127823236461033
   1.5560000e+01   8.438290566461033
   1.5570000e+01   8.774525366461033
   1.5580000e+01   9.136183396461032
   1.5590000e+01   9.503758536461032
   1.5600000e+01   9.855180871461032
   1.5610000e+01   10.166399831461032
   1.5620000e+01   10.401011311461032
   1.5630000e+01   10.511892407961032
   1.5640000e+01  10.455258014461032
   1.5650000e+01  10.207808739461033
   1.5660000e+01  9.784351269461032
   1.5670000e+01  9.239835309461032
   1.5680000e+01  8.642934154461033
   1.5690000e+01  8.045537059461033
   1.5700000e+01  7.476546354461033
   1.5710000e+01  6.952169319461033
   1.5720000e+01  6.479970584461033
   1.5730000e+01  6.054561339461033
   1.5740000e+01  5.6637228444610335
   1.5750000e+01  5.308240469461033
   1.5760000e+01  5.009730169461033
   1.5770000e+01  4.794263819461033
   1.5780000e+01  4.671841834961033
   1.5790000e+01  4.630112899561033
   1.5800000e+01   4.642014517661033
   1.5810000e+01   4.678470637661033
   1.5820000e+01   4.717395383161033
   1.5830000e+01   4.744921406161033
   1.5840000e+01  4.750218737061034
   1.5850000e+01  4.722675204461034
   1.5860000e+01  4.659861457461034
   1.5870000e+01  4.575964766461034
   1.5880000e+01  4.4933417374610345
   1.5890000e+01  4.423095119961035
   1.5900000e+01  4.353497766961035
   1.5910000e+01  4.251772561461035
   1.5920000e+01  4.081614731461035
   1.5930000e+01  3.835688656461035
   1.5940000e+01  3.551642576461035
   1.5950000e+01  3.282555976461035
   1.5960000e+01  3.052715831461035
   1.5970000e+01  2.846843656461035
   1.5980000e+01  2.628944336461035
   1.5990000e+01  2.357512736461035
   1.6000000e+01  1.988189446461035
   1.6010000e+01  1.4828642664610352
   1.6020000e+01  0.8328984414610352
   1.6030000e+01  0.07156838646103525
   1.6040000e+01  -0.7441578685389648
   1.6050000e+01  -1.5621862285389647
   1.6060000e+01  -2.344412298538965
   1.6070000e+01  -3.058792458538965
   1.6080000e+01  -3.675870673538965
   1.6090000e+01  -4.172664803538964
   1.6100000e+01  -4.532172753538965
   1.6110000e+01  -4.7468952235389645
   1.6120000e+01  -4.839422718038964
   1.6130000e+01  -4.876778876038964
   1.6140000e+01  -4.948763824538964
   1.6150000e+01  -5.1228974295389635
   1.6160000e+01  -5.414447699538964
   1.6170000e+01  -5.7970455495389634
   1.6180000e+01  -6.239637504538964
   1.6190000e+01  -6.723539469538964
   1.6200000e+01  -7.226881774538964
   1.6210000e+01  -7.714424669538964
   1.6220000e+01  -8.149326069538963
   1.6230000e+01  -8.504115689538963
   1.6240000e+01  -8.761425909538964
   1.6250000e+01  -8.915444569538964
   1.6260000e+01  -8.976983924538965
   1.6270000e+01   -8.976831791038965
   1.6280000e+01   -8.961784670988965
   1.6290000e+01  -8.977506935938965
   1.6300000e+01  -9.046522753938966
   1.6310000e+01  -9.163107280438966
   1.6320000e+01  -9.306084795438966
   1.6330000e+01  -9.447722950438967
   1.6340000e+01  -9.552109583438968
   1.6350000e+01   -9.575794947438968
   1.6360000e+01   -9.476037728438968
   1.6370000e+01   -9.223299658438968
   1.6380000e+01   -8.812979598438968
   1.6390000e+01   -8.263289858438968
   1.6400000e+01   -7.599076578438968
   1.6410000e+01   -6.845161268438968
   1.6420000e+01   -6.032815063438968
   1.6430000e+01   -5.199548253438968
   1.6440000e+01   -4.381560503438967
   1.6450000e+01   -3.6078179984389673
   1.6460000e+01   -2.8935559484389675
   1.6470000e+01   -2.2371317184389676
   1.6480000e+01   -1.6282081684389675
   1.6490000e+01   -1.0597206934389676
   1.6500000e+01   -0.5299340134389676
   1.6510000e+01   -0.035068393438967616
   1.6520000e+01   0.4317128865610324
   1.6530000e+01   0.8669985565610323
   1.6540000e+01   1.2482625065610322
   1.6550000e+01   1.5466736165610322
   1.6560000e+01   1.7469910715610322
   1.6570000e+01   1.8551550960610321
   1.6580000e+01   1.8939630925610322
   1.6590000e+01  1.8907540895610322
   1.6600000e+01  1.8620864600610323
   1.6610000e+01  1.8092368970610322
   1.6620000e+01  1.7273530895610323
   1.6630000e+01  1.6131503705610324
   1.6640000e+01  1.4654159505610325
   1.6650000e+01  1.2854444555610325
   1.6660000e+01  1.0786617955610325
   1.6670000e+01  0.8560943305610325
   1.6680000e+01  0.6336667755610325
   1.6690000e+01  0.42463691556103245
   1.6700000e+01  0.22906220056103246
   1.6710000e+01  0.030760805561032445
   1.6720000e+01  -0.19190096943896753
   1.6730000e+01  -0.4474547444389675
   1.6740000e+01  -0.7238644694389675
   1.6750000e+01  -0.9962246144389675
   1.6760000e+01  -1.2327663244389675
   1.6770000e+01  -1.3980172094389676
   1.6780000e+01  -1.4681331569389675
   1.6790000e+01   -1.4513465844389675
   1.6800000e+01   -1.3855567439389675
   1.6810000e+01   -1.3089839189389676
   1.6820000e+01   -1.2355386349389677
   1.6830000e+01   -1.1566912689389677
   1.6840000e+01   -1.0581081624389677
   1.6850000e+01   -0.9329808074389676
   1.6860000e+01   -0.7869841374389677
   1.6870000e+01   -0.6391905874389676
   1.6880000e+01   -0.5213584954389676
   1.6890000e+01   -0.4678462079389676
   1.6900000e+01  -0.49317183643896756
   1.6910000e+01  -0.5766169204389675
   1.6920000e+01  -0.6748219029389675
   1.6930000e+01  -0.7506727914389675
   1.6940000e+01  -0.7879566429389675
   1.6950000e+01   -0.7854929699389674
   1.6960000e+01   -0.7466587409389674
   1.6970000e+01   -0.6747347079389674
   1.6980000e+01   -0.5804651004389674
   1.6990000e+01   -0.4952295424389674
   1.7000000e+01  -0.4627647446389674
   1.7010000e+01  -0.5080339158389674
   1.7020000e+01  -0.6176146618389674
   1.7030000e+01  -0.7478043618389674
   1.7040000e+01  -0.8463327698389673
   1.7050000e+01   -0.8719837413389673
   1.7060000e+01   -0.8087822498389673
   1.7070000e+01   -0.6746123248389673
   1.7080000e+01   -0.5145143748389672
   1.7090000e+01   -0.3805736998389672
   1.7100000e+01   -0.31969736983896724
   1.7110000e+01  -0.3671944948389672
   1.7120000e+01  -0.5272097848389672
   1.7130000e+01  -0.7588821048389671
   1.7140000e+01  -0.9996254998389671
   1.7150000e+01  -1.2028102948389672
   1.7160000e+01  -1.347961274838967
   1.7170000e+01  -1.4338996318389672
   1.7180000e+01  -1.4794285683389672
   1.7190000e+01  -1.5173401148389671
   1.7200000e+01  -1.5716746353389672
   1.7210000e+01  -1.6415571243389673
   1.7220000e+01  -1.7067146688389672
   1.7230000e+01  -1.7392529587389671
   1.7240000e+01   -1.7058751941389672
   1.7250000e+01   -1.5676157436389673
   1.7260000e+01   -1.2904322236389674
   1.7270000e+01   -0.8648690536389674
   1.7280000e+01   -0.3174799336389674
   1.7290000e+01   0.2994546063610326
   1.7300000e+01   0.9303618113610327
   1.7310000e+01   1.5338589913610328
   1.7320000e+01   2.090598536361033
   1.7330000e+01   2.603313301361033
   1.7340000e+01   3.094100681361033
   1.7350000e+01   3.597638566361033
   1.7360000e+01   4.141734916361033
   1.7370000e+01   4.7287651113610325
   1.7380000e+01   5.340878781361033
   1.7390000e+01   5.958553716361033
   1.7400000e+01   6.568309126361033
   1.7410000e+01   7.158318436361033
   1.7420000e+01   7.714012126361033
   1.7430000e+01   8.221449741361033
   1.7440000e+01   8.674571041361032
   1.7450000e+01   9.072982691361032
   1.7460000e+01   9.409852581361031
   1.7470000e+01   9.66662301136103
   1.7480000e+01   9.822529941361031
   1.7490000e+01  9.871891837061032
   1.7500000e+01  9.837662604761032
   1.7510000e+01  9.765154373261032
   1.7520000e+01  9.692902229761032
   1.7530000e+01  9.630332977261032
   1.7540000e+01  9.565249104761032
   1.7550000e+01  9.482215481761031
   1.7560000e+01  9.37067145876103
   1.7570000e+01  9.229361513761031
   1.7580000e+01  9.072602663761032
   1.7590000e+01  8.927014623761032
   1.7600000e+01  8.817001656261032
   1.7610000e+01  8.757136443261032
   1.7620000e+01   8.756509843761032
   1.7630000e+01   8.818338297261032
   1.7640000e+01   8.931536874761033
   1.7650000e+01   9.069370074761032
   1.7660000e+01   9.198671984761033
   1.7670000e+01   9.285666549761032
   1.7680000e+01  9.295321537261032
   1.7690000e+01  9.20149380976103
   1.7700000e+01  9.006564689761031
   1.7710000e+01  8.741806264761031
   1.7720000e+01  8.441141804761031
   1.7730000e+01  8.11587576476103
   1.7740000e+01  7.754342054761031
   1.7750000e+01  7.341970874761031
   1.7760000e+01  6.881960729761031
   1.7770000e+01  6.4011225397610305
   1.7780000e+01  5.93774536976103
   1.7790000e+01  5.5284207147610305
   1.7800000e+01  5.21042598976103
   1.7810000e+01  5.02387933976103
   1.7820000e+01   4.99337139776103
   1.7830000e+01   5.10689388076103
   1.7840000e+01   5.3215091107610295
   1.7850000e+01   5.58994025576103
   1.7860000e+01   5.87966470076103
   1.7870000e+01   6.17085626576103
   1.7880000e+01   6.44345951076103
   1.7890000e+01   6.67350909076103
   1.7900000e+01   6.83951411076103
   1.7910000e+01   6.92350392676103
   1.7920000e+01  6.91359656326103
   1.7930000e+01  6.81688199876103
   1.7940000e+01  6.65790067376103
   1.7950000e+01  6.4570409337610295
   1.7960000e+01  6.224318153761029
   1.7970000e+01  5.972672308761029
   1.7980000e+01  5.720312258761029
   1.7990000e+01  5.4798124537610295
   1.8000000e+01  5.25128863876103
   1.8010000e+01  5.023837843761029
   1.8020000e+01  4.782559768761029
   1.8030000e+01  4.515990878761029
   1.8040000e+01  4.217284588761029
   1.8050000e+01  3.8835747537610286
   1.8060000e+01  3.5212615487610286
   1.8070000e+01  3.147579578761029
   1.8080000e+01  2.779096428761029
   1.8090000e+01  2.420924523761029
   1.8100000e+01  2.0687923987610293
   1.8110000e+01  1.7144104937610292
   1.8120000e+01  1.3465460687610291
   1.8130000e+01  0.9554081037610291
   1.8140000e+01  0.5402971737610291
   1.8150000e+01  0.10830358376102911
   1.8160000e+01  -0.33491499623897086
   1.8170000e+01  -0.789561426238971
   1.8180000e+01  -1.258772891238971
   1.8190000e+01  -1.744225761238971
   1.8200000e+01  -2.243975276238971
   1.8210000e+01  -2.754489731238971
   1.8220000e+01  -3.2778818262389713
   1.8230000e+01  -3.8253442012389716
   1.8240000e+01  -4.404951936238971
   1.8250000e+01  -5.007792991238971
   1.8260000e+01  -5.609687051238971
   1.8270000e+01  -6.170110711238971
   1.8280000e+01  -6.627247526238971
   1.8290000e+01  -6.926554861238971
   1.8300000e+01  -7.065729005738971
   1.8310000e+01   -7.093648488238971
   1.8320000e+01   -7.070218476238971
   1.8330000e+01   -7.040449308238971
   1.8340000e+01  -7.029555943538971
   1.8350000e+01  -7.040301815838971
   1.8360000e+01  -7.055929620338971
   1.8370000e+01   -7.056080104338971
   1.8380000e+01   -7.035979220338971
   1.8390000e+01   -7.013235394338971
   1.8400000e+01  -7.018689528338971
   1.8410000e+01  -7.079266472338971
   1.8420000e+01  -7.203268278838971
   1.8430000e+01  -7.380912673838971
   1.8440000e+01  -7.5993231488389705
   1.8450000e+01  -7.85029165883897
   1.8460000e+01  -8.124666428838971
   1.8470000e+01  -8.409785858838971
   1.8480000e+01  -8.693702038838971
   1.8490000e+01  -8.96855988383897
   1.8500000e+01  -9.231819728838971
   1.8510000e+01  -9.48478414883897
   1.8520000e+01  -9.728524958838971
   1.8530000e+01  -9.96068462883897
   1.8540000e+01  -10.17411817883897
   1.8550000e+01  -10.35802564883897
   1.8560000e+01  -10.503176463838969
   1.8570000e+01  -10.608142986838969
   1.8580000e+01  -10.681127201338969
   1.8590000e+01  -10.73551886383897
   1.8600000e+01  -10.78362472883897
   1.8610000e+01  -10.833571339338969
   1.8620000e+01  -10.887152085838968
   1.8630000e+01  -10.937848741338968
   1.8640000e+01  -10.971765101838967
   1.8650000e+01   -10.968460663338966
   1.8660000e+01   -10.902886814838967
   1.8670000e+01   -10.754686459838966
   1.8680000e+01   -10.519006419838966
   1.8690000e+01   -10.209720444838966
   1.8700000e+01   -9.854446389838966
   1.8710000e+01   -9.483419524838967
   1.8720000e+01   -9.122409714838966
   1.8730000e+01   -8.797704534838966
   1.8740000e+01   -8.537850834838965
   1.8750000e+01   -8.359759509838964
   1.8760000e+01   -8.257186318838965
   1.8770000e+01   -8.209199019838964
   1.8780000e+01  -8.196668522388965
   1.8790000e+01  -8.207049363938966
   1.8800000e+01  -8.227091985938966
   1.8810000e+01   -8.237240930058965
   1.8820000e+01   -8.214778733178965
   1.8830000e+01   -8.139099518178966
   1.8840000e+01   -7.995152193178966
   1.8850000e+01   -7.780550278178966
   1.8860000e+01   -7.513007273178966
   1.8870000e+01   -7.225865213178966
   1.8880000e+01   -6.953763238178966
   1.8890000e+01   -6.721930843178966
   1.8900000e+01   -6.541215103178966
   1.8910000e+01   -6.405277778178966
   1.8920000e+01   -6.297143670678966
   1.8930000e+01   -6.204929372678966
   1.8940000e+01   -6.128186828678966
   1.8950000e+01   -6.070639869678966
   1.8960000e+01   -6.035167816678966
   1.8970000e+01  -6.024025148128966
   1.8980000e+01  -6.037736158578966
   1.8990000e+01  -6.074914365578966
   1.9000000e+01  -6.1336254605789655
   1.9010000e+01  -6.209139884078965
   1.9020000e+01  -6.289753675078965
   1.9030000e+01  -6.357605313578965
   1.9040000e+01  -6.392113138078965
   1.9050000e+01   -6.3692959885789655
   1.9060000e+01   -6.264628986078965
   1.9070000e+01   -6.067155546078965
   1.9080000e+01   -5.789515761078965
   1.9090000e+01   -5.460392086078965
   1.9100000e+01   -5.109688081078965
   1.9110000e+01   -4.759205011078965
   1.9120000e+01   -4.420475956078965
   1.9130000e+01   -4.095263466078965
   1.9140000e+01   -3.775518216078965
   1.9150000e+01   -3.446680921078965
   1.9160000e+01   -3.095420696078965
   1.9170000e+01   -2.714005611078965
   1.9180000e+01   -2.299535231078965
   1.9190000e+01   -1.853455921078965
   1.9200000e+01   -1.377912796078965
   1.9210000e+01   -0.868544811078965
   1.9220000e+01   -0.31693053107896496
   1.9230000e+01   0.279077233921035
   1.9240000e+01   0.913698668921035
   1.9250000e+01   1.5782139689210348
   1.9260000e+01   2.261652668921035
   1.9270000e+01   2.9496597289210347
   1.9280000e+01   3.6259340539210347
   1.9290000e+01   4.2762094839210345
   1.9300000e+01   4.892274363921034
   1.9310000e+01   5.4679079389210345
   1.9320000e+01   5.9886567089210345
   1.9330000e+01   6.431654993921034
   1.9340000e+01   6.776975398921034
   1.9350000e+01   7.017822818921034
   1.9360000e+01   7.166950653921034
   1.9370000e+01   7.2568280864210335
   1.9380000e+01   7.327365617921034
   1.9390000e+01   7.410250669921034
   1.9400000e+01   7.522484617921034
   1.9410000e+01   7.667044147921034
   1.9420000e+01   7.837317812921034
   1.9430000e+01   8.024833187921034
   1.9440000e+01   8.222848177921035
   1.9450000e+01   8.425144487921035
   1.9460000e+01   8.629069052921034
   1.9470000e+01   8.840330177921034
   1.9480000e+01   9.072105927921035
   1.9490000e+01   9.340108177921035
   1.9500000e+01   9.657179772921035
   1.9510000e+01   10.030820162921035
   1.9520000e+01   10.461865687921035
   1.9530000e+01   10.937881697921036
   1.9540000e+01   11.428024022921036
   1.9550000e+01   11.890406282921036
   1.9560000e+01   12.286787307921037
   1.9570000e+01   12.593984682921036
   1.9580000e+01   12.806665667921036
   1.9590000e+01   12.930347267921036
   1.9600000e+01   12.971342520526036
   1.9610000e+01  12.932201036631037
   1.9620000e+01  12.814267720131037
   1.9630000e+01  12.624163340131037
   1.9640000e+01  12.378565830131038
   1.9650000e+01  12.102434280131037
   1.9660000e+01  11.819504575131036
   1.9670000e+01  11.539775270131036
   1.9680000e+01  11.255336165131036
   1.9690000e+01  10.949928800131035
   1.9700000e+01  10.614108550131036
   1.9710000e+01  10.255929735131035
   1.9720000e+01  9.899734730131035
   1.9730000e+01  9.570940865131035
   1.9740000e+01  9.280982160131035
   1.9750000e+01  9.026637170131036
   1.9760000e+01  8.796393135131035
   1.9770000e+01  8.576139590131035
   1.9780000e+01  8.357233080131035
   1.9790000e+01  8.140820720131035
   1.9800000e+01  7.933450455131036
   1.9810000e+01  7.742298545131035
   1.9820000e+01  7.571120820131036
   1.9830000e+01  7.414856745131035
   1.9840000e+01  7.263326895131035
   1.9850000e+01  7.114424215131035
   1.9860000e+01  6.978747910131036
   1.9870000e+01  6.870692731131036
   1.9880000e+01  6.8020578511310354
   1.9890000e+01   6.784709288131036
   1.9900000e+01   6.828518844631036
   1.9910000e+01   6.932530208131036
   1.9920000e+01   7.087048963131036
   1.9930000e+01   7.284656268131036
   1.9940000e+01   7.518336208131036
   1.9950000e+01   7.7693889631310356
   1.9960000e+01   8.008920613131036
   1.9970000e+01   8.214104378131035
   1.9980000e+01   8.374450468131034
   1.9990000e+01   8.479792439631034
   2.0000000e+01  8.515023346731034
   2.0010000e+01  8.476438413331035
   2.0020000e+01  8.383545064331035
   2.0030000e+01  8.263998684331035
   2.0040000e+01  8.133685164331036
   2.0050000e+01  7.9989602843310355
   2.0060000e+01  7.871005634331035
   2.0070000e+01  7.768926687331035
   2.0080000e+01  7.708244705831035
   2.0090000e+01  7.689051061091035
   2.0100000e+01   7.697930007351036
   2.0110000e+01   7.7195382028510355
   2.0120000e+01   7.739791244851036
   2.0130000e+01  7.740437206851036
   2.0140000e+01  7.700549524851036
   2.0150000e+01  7.602753073851036
   2.0160000e+01  7.436034128851036
   2.0170000e+01  7.2004778438510355
   2.0180000e+01  6.908056378851035
   2.0190000e+01  6.569869683851035
   2.0200000e+01  6.1875531238510355
   2.0210000e+01  5.762974068851036
   2.0220000e+01  5.308025553851036
   2.0230000e+01  4.840269008851036
   2.0240000e+01  4.376619493851035
   2.0250000e+01  3.9345646338510356
   2.0260000e+01  3.5312546438510357
   2.0270000e+01  3.1726827838510356
   2.0280000e+01  2.8451280338510356
   2.0290000e+01  2.5249912838510356
   2.0300000e+01  2.1961460538510353
   2.0310000e+01  1.8524238288510353
   2.0320000e+01  1.4906411738510355
   2.0330000e+01  1.1094354388510355
   2.0340000e+01  0.7100901388510354
   2.0350000e+01  0.29477443885103544
   2.0360000e+01  -0.13107413114896455
   2.0370000e+01  -0.5522318111489646
   2.0380000e+01  -0.9460370161489646
   2.0390000e+01  -1.2957680411489645
   2.0400000e+01  -1.5978035061489644
   2.0410000e+01  -1.8555934211489644
   2.0420000e+01  -2.0696834411489644
   2.0430000e+01  -2.2307938111489642
   2.0440000e+01  -2.3227544536489644
   2.0450000e+01   -2.3363844696489644
   2.0460000e+01   -2.2791030136489643
   2.0470000e+01   -2.1672259591489644
   2.0480000e+01   -2.0136252441489644
   2.0490000e+01   -1.8318035141489644
   2.0500000e+01   -1.6462049891489643
   2.0510000e+01   -1.4837693391489644
   2.0520000e+01   -1.3555167891489643
   2.0530000e+01   -1.2542311326489644
   2.0540000e+01   -1.1668255326489643
   2.0550000e+01   -1.0840060086489642
   2.0560000e+01   -1.0028484566489642
   2.0570000e+01   -0.9266369746489641
   2.0580000e+01   -0.8638814911489641
   2.0590000e+01   -0.8257062396489641
   2.0600000e+01  -0.822598770648964
   2.0610000e+01  -0.863630914648964
   2.0620000e+01  -0.955452099148964
   2.0630000e+01  -1.097303689148964
   2.0640000e+01  -1.278079809148964
   2.0650000e+01  -1.481667054148964
   2.0660000e+01  -1.696715004148964
   2.0670000e+01  -1.9210800841489641
   2.0680000e+01  -2.154751419148964
   2.0690000e+01  -2.3907721791489642
   2.0700000e+01  -2.6177576591489644
   2.0710000e+01  -2.8266459741489642
   2.0720000e+01  -3.012374534148964
   2.0730000e+01  -3.177388244148964
   2.0740000e+01  -3.332411484148964
   2.0750000e+01  -3.484878319148964
   2.0760000e+01  -3.629044764148964
   2.0770000e+01  -3.750601089148964
   2.0780000e+01  -3.8375876876489636
   2.0790000e+01  -3.8866039811489634
   2.0800000e+01   -3.8993612273989635
   2.0810000e+01   -3.8766849246489636
   2.0820000e+01   -3.8215777916489637
   2.0830000e+01   -3.741582120648964
   2.0840000e+01   -3.6397735136489637
   2.0850000e+01   -3.510595998648964
   2.0860000e+01   -3.350209498648964
   2.0870000e+01   -3.1662070986489637
   2.0880000e+01   -2.9751197536489635
   2.0890000e+01   -2.7907412136489635
   2.0900000e+01   -2.6124680086489636
   2.0910000e+01   -2.4253098536489635
   2.0920000e+01   -2.2139720536489635
   2.0930000e+01   -1.9754449686489635
   2.0940000e+01   -1.7203093286489635
   2.0950000e+01   -1.4712424686489634
   2.0960000e+01   -1.2599667036489635
   2.0970000e+01   -1.1163973786489634
   2.0980000e+01   -1.0562485396489634
   2.0990000e+01  -1.0744831726489634
   2.1000000e+01  -1.1444250191489633
   2.1010000e+01  -1.2263760406489634
   2.1020000e+01  -1.2849483966489634
   2.1030000e+01   -1.3001435413989635
   2.1040000e+01   -1.2657095941489636
   2.1050000e+01   -1.1865781871489636
   2.1060000e+01   -1.0795051731489635
   2.1070000e+01   -0.9663715681489635
   2.1080000e+01   -0.8617062511489635
   2.1090000e+01   -0.7689571766489635
   2.1100000e+01   -0.6843739736489635
   2.1110000e+01   -0.5975586416489634
   2.1120000e+01   -0.4926924001489634
   2.1130000e+01   -0.3575542251489634
   2.1140000e+01   -0.19021256514896337
   2.1150000e+01   0.007868634851036671
   2.1160000e+01   0.2389334198510367
   2.1170000e+01   0.4998701348510367
   2.1180000e+01   0.7720859998510368
   2.1190000e+01   1.0290210398510369
   2.1200000e+01   1.2492495398510368
   2.1210000e+01   1.417501899851037
   2.1220000e+01   1.5194630493510368
   2.1230000e+01  1.548175594551037
   2.1240000e+01  1.519581013251037
   2.1250000e+01  1.470485617251037
   2.1260000e+01  1.433271981751037
   2.1270000e+01  1.419442604301037
   2.1280000e+01   1.429256031851037
   2.1290000e+01   1.465554585851037
   2.1300000e+01   1.533080397351037
   2.1310000e+01   1.631251543351037
   2.1320000e+01   1.751918523351037
   2.1330000e+01   1.879498338351037
   2.1340000e+01   1.9881977968510371
   2.1350000e+01   2.041564240851037
   2.1360000e+01  2.003483059851037
   2.1370000e+01  1.8586445533510372
   2.1380000e+01  1.6206574233510371
   2.1390000e+01  1.3136901883510372
   2.1400000e+01  0.9548111933510373
   2.1410000e+01  0.5601521933510372
   2.1420000e+01  0.15082008335103714
   2.1430000e+01  -0.2577363216489629
   2.1440000e+01  -0.6597047316489628
   2.1450000e+01  -1.0468714166489628
   2.1460000e+01  -1.4029025316489627
   2.1470000e+01  -1.7135911866489628
   2.1480000e+01  -1.9770532116489627
   2.1490000e+01  -2.201273501648963
   2.1500000e+01  -2.394968121648963
   2.1510000e+01  -2.563312541648963
   2.1520000e+01  -2.708677731648963
   2.1530000e+01  -2.832176301648963
   2.1540000e+01  -2.936894333148963
   2.1550000e+01  -3.0263904686489633
   2.1560000e+01  -3.0933481901489635
   2.1570000e+01   -3.1136451416489637
   2.1580000e+01   -3.0577656106489637
   2.1590000e+01   -2.9079199906489634
   2.1600000e+01   -2.6683456656489635
   2.1610000e+01   -2.3665336506489636
   2.1620000e+01   -2.0416076806489634
   2.1630000e+01   -1.7251392006489634
   2.1640000e+01   -1.4345370556489634
   2.1650000e+01   -1.1797479006489633
   2.1660000e+01   -0.9641789606489632
   2.1670000e+01   -0.7859681706489633
   2.1680000e+01   -0.6514165606489632
   2.1690000e+01   -0.5773261161489632
   2.1700000e+01  -0.5720336051489632
   2.1710000e+01  -0.6259023521489632
   2.1720000e+01  -0.7217173856489632
   2.1730000e+01  -0.8431950006489631
   2.1740000e+01  -0.9761672006489631
   2.1750000e+01  -1.1088576006489632
   2.1760000e+01  -1.2289751606489632
   2.1770000e+01  -1.3234587181489632
   2.1780000e+01  -1.3868538291489632
   2.1790000e+01  -1.4239176266489633
   2.1800000e+01  -1.4386833988489633
   2.1810000e+01   -1.4270976000489632
   2.1820000e+01   -1.3835343380489633
   2.1830000e+01   -1.3112414440489633
   2.1840000e+01   -1.2271224745489633
   2.1850000e+01   -1.1558239530489633
   2.1860000e+01   -1.1136611540489634
   2.1870000e+01   -1.0976877189989633
   2.1880000e+01   -1.0918035194989633
   2.1890000e+01   -1.0795213115489632
   2.1900000e+01   -1.0507149525489632
   2.1910000e+01   -1.0028071710489632
   2.1920000e+01   -0.9378941745489632
   2.1930000e+01   -0.8586527390489632
   2.1940000e+01   -0.7696631785489633
   2.1950000e+01   -0.6789720060489632
   2.1960000e+01   -0.5922456280489632
   2.1970000e+01   -0.5087891255489632
   2.1980000e+01   -0.42630241254896317
   2.1990000e+01   -0.34511936204896315
   2.2000000e+01   -0.2664963005489631
   2.2010000e+01   -0.1903326540489631
   2.2020000e+01   -0.1157106025489631
   2.2030000e+01   -0.043049838048963104
   2.2040000e+01   0.022994409451036896
   2.2050000e+01   0.07281342945103689
   2.2060000e+01   0.09805015395103689
   2.2070000e+01  0.0993046509510369
   2.2080000e+01  0.0815444904510369
   2.2090000e+01  0.0404994379510369
   2.2100000e+01  -0.03804528504896311
   2.2110000e+01  -0.16169343004896314
   2.2120000e+01  -0.3214024050489631
   2.2130000e+01  -0.5009651950489631
   2.2140000e+01  -0.687012690048963
   2.2150000e+01  -0.8637998700489631
   2.2160000e+01  -1.007211305048963
   2.2170000e+01  -1.092576497048963
   2.2180000e+01   -1.105499016048963
   2.2190000e+01   -1.044560414048963
   2.2200000e+01   -0.919074225048963
   2.2210000e+01   -0.7415660150489629
   2.2220000e+01   -0.5177891150489629
   2.2230000e+01   -0.24807156004896286
   2.2240000e+01   0.0611624299510371
   2.2250000e+01   0.3933402799510371
   2.2260000e+01   0.7299163199510371
   2.2270000e+01   1.0594601799510373
   2.2280000e+01   1.3791601199510373
   2.2290000e+01   1.6902097749510372
   2.2300000e+01   1.9932895799510373
   2.2310000e+01   2.288577284951037
   2.2320000e+01   2.578793419951037
   2.2330000e+01   2.868654674951037
   2.2340000e+01   3.158710289951037
   2.2350000e+01   3.443159084951037
   2.2360000e+01   3.716954844951037
   2.2370000e+01   3.980867849951037
   2.2380000e+01   4.237197509951037
   2.2390000e+01   4.484156089951037
   2.2400000e+01   4.714632959951038
   2.2410000e+01   4.918016094951038
   2.2420000e+01   5.083584089951038
   2.2430000e+01   5.203065014951038
   2.2440000e+01   5.273600916451038
   2.2450000e+01   5.3028933014510375
   2.2460000e+01  5.3083436044510375
   2.2470000e+01  5.307334970571038
   2.2480000e+01   5.3119244918410375
   2.2490000e+01   5.332625677991038
   2.2500000e+01   5.3803752604910375
   2.2510000e+01   5.462615691491037
   2.2520000e+01   5.577354016491038
   2.2530000e+01   5.710926956491037
   2.2540000e+01   5.846236626491037
   2.2550000e+01   5.973134626491037
   2.2560000e+01   6.087274831491037
   2.2570000e+01   6.185198385491037
   2.2580000e+01   6.265074258491037
   2.2590000e+01   6.324126193491037
   2.2600000e+01   6.352485342191037
   2.2610000e+01  6.338399781391037
   2.2620000e+01  6.279542558891037
   2.2630000e+01  6.179045799891036
   2.2640000e+01  6.032826999891037
   2.2650000e+01  5.8321391748910365
   2.2660000e+01  5.575516204891036
   2.2670000e+01  5.2697277448910365
   2.2680000e+01  4.923745569891036
   2.2690000e+01  4.546365864891036
   2.2700000e+01  4.145658609891036
   2.2710000e+01  3.7309635548910363
   2.2720000e+01  3.315375214891036
   2.2730000e+01  2.909504184891036
   2.2740000e+01  2.512649179891036
   2.2750000e+01  2.115129814891036
   2.2760000e+01  1.7087007398910359
   2.2770000e+01  1.292503414891036
   2.2780000e+01  0.8694460848910359
   2.2790000e+01  0.44101349489103586
   2.2800000e+01  0.009117189891035882
   2.2810000e+01  -0.4200858651089641
   2.2820000e+01  -0.8374577651089641
   2.2830000e+01  -1.2361989051089641
   2.2840000e+01  -1.616563520108964
   2.2850000e+01  -1.9838770251089641
   2.2860000e+01  -2.3412261301089643
   2.2870000e+01  -2.6859830501089643
   2.2880000e+01  -3.0115307901089645
   2.2890000e+01  -3.3106229451089644
   2.2900000e+01  -3.579833075108964
   2.2910000e+01  -3.8192729951089643
   2.2920000e+01  -4.026520840108964
   2.2930000e+01  -4.199260445108965
   2.2940000e+01  -4.346955720108965
   2.2950000e+01  -4.490168720108965
   2.2960000e+01  -4.644720265108965
   2.2970000e+01  -4.810076610108966
   2.2980000e+01  -4.971370200108965
   2.2990000e+01  -5.109406485108965
   2.3000000e+01  -5.208567333608966
   2.3010000e+01  -5.256290141608965
   2.3020000e+01   -5.241145260608965
   2.3030000e+01   -5.160697810108965
   2.3040000e+01   -5.028973280108965
   2.3050000e+01   -4.865988705108965
   2.3060000e+01   -4.682230990108965
   2.3070000e+01   -4.480401245108965
   2.3080000e+01   -4.266900610108965
   2.3090000e+01   -4.0523972701089646
   2.3100000e+01   -3.8405301951089648
   2.3110000e+01   -3.624943810108965
   2.3120000e+01   -3.404708915108965
   2.3130000e+01   -3.1945878751089647
   2.3140000e+01   -3.009271590108965
   2.3150000e+01   -2.844458335108965
   2.3160000e+01   -2.682899595108965
   2.3170000e+01   -2.5123448351089652
   2.3180000e+01   -2.3327810951089654
   2.3190000e+01   -2.152834005108965
   2.3200000e+01   -1.9815365201089652
   2.3210000e+01   -1.8240837951089652
   2.3220000e+01   -1.6887483351089652
   2.3230000e+01   -1.590630462108965
   2.3240000e+01   -1.538603668608965
   2.3250000e+01  -1.5245742975639651
   2.3260000e+01  -1.533941693018965
   2.3270000e+01  -1.5597933955189651
   2.3280000e+01  -1.6011412095189652
   2.3290000e+01  -1.6566268535189652
   2.3300000e+01  -1.7263274075189652
   2.3310000e+01  -1.8120366210189651
   2.3320000e+01  -1.9106092570189652
   2.3330000e+01  -2.0119266890189653
   2.3340000e+01  -2.105882495018965
   2.3350000e+01  -2.188825181018965
   2.3360000e+01  -2.2647006080189653
   2.3370000e+01  -2.342782431018965
   2.3380000e+01  -2.431822723018965
   2.3390000e+01  -2.5342033570189653
   2.3400000e+01  -2.6466722570189654
   2.3410000e+01  -2.764930137018965
   2.3420000e+01  -2.884444672018965
   2.3430000e+01  -2.9995730770189653
   2.3440000e+01  -3.1065198820189655
   2.3450000e+01  -3.2060413840189654
   2.3460000e+01  -3.3020661115189656
   2.3470000e+01  -3.3995879900189654
   2.3480000e+01  -3.5014495980189655
   2.3490000e+01  -3.6041542280189653
   2.3500000e+01  -3.699682480018965
   2.3510000e+01  -3.7804931195189653
   2.3520000e+01  -3.8373578115189653
   2.3530000e+01   -3.8556668500189653
   2.3540000e+01   -3.8211418290189654
   2.3550000e+01   -3.7301662990189652
   2.3560000e+01   -3.5945307440189653
   2.3570000e+01   -3.435152439018965
   2.3580000e+01   -3.268224899018965
   2.3590000e+01   -3.098968244018965
   2.3600000e+01   -2.927726484018965
   2.3610000e+01   -2.756021444018965
   2.3620000e+01   -2.589163989018965
   2.3630000e+01   -2.437917219018965
   2.3640000e+01   -2.314773144018965
   2.3650000e+01   -2.227465750518965
   2.3660000e+01   -2.176519550518965
   2.3670000e+01   -2.155604722418965
   2.3680000e+01  -2.153960225668965
   2.3690000e+01  -2.162246763518965
   2.3700000e+01  -2.176373369018965
   2.3710000e+01  -2.194103639018965
   2.3720000e+01  -2.211278688018965
   2.3730000e+01  -2.224072610018965
   2.3740000e+01  -2.230282235368965
   2.3750000e+01   -2.226829598368965
   2.3760000e+01   -2.211312454518965
   2.3770000e+01   -2.185043460018965
   2.3780000e+01   -2.150742744518965
   2.3790000e+01   -2.111047111018965
   2.3800000e+01   -2.070647497518965
   2.3810000e+01   -2.0363426760189647
   2.3820000e+01   -2.0152716825189647
   2.3830000e+01  -2.012503727868965
   2.3840000e+01  -2.028821921718965
   2.3850000e+01  -2.0620909007189647
   2.3860000e+01  -2.1086610782189648
   2.3870000e+01  -2.1613912562189648
   2.3880000e+01  -2.209619837218965
   2.3890000e+01  -2.243465407718965
   2.3900000e+01  -2.2575418483689647
   2.3910000e+01   -2.2500769795189646
   2.3920000e+01   -2.2202227345189645
   2.3930000e+01   -2.1683476960189645
   2.3940000e+01   -2.0979346445189644
   2.3950000e+01   -2.0159182390189643
   2.3960000e+01   -1.9308265925189643
   2.3970000e+01   -1.8487517210189643
   2.3980000e+01   -1.7707344785189643
   2.3990000e+01   -1.6952469395189642
   2.4000000e+01   -1.6218566460189643
   2.4010000e+01   -1.5514271080189643
   2.4020000e+01   -1.4853081980189644
   2.4030000e+01   -1.4257933345189644
   2.4040000e+01   -1.3752553800189644
   2.4050000e+01   -1.3339763350189644
   2.4060000e+01   -1.3003752355189644
   2.4070000e+01   -1.2730690010189645
   2.4080000e+01   -1.2506790140189645
   2.4090000e+01   -1.2297349480189645
   2.4100000e+01   -1.2051860175189646
   2.4110000e+01   -1.1736360720189647
   2.4120000e+01   -1.1345705555189647
   2.4130000e+01   -1.0892093270189647
   2.4140000e+01   -1.0398076610189646
   2.4150000e+01   -0.9888165990189646
   2.4160000e+01   -0.9378233365189645
   2.4170000e+01   -0.8877710950189646
   2.4180000e+01   -0.8397293355189646
   2.4190000e+01   -0.7952829820189645
   2.4200000e+01   -0.7561300375189646
   2.4210000e+01   -0.7226477605189646
   2.4220000e+01   -0.6931447205189646
   2.4230000e+01   -0.6650762025189646
   2.4240000e+01   -0.6367876785189646
   2.4250000e+01   -0.6079420800189645
   2.4260000e+01   -0.5785574900189645
   2.4270000e+01   -0.5484849330189645
   2.4280000e+01   -0.5181914865189645
   2.4290000e+01   -0.4888896560189645
   2.4300000e+01   -0.4612713230189645
   2.4310000e+01   -0.4351237455189645
   2.4320000e+01   -0.41042407801896447
   2.4330000e+01   -0.3875873970189645
   2.4340000e+01   -0.3663701035189645
   2.4350000e+01   -0.3457293655189645
   2.4360000e+01   -0.3252527200189645
   2.4370000e+01   -0.3061787425189645
   2.4380000e+01   -0.2907991360189645
   2.4390000e+01   -0.2808347882689645
   2.4400000e+01   -0.2762644469189645
   2.4410000e+01  -0.27564387767896453
   2.4420000e+01  -0.2770690544389645
   2.4430000e+01  -0.2787530438889645
   2.4440000e+01  -0.2796404937339645
   2.4450000e+01  -0.2798490884259645
   2.4460000e+01  -0.2800742130679645
   2.4470000e+01  -0.2806880145779645
   2.4480000e+01  -0.2816723974429645
   2.4490000e+01  -0.2830507085429645
   2.4500000e+01  -0.2850398170429645
   2.4510000e+01  -0.2878507686429645
   2.4520000e+01  -0.2915413325429645
   2.4530000e+01  -0.2961533555429645
   2.4540000e+01  -0.30183451354296453
   2.4550000e+01  -0.30875583239296456
   2.4560000e+01  -0.31706307864296457
   2.4570000e+01  -0.32683098134296457
   2.4580000e+01  -0.33791562684296456
   2.4590000e+01  -0.34995698134296455
   2.4600000e+01  -0.36259601934296454
   2.4610000e+01  -0.37565000934296455
   2.4620000e+01  -0.38910362234296453
   2.4630000e+01  -0.40297187884296454
   2.4640000e+01  -0.41721003784296457
   2.4650000e+01  -0.4317834318429646
   2.4660000e+01  -0.44673506834296456
   2.4670000e+01  -0.46210153084296457
   2.4680000e+01  -0.47783756784296455
   2.4690000e+01  -0.49387137084296456
   2.4700000e+01  -0.5101494033429645
   2.4710000e+01  -0.5266013278429645
   2.4720000e+01  -0.5431375353429645
   2.4730000e+01  -0.5597032188429645
   2.4740000e+01  -0.5762989718429645
   2.4750000e+01  -0.5929463493429645
   2.4760000e+01  -0.6096471253429645
   2.4770000e+01  -0.6263710893429645
   2.4780000e+01  -0.6430729723429645
   2.4790000e+01  -0.6597133573429644
   2.4800000e+01  -0.6762632233429644
   2.4810000e+01  -0.6926964323429644
   2.4820000e+01  -0.7089824768429644
   2.4830000e+01  -0.7250864553429645
   2.4840000e+01  -0.7409754933429644
   2.4850000e+01  -0.7566232283429645
   2.4860000e+01  -0.7720084158429644
   2.4870000e+01  -0.7871125953429644
   2.4880000e+01  -0.8019198443429644
   2.4890000e+01  -0.8164170318429643
   2.4900000e+01  -0.8305931868429643
   2.4910000e+01  -0.8444381928429644
   2.4920000e+01  -0.8579422053429644
   2.4930000e+01  -0.8710962858429644
   2.4940000e+01  -0.8838927263429643
   2.4950000e+01  -0.8963243428429644
   2.4960000e+01  -0.9083839123429643
   2.4970000e+01  -0.9200643793429644
   2.4980000e+01  -0.9313591723429644
