   0.0000000e+00  -0.00037385239
   2.0000000e-02   0.00236636012
   4.0000000e-02  0.00221058572
   6.0000000e-02  -0.00885890478
   8.0000000e-02  -0.02492678558
   1.0000000e-01  -0.047636518180000004
   1.2000000e-01  -0.07508235718
   1.4000000e-01  -0.10169332618
   1.6000000e-01  -0.12832526018
   1.8000000e-01  -0.15329635318
   2.0000000e-01   -0.16315625808
   2.2000000e-01  -0.16552227938
   2.4000000e-01  -0.18033112078
   2.6000000e-01   -0.18932452657999999
   2.8000000e-01   -0.17712068137999998
   3.0000000e-01   -0.14658611437999997
   3.2000000e-01   -0.11568404337999996
   3.4000000e-01   -0.10251578687999996
   3.6000000e-01  -0.10695293747999995
   3.8000000e-01   -0.11094724267999995
   4.0000000e-01   -0.09965114427999995
   4.2000000e-01   -0.07811689477999995
   4.4000000e-01   -0.050482410779999945
   4.6000000e-01   -0.017631722779999942
   4.8000000e-01   0.018750037220000057
   5.0000000e-01   0.05801702722000006
   5.2000000e-01   0.09973210422000006
   5.4000000e-01   0.13790330022000005
   5.6000000e-01   0.16999004322000005
   5.8000000e-01   0.19554168422000007
   6.0000000e-01   0.21448976452000007
   6.2000000e-01   0.22684552682000006
   6.4000000e-01  0.21908478982000007
   6.6000000e-01  0.19366709982000008
   6.8000000e-01   0.18192444992000006
   7.0000000e-01  0.17898841142000008
   7.2000000e-01  0.17207216452000007
   7.4000000e-01  0.16387514712000006
   7.6000000e-01  0.14771159502000006
   7.8000000e-01  0.13077823722000007
   8.0000000e-01  0.11970073112000007
   8.2000000e-01  0.10778608322000006
   8.4000000e-01  0.08433204462000007
   8.6000000e-01  0.054338295620000074
   8.8000000e-01   0.043882815920000075
   9.0000000e-01   0.06426525922000008
   9.2000000e-01   0.08494308722000007
   9.4000000e-01  0.08380464672000007
   9.6000000e-01  0.07184224622000007
   9.8000000e-01   0.06565741131000007
   1.0000000e+00   0.08317326340000006
   1.0200000e+00   0.11470710440000007
   1.0400000e+00   0.13407088450000007
   1.0600000e+00  0.13106663570000007
   1.0800000e+00  0.11472085210000008
   1.1000000e+00  0.09844126350000007
   1.1200000e+00  0.08245733610000007
   1.1400000e+00  0.07339378800000007
   1.1600000e+00  0.062408036400000075
   1.1800000e+00  0.04221338990000007
   1.2000000e+00  0.026642174900000072
   1.2200000e+00   0.021446234700000073
   1.2400000e+00  0.018006109200000075
   1.2600000e+00  0.009918937800000076
   1.2800000e+00   0.013696827700000077
   1.3000000e+00   0.024283525800000077
   1.3200000e+00   0.032406974500000074
   1.3400000e+00   0.05494517060000007
   1.3600000e+00   0.07238811985000007
   1.3800000e+00   0.07428897270000007
   1.4000000e+00   0.08826104130000006
   1.4200000e+00   0.10919427330000006
   1.4400000e+00  0.10696413330000006
   1.4600000e+00  0.09029068360000006
   1.4800000e+00   0.09874085090000007
   1.5000000e+00  0.10716420070000007
   1.5200000e+00  0.09567596440000008
   1.5400000e+00   0.09246955770000008
   1.5600000e+00  0.09129465080000009
   1.5800000e+00   0.09212729460000009
   1.6000000e+00  0.08777706370000009
   1.6200000e+00  0.05849722070000009
   1.6400000e+00  0.01876561770000009
   1.6600000e+00   0.0025357848000000897
   1.6800000e+00   0.02464144390000009
   1.7000000e+00   0.05157953080000009
   1.7200000e+00   0.0715905627000001
   1.7400000e+00   0.0856748217000001
   1.7600000e+00  0.0849210425000001
   1.7800000e+00   0.0884686370000001
   1.8000000e+00  0.0858603380000001
   1.8200000e+00  0.0571472883000001
   1.8400000e+00   0.0393471161000001
   1.8600000e+00   0.0547603269000001
   1.8800000e+00   0.0716024969000001
   1.9000000e+00  0.0630031439000001
   1.9200000e+00  0.0340318279000001
   1.9400000e+00   0.0203114024000001
   1.9600000e+00  0.022300638840000102
   1.9800000e+00  0.0208309678200001
   2.0000000e+00  0.011193049060000102
   2.0200000e+00  -0.010865021739999897
   2.0400000e+00   -0.017333605639999895
   2.0600000e+00   -0.005089628039999895
   2.0800000e+00  -0.014604888539999895
   2.1000000e+00  -0.047928807539999896
   2.1200000e+00  -0.07059790683999989
   2.1400000e+00  -0.0965063181399999
   2.1600000e+00  -0.1434894461399999
   2.1800000e+00  -0.1804870331399999
   2.2000000e+00   -0.1899839213399999
   2.2200000e+00   -0.1800608354399999
   2.2400000e+00   -0.14842400033999992
   2.2600000e+00   -0.11069504733999991
   2.2800000e+00  -0.12481371633999991
   2.3000000e+00  -0.16591722833999992
   2.3200000e+00   -0.16046709333999992
   2.3400000e+00   -0.12633046933999992
   2.3600000e+00  -0.11707636023999991
   2.3800000e+00  -0.1391577791399999
   2.4000000e+00  -0.15982878533999992
   2.4200000e+00   -0.15909068023999992
   2.4400000e+00   -0.14310646893999993
   2.4600000e+00   -0.13282492554999992
   2.4800000e+00  -0.15508206315999992
   2.5000000e+00  -0.1999321431599999
   2.5200000e+00  -0.2250430258599999
   2.5400000e+00   -0.22725450736999991
   2.5600000e+00  -0.23908981617999991
   2.5800000e+00  -0.27661298517999994
   2.6000000e+00  -0.31542228417999996
   2.6200000e+00   -0.32086623517999996
   2.6400000e+00  -0.31727280427999993
   2.6600000e+00  -0.3404644323799999
   2.6800000e+00  -0.3752356743799999
   2.7000000e+00  -0.3920792827999999
   2.7200000e+00   -0.38603914021999985
   2.7400000e+00  -0.39597683021999985
   2.7600000e+00  -0.43626436121999984
   2.7800000e+00  -0.47193706621999987
   2.8000000e+00   -0.47221718821999986
   2.8200000e+00   -0.41410036021999985
   2.8400000e+00   -0.3031442002199999
   2.8600000e+00   -0.21030171621999988
   2.8800000e+00   -0.17935041221999987
   2.9000000e+00  -0.18100925381999985
   2.9200000e+00  -0.20047596241999985
   2.9400000e+00  -0.23427193841999985
   2.9600000e+00  -0.27866525441999984
   2.9800000e+00  -0.32370150941999987
   3.0000000e+00   -0.3331133636199999
   3.0200000e+00   -0.3075916058199999
   3.0400000e+00   -0.2766782608199999
   3.0600000e+00   -0.25263418001999993
   3.0800000e+00   -0.23986950891999992
   3.1000000e+00   -0.2095207086199999
   3.1200000e+00   -0.16987308861999992
   3.1400000e+00  -0.17136052761999992
   3.1600000e+00   -0.18275972811999994
   3.1800000e+00   -0.14026015561999994
   3.2000000e+00   -0.07271591761999995
   3.2200000e+00   -0.03247099161999994
   3.2400000e+00   -0.006507708619999941
   3.2600000e+00   0.01793262538000006
   3.2800000e+00   0.02828946454500006
   3.3000000e+00  0.02118931701000006
   3.3200000e+00  -0.0021743806899999427
   3.3400000e+00  -0.033079970689999946
   3.3600000e+00  -0.06570430368999994
   3.3800000e+00  -0.08871282828999993
   3.4000000e+00   -0.06609046988999993
   3.4200000e+00   -0.01294811688999993
   3.4400000e+00   0.041537099110000066
   3.4600000e+00   0.07215561351000006
   3.4800000e+00  0.04952442891000006
   3.5000000e+00   0.03883227891000006
   3.5200000e+00   0.09323464891000006
   3.5400000e+00   0.18233552191000008
   3.5600000e+00   0.2710327029100001
   3.5800000e+00   0.33497626591000007
   3.6000000e+00   0.36705545731000006
   3.6200000e+00   0.38629702071000005
   3.6400000e+00   0.40276311911000007
   3.6600000e+00   0.41654353341000006
   3.6800000e+00  0.39190356331000004
   3.7000000e+00  0.30262836831000006
   3.7200000e+00  0.23140655231000007
   3.7400000e+00  0.20954089161000006
   3.7600000e+00   0.20258508752000007
   3.7800000e+00  0.19658239073000006
   3.8000000e+00  0.17901202833000004
   3.8200000e+00  0.15956183133000004
   3.8400000e+00   0.15965551233000005
   3.8600000e+00   0.17574916833000004
   3.8800000e+00  0.17730077073000003
   3.9000000e+00  0.16898646513000004
   3.9200000e+00   0.20425951713000004
   3.9400000e+00   0.29712695013
   3.9600000e+00   0.36736360213
   3.9800000e+00  0.36599763813
   4.0000000e+00  0.31196014213
   4.0200000e+00  0.22989941613000003
   4.0400000e+00  0.14111341213000003
   4.0600000e+00  0.06116289413000002
   4.0800000e+00  -0.0023036578699999755
   4.1000000e+00  -0.04094158486999998
   4.1200000e+00   -0.042751108669999975
   4.1400000e+00   -0.012976036469999973
   4.1600000e+00   0.025046465530000027
   4.1800000e+00   0.04831324653000003
   4.2000000e+00   0.10079123253000002
   4.2200000e+00   0.18801100353000003
   4.2400000e+00  0.22813859188000002
   4.2600000e+00   0.23558676753000002
   4.2800000e+00   0.25176327803000004
   4.3000000e+00  0.24861539423000004
   4.3200000e+00  0.19239843923000005
   4.3400000e+00  0.08883774723000004
   4.3600000e+00  -0.014550642769999955
   4.3800000e+00   -0.05456275636999996
   4.4000000e+00   -0.011655789969999955
   4.4200000e+00   0.04834277503000005
   4.4400000e+00   0.07840517683000005
   4.4600000e+00   0.08822014353000004
   4.4800000e+00   0.11520924543000005
   4.5000000e+00   0.17150703643000006
   4.5200000e+00   0.22630794643000007
   4.5400000e+00  0.23517054543000007
   4.5600000e+00  0.18032483843000008
   4.5800000e+00  0.09757496843000009
   4.6000000e+00  0.02293598843000008
   4.6200000e+00  -0.00924659474999992
   4.6400000e+00   -0.00856660424999992
   4.6600000e+00   0.021060495430000083
   4.6800000e+00   0.09603463143000007
   4.7000000e+00  0.12681547143000008
   4.7200000e+00  0.07168867843000007
   4.7400000e+00   0.04082684953000007
   4.7600000e+00   0.11479746863000007
   4.7800000e+00   0.23561779963000007
   4.8000000e+00   0.3029042116300001
   4.8200000e+00  0.27313426063000007
   4.8400000e+00  0.17840915163000007
   4.8600000e+00  0.09844968363000006
   4.8800000e+00  0.05100728163000006
   4.9000000e+00  0.018648171630000064
   4.9200000e+00  -0.003528382369999937
   4.9400000e+00   -0.004007604369999936
   4.9600000e+00  0.0030030840300000645
   4.9800000e+00  -0.011666114569999936
   5.0000000e+00   -0.012583577569999935
   5.0200000e+00   0.03762567443000006
   5.0400000e+00   0.12864418843000006
   5.0600000e+00   0.21011475243000005
   5.0800000e+00   0.24824129523000005
   5.1000000e+00  0.20819038003000004
   5.1200000e+00  0.07106030403000002
   5.1400000e+00  -0.07178254597
   5.1600000e+00  -0.14063224997
   5.1800000e+00   -0.12970269497
   5.2000000e+00   -0.05812842796999999
   5.2200000e+00   0.001107076030000008
   5.2400000e+00   0.02955627703000001
   5.2600000e+00   0.07875940703
   5.2800000e+00   0.19239653603
   5.3000000e+00   0.33466205703
   5.3200000e+00   0.41323968703
   5.3400000e+00  0.40947306803
   5.3600000e+00  0.37795310103
   5.3800000e+00   0.39269670103000004
   5.4000000e+00   0.43941444703000004
   5.4200000e+00  0.42705530403
   5.4400000e+00  0.28493336803
   5.4600000e+00  0.06459613803
   5.4800000e+00  -0.09175696897000002
   5.5000000e+00   -0.12099269397000002
   5.5200000e+00   -0.009795917970000012
   5.5400000e+00   0.17511054403
   5.5600000e+00  0.26421362083
   5.5800000e+00  0.22373508463
   5.6000000e+00  0.14169830963000002
   5.6200000e+00   0.10411924303000002
   5.6400000e+00   0.13530900143000002
   5.6600000e+00   0.16424268953
   5.6800000e+00  0.13991835163000002
   5.7000000e+00  0.06792451163000002
   5.7200000e+00  0.012512943630000023
   5.7400000e+00   0.011049174130000023
   5.7600000e+00   0.04951538263000002
   5.7800000e+00   0.08010662783000003
   5.8000000e+00  0.028672245030000015
   5.8200000e+00  -0.09723062897000001
   5.8400000e+00  -0.18763035197
   5.8600000e+00   -0.19069336397
   5.8800000e+00  -0.20669469497
   5.9000000e+00  -0.27052093097
   5.9200000e+00  -0.33317786497
   5.9400000e+00  -0.38954250497000004
   5.9600000e+00  -0.44480711797000005
   5.9800000e+00  -0.49166286097000006
   6.0000000e+00  -0.5204947899700001
   6.0200000e+00   -0.5193663419700001
   6.0400000e+00   -0.4833434149700001
   6.0600000e+00   -0.36820120597000006
   6.0800000e+00   -0.028403761970000052
   6.1000000e+00   0.56167429803
   6.1200000e+00   1.2841579680300002
   6.1400000e+00   2.0350413880300002
   6.1600000e+00   2.70361305803
   6.1800000e+00   3.17588817803
   6.2000000e+00  3.14901479803
   6.2200000e+00  2.4337482980300003
   6.2400000e+00  1.4858362980300002
   6.2600000e+00  0.7505988380300002
   6.2800000e+00  0.12545961803000016
   6.3000000e+00  -0.7564127819699998
   6.3200000e+00  -1.95720753197
   6.3400000e+00  -3.02110959197
   6.3600000e+00  -3.5822220219700003
   6.3800000e+00   -3.51595221197
   6.4000000e+00   -2.90407315197
   6.4200000e+00   -2.0825534019700003
   6.4400000e+00   -1.3329018119700002
   6.4600000e+00   -0.6548096919700002
   6.4800000e+00   0.004156408029999947
   6.5000000e+00   0.45146172803
   6.5200000e+00  0.53967219503
   6.5400000e+00   0.53136700603
   6.5600000e+00   0.65902815503
   6.5800000e+00  0.74265858443
   6.6000000e+00  0.65969670583
   6.6200000e+00  0.4358884828299999
   6.6400000e+00  0.12010005282999991
   6.6600000e+00  -0.2140226971700001
   6.6800000e+00  -0.5615061171700002
   6.7000000e+00  -0.8214353651700002
   6.7200000e+00   -0.8473913171700002
   6.7400000e+00   -0.6784780511700002
   6.7600000e+00   -0.4623525611700001
   6.7800000e+00   -0.3246590651700001
   6.8000000e+00   -0.2622790881700001
   6.8200000e+00   -0.1084772471700001
   6.8400000e+00   0.1636376228299999
   6.8600000e+00   0.4069237418299999
   6.8800000e+00  0.4250788718299999
   6.9000000e+00  0.17620081282999991
   6.9200000e+00  -0.12355908717000011
   6.9400000e+00  -0.44404100717000017
   6.9600000e+00  -0.7692502971700002
   6.9800000e+00   -0.8311233181700002
   7.0000000e+00   -0.46743558917000017
   7.0200000e+00   -0.0006949991700001545
   7.0400000e+00  -0.047196509170000164
   7.0600000e+00  -0.7502621991700001
   7.0800000e+00  -1.6254072291700004
   7.1000000e+00  -2.1788214591700004
   7.1200000e+00  -2.4111738321700003
   7.1400000e+00  -2.5971686751700003
   7.1600000e+00  -2.7916574931700002
   7.1800000e+00   -2.7842943681700003
   7.2000000e+00   -2.3800002951700003
   7.2200000e+00   -1.7764376051700004
   7.2400000e+00   -1.3983136281700004
   7.2600000e+00  -1.3567805381700004
   7.2800000e+00  -1.5110275451700004
   7.3000000e+00  -1.6711219561700004
   7.3200000e+00   -1.5863793971700004
   7.3400000e+00   -1.0510133071700003
   7.3600000e+00   -0.08944608717000024
   7.3800000e+00   1.1059035828299997
   7.4000000e+00   2.19449322283
   7.4200000e+00   2.72084414883
   7.4400000e+00  2.51391687483
   7.4600000e+00  1.76278485483
   7.4800000e+00  0.72703644483
   7.5000000e+00  -0.23932921517000005
   7.5200000e+00  -0.82977188517
   7.5400000e+00  -1.15880530517
   7.5600000e+00  -1.3420785611700001
   7.5800000e+00   -1.3287979061700002
   7.6000000e+00  -1.3025488711700002
   7.6200000e+00  -1.3824924461700001
   7.6400000e+00  -1.46296388817
   7.6600000e+00  -1.52463796717
   7.6800000e+00  -1.6394713871700002
   7.7000000e+00  -1.7573772111700001
   7.7200000e+00   -1.71585874317
   7.7400000e+00   -1.40124914517
   7.7600000e+00   -0.7566933251700001
   7.7800000e+00   0.16460215482999996
   7.8000000e+00   1.16180442483
   7.8200000e+00   1.9645220448299998
   7.8400000e+00  2.20257441483
   7.8600000e+00  1.58112346483
   7.8800000e+00  0.4554706248300002
   7.9000000e+00  -0.3757801051699998
   7.9200000e+00   -0.41206963516999984
   7.9400000e+00   0.35306825483000026
   7.9600000e+00   1.3534557948300003
   7.9800000e+00  1.7787021658300004
   8.0000000e+00  1.5595928068300005
   8.0200000e+00  1.3308307408300004
   8.0400000e+00   1.3801090568300005
   8.0600000e+00   1.6444819188300004
   8.0800000e+00   2.0269914288300006
   8.1000000e+00   2.4464015088300006
   8.1200000e+00   2.9458600388300007
   8.1400000e+00   3.4581788588300006
   8.1600000e+00   3.836779718830001
   8.1800000e+00  3.892125444830001
   8.2000000e+00  3.432196460830001
   8.2200000e+00  2.7607412308300012
   8.2400000e+00   2.503763499830001
   8.2600000e+00   2.764657198830001
   8.2800000e+00   3.148432588830001
   8.3000000e+00  3.2176802058300007
   8.3200000e+00  2.704718592830001
   8.3400000e+00  1.8362495928300007
   8.3600000e+00  1.1413632428300007
   8.3800000e+00   0.9335026888300006
   8.4000000e+00   1.0002296368300008
   8.4200000e+00  0.9178165588300008
   8.4400000e+00  0.5882468088300008
   8.4600000e+00  0.2704886888300008
   8.4800000e+00   0.2692515288300008
   8.5000000e+00   0.5829044388300009
   8.5200000e+00   0.9398135788300008
   8.5400000e+00  1.0182491308300008
   8.5600000e+00  0.8791720408300008
   8.5800000e+00   1.0021015088300007
   8.6000000e+00   1.5670755888300008
   8.6200000e+00   2.0833377888300006
   8.6400000e+00  2.0927633588300005
   8.6600000e+00  1.7645845688300006
   8.6800000e+00  1.5302727018300006
   8.7000000e+00   1.5511100928300006
   8.7200000e+00  1.3984923208300006
   8.7400000e+00  0.6462011808300007
   8.7600000e+00  -0.6297788891699992
   8.7800000e+00  -2.1982500391699995
   8.8000000e+00  -3.7002813091699993
   8.8200000e+00  -4.868774859169999
   8.8400000e+00  -5.5879788891699995
   8.8600000e+00   -5.680237369169999
   8.8800000e+00   -4.951647489169999
   8.9000000e+00   -3.336586379169999
   8.9200000e+00   -1.4176695991699988
   8.9400000e+00   0.09195224083000131
   8.9600000e+00   1.1333423308300012
   8.9800000e+00   1.6564875268300012
   9.0000000e+00  1.4392301828300011
   9.0200000e+00  0.4530832528300013
   9.0400000e+00  -0.9797076871699986
   9.0600000e+00  -2.1950302171699985
   9.0800000e+00  -2.7671978271699986
   9.1000000e+00  -2.9447370631699985
   9.1200000e+00  -3.3987817491699985
   9.1400000e+00  -4.275072369169998
   9.1600000e+00  -4.929889149169998
   9.1800000e+00   -4.881898139169999
   9.2000000e+00   -4.3054454791699985
   9.2200000e+00   -3.6248682591699986
   9.2400000e+00   -3.2306514551699985
   9.2600000e+00   -3.0023776011699987
   9.2800000e+00   -2.680020151169999
   9.3000000e+00  -2.630980591169999
   9.3200000e+00   -2.6769728731699987
   9.3400000e+00   -2.0170522151699988
   9.3600000e+00   -0.46011749516999867
   9.3800000e+00   1.4608558148300013
   9.4000000e+00   2.994071324830001
   9.4200000e+00   3.713705244830001
   9.4400000e+00   3.883044678830001
   9.4600000e+00  3.766388682830001
   9.4800000e+00  3.105166032830001
   9.5000000e+00  2.306499832830001
   9.5200000e+00  1.955393585830001
   9.5400000e+00  1.856615417830001
   9.5600000e+00   1.949647506830001
   9.5800000e+00   2.350920126830001
   9.6000000e+00   3.011924086830001
   9.6200000e+00   3.790700836830001
   9.6400000e+00  4.022575896830001
   9.6600000e+00  2.861533956830001
   9.6800000e+00  0.5032237568300015
   9.7000000e+00  -1.9468917431699984
   9.7200000e+00  -3.2698796131699988
   9.7400000e+00   -2.964593773169999
   9.7600000e+00   -1.8648668931699988
   9.7800000e+00   -0.9883161031699987
   9.8000000e+00   -0.4775680631699988
   9.8200000e+00   0.15768209683000112
   9.8400000e+00   1.3382613568300012
   9.8600000e+00   2.830131226830001
   9.8800000e+00   3.9263901068300013
   9.9000000e+00  4.075574146830001
   9.9200000e+00  3.277911046830001
   9.9400000e+00  1.9083419568300009
   9.9600000e+00  0.5313208068300008
   9.9800000e+00  -0.30685301316999913
   1.0000000e+01   -0.5202841081699991
   1.0020000e+01  -0.5331744551699992
   1.0040000e+01  -0.8055016971699992
   1.0060000e+01  -1.2913489571699992
   1.0080000e+01  -1.6763077971699991
   1.0100000e+01   -1.771788749169999
   1.0120000e+01   -1.538549741169999
   1.0140000e+01  -1.386655587169999
   1.0160000e+01  -1.626409863169999
   1.0180000e+01   -1.789497822169999
   1.0200000e+01   -1.398370591169999
   1.0220000e+01   -0.792213461169999
   1.0240000e+01  -0.593543308169999
   1.0260000e+01  -0.694251511169999
   1.0280000e+01   -0.6640235651699989
   1.0300000e+01   -0.37027711316999895
   1.0320000e+01   0.06960594683000099
   1.0340000e+01   0.428223886830001
   1.0360000e+01   0.815844086830001
   1.0380000e+01   1.493872766830001
   1.0400000e+01   2.322265756830001
   1.0420000e+01   2.7460246188300013
   1.0440000e+01  2.175652680830001
   1.0460000e+01  0.6722323708300013
   1.0480000e+01  -0.8135090091699988
   1.0500000e+01  -1.473763551169999
   1.0520000e+01   -1.460815027169999
   1.0540000e+01   -1.1491077111699988
   1.0560000e+01   -0.6941165211699988
   1.0580000e+01   -0.3065100111699988
   1.0600000e+01   -0.01493251116999883
   1.0620000e+01   0.3730002988300012
   1.0640000e+01   0.9178257888300012
   1.0660000e+01   1.4598521088300012
   1.0680000e+01  1.5772087988300012
   1.0700000e+01  0.9685599088300011
   1.0720000e+01  0.003722908830001037
   1.0740000e+01  -0.8580464711699991
   1.0760000e+01  -1.4288247911699992
   1.0780000e+01   -1.5924485481699993
   1.0800000e+01   -1.4097130951699992
   1.0820000e+01   -0.9587194851699992
   1.0840000e+01   -0.3581402851699992
   1.0860000e+01   0.05951859483000088
   1.0880000e+01  -0.14049688516999911
   1.0900000e+01  -0.8311943051699993
   1.0920000e+01   -1.1738429601699993
   1.0940000e+01   -0.6225979351699993
   1.0960000e+01   0.5547546748300007
   1.0980000e+01   1.6848195648300008
   1.1000000e+01   2.503302814830001
   1.1020000e+01   3.1177104148300008
   1.1040000e+01  3.356100488830001
   1.1060000e+01  3.065945082830001
   1.1080000e+01  2.530686082830001
   1.1100000e+01  2.078939642830001
   1.1120000e+01  1.6333428328300008
   1.1140000e+01  0.9645628728300009
   1.1160000e+01  0.1554121828300008
   1.1180000e+01  -0.6494313971699992
   1.1200000e+01  -1.6349036871699991
   1.1220000e+01  -2.761543357169999
   1.1240000e+01  -3.5561732671699993
   1.1260000e+01   -3.5272927871699995
   1.1280000e+01   -2.3681031271699995
   1.1300000e+01   -0.3854261571699995
   1.1320000e+01   1.7754810428300005
   1.1340000e+01   3.7820324328300003
   1.1360000e+01   5.4288423128300005
   1.1380000e+01   6.486100682830001
   1.1400000e+01  6.826481681830001
   1.1420000e+01  6.5081335008300005
   1.1440000e+01  5.9255647408300005
   1.1460000e+01   5.65974547383
   1.1480000e+01   5.96466937683
   1.1500000e+01   6.35137870683
   1.1520000e+01  5.895989026830001
   1.1540000e+01  3.9152346268300007
   1.1560000e+01  0.44257582683000063
   1.1580000e+01  -3.62711427317
   1.1600000e+01  -7.268541073170001
   1.1620000e+01  -9.90111077317
   1.1640000e+01  -11.38326563317
   1.1660000e+01  -11.87333916817
   1.1680000e+01   -11.56666981317
   1.1700000e+01   -10.91178612317
   1.1720000e+01   -10.29303796317
   1.1740000e+01   -9.69740531317
   1.1760000e+01   -8.90753912317
   1.1780000e+01   -7.7938736231700005
   1.1800000e+01   -6.83979872317
   1.1820000e+01   -6.30193151317
   1.1840000e+01   -5.542355483170001
   1.1860000e+01   -4.092688633170001
   1.1880000e+01   -2.3677106831700008
   1.1900000e+01   -1.4995296491700008
   1.1920000e+01  -2.3662461851700005
   1.1940000e+01  -4.46221919517
   1.1960000e+01  -6.324356835170001
   1.1980000e+01   -6.657119055170001
   1.2000000e+01   -5.400735845170001
   1.2020000e+01   -3.607218575170001
   1.2040000e+01   -1.928549405170001
   1.2060000e+01   -0.30525556517000085
   1.2080000e+01   1.4757485548299993
   1.2100000e+01   3.2397254048299993
   1.2120000e+01   4.403338204829999
   1.2140000e+01  4.6858716948299985
   1.2160000e+01  4.257660564829998
   1.2180000e+01  3.428742474829998
   1.2200000e+01  2.413122444829998
   1.2220000e+01  1.292016344829998
   1.2240000e+01  0.208280184829998
   1.2260000e+01  -0.43541347517000206
   1.2280000e+01   -0.24717759517000204
   1.2300000e+01   0.494780384829998
   1.2320000e+01   1.0206675648299979
   1.2340000e+01  0.6541182748299978
   1.2360000e+01  -0.7089993251700022
   1.2380000e+01  -2.517614485170002
   1.2400000e+01  -4.028327885170002
   1.2420000e+01  -4.635633604170002
   1.2440000e+01   -4.271883983170002
   1.2460000e+01   -3.3066489131700023
   1.2480000e+01   -1.9855921131700023
   1.2500000e+01   -0.33083277317000226
   1.2520000e+01   1.4928206568299978
   1.2540000e+01   3.200106536829998
   1.2560000e+01   4.626185036829998
   1.2580000e+01   5.681440366829998
   1.2600000e+01   6.403777366829997
   1.2620000e+01   6.911243556829997
   1.2640000e+01  7.120644894729997
   1.2660000e+01  6.831222862629997
   1.2680000e+01  6.146943222629997
   1.2700000e+01  5.417798032629998
   1.2720000e+01  5.054603456629998
   1.2740000e+01   5.243121980629998
   1.2760000e+01   5.702376350629998
   1.2780000e+01   5.979495884629998
   1.2800000e+01  5.646545748629998
   1.2820000e+01  4.564086968629998
   1.2840000e+01  2.975002278629998
   1.2860000e+01  1.481701008629998
   1.2880000e+01  0.770602844629998
   1.2900000e+01   0.810099010629998
   1.2920000e+01   1.088632090629998
   1.2940000e+01   1.370608380629998
   1.2960000e+01   1.722559780629998
   1.2980000e+01   2.3453244906299977
   1.3000000e+01   3.3754621906299977
   1.3020000e+01   4.574995720629998
   1.3040000e+01   5.330851680629998
   1.3060000e+01  5.267856670629998
   1.3080000e+01  4.9251238906299974
   1.3100000e+01   4.996147330629998
   1.3120000e+01  5.157513866629998
   1.3140000e+01  4.844899222629998
   1.3160000e+01  4.3968635526299975
   1.3180000e+01   4.379440932629998
   1.3200000e+01   4.741930172629998
   1.3220000e+01   5.202787632629998
   1.3240000e+01   5.502283264629998
   1.3260000e+01  5.496521978629998
   1.3280000e+01  5.363853668629998
   1.3300000e+01  5.062254906629998
   1.3320000e+01  4.372073906629998
   1.3340000e+01  3.5705105966299984
   1.3360000e+01  2.8969629966299983
   1.3380000e+01  2.4013945966299985
   1.3400000e+01   2.2928957686299984
   1.3420000e+01   2.4882752206299985
   1.3440000e+01   2.7670650606299985
   1.3460000e+01   3.0768618806299983
   1.3480000e+01  3.2240270271299982
   1.3500000e+01  2.985103093629998
   1.3520000e+01  2.413599013629998
   1.3540000e+01  1.692194263629998
   1.3560000e+01  0.921433153629998
   1.3580000e+01  0.35915864362999794
   1.3600000e+01  0.08140458362999792
   1.3620000e+01  -0.3485239963700021
   1.3640000e+01  -0.9699860063700021
   1.3660000e+01   -1.2019487533700022
   1.3680000e+01   -0.8256363903700021
   1.3700000e+01   -0.27120553037000217
   1.3720000e+01   0.06718429562999784
   1.3740000e+01  -0.02722451837000217
   1.3760000e+01  -0.7594200683700022
   1.3780000e+01  -2.127141138370002
   1.3800000e+01  -3.8901246083700016
   1.3820000e+01  -5.880261578370002
   1.3840000e+01  -8.059712278370002
   1.3860000e+01  -10.264329078370002
   1.3880000e+01  -12.050221488370003
   1.3900000e+01   -12.718005543370003
   1.3920000e+01   -12.071082788370003
   1.3940000e+01   -10.627610658370003
   1.3960000e+01   -9.231493218370003
   1.3980000e+01  -8.674642948600003
   1.4000000e+01  -8.998464728830003
   1.4020000e+01  -9.779386308830002
   1.4040000e+01  -10.539046238830002
   1.4060000e+01   -10.708001008830001
   1.4080000e+01   -10.087222798830002
   1.4100000e+01   -9.017560818830002
   1.4120000e+01   -7.8810487188300025
   1.4140000e+01   -6.9058020888300025
   1.4160000e+01   -6.075518868830002
   1.4180000e+01   -5.066054328830003
   1.4200000e+01   -3.7057275588300023
   1.4220000e+01   -2.195196898830002
   1.4240000e+01   -0.848223958830002
   1.4260000e+01   0.13922653116999795
   1.4280000e+01   0.8531334311699981
   1.4300000e+01   1.4910196311699981
   1.4320000e+01   2.090457061169998
   1.4340000e+01   2.6900070611699984
   1.4360000e+01   3.3378399611699985
   1.4380000e+01   4.088977441169998
   1.4400000e+01   4.934718841169998
   1.4420000e+01   5.446016338169998
   1.4440000e+01  5.0689145351699985
   1.4460000e+01  3.9077713651699986
   1.4480000e+01  2.6081310951699987
   1.4500000e+01  1.6526371051699988
   1.4520000e+01  1.1211260151699989
   1.4540000e+01  0.7161571051699989
   1.4560000e+01  0.06612970516999883
   1.4580000e+01  -0.7620636148300012
   1.4600000e+01  -1.4018769948300012
   1.4620000e+01  -1.7082276808300012
   1.4640000e+01   -1.7340620748300013
   1.4660000e+01   -1.5492616328300013
   1.4680000e+01   -1.2053204728300013
   1.4700000e+01   -0.7452209228300013
   1.4720000e+01   -0.08460736283000125
   1.4740000e+01   0.9742357371699988
   1.4760000e+01   2.2000612871699987
   1.4780000e+01   2.9205280571699985
   1.4800000e+01  2.7093753071699984
   1.4820000e+01  1.6368872471699984
   1.4840000e+01  0.2497461671699983
   1.4860000e+01  -0.8860461628300016
   1.4880000e+01  -1.5669537628300017
   1.4900000e+01   -1.7473901298300016
   1.4920000e+01   -1.6902827388300017
   1.4940000e+01  -1.6832844428300018
   1.4960000e+01   -1.5751172748300017
   1.4980000e+01   -1.2912179848300016
   1.5000000e+01   -1.0944504958300016
   1.5020000e+01  -1.1405496608300016
   1.5040000e+01  -1.2692470078300016
   1.5060000e+01   -1.2354207188300015
   1.5080000e+01   -0.9766722668300014
   1.5100000e+01   -0.49820277683000147
   1.5120000e+01   0.21575119316999858
   1.5140000e+01   1.0011570431699985
   1.5160000e+01   1.6392393131699987
   1.5180000e+01   2.002435655169999
   1.5200000e+01  1.972668077169999
   1.5220000e+01  1.7103100371699989
   1.5240000e+01  1.4156660871699989
   1.5260000e+01  0.8944136171699988
   1.5280000e+01  0.0017184371699987544
   1.5300000e+01  -1.0079806328300014
   1.5320000e+01  -1.8818210228300014
   1.5340000e+01  -2.5838004928300013
   1.5360000e+01   -2.8744716488300015
   1.5380000e+01   -2.5574986748300015
   1.5400000e+01   -1.9253566648300016
   1.5420000e+01   -1.3862830648300015
   1.5440000e+01   -1.1349861288300014
   1.5460000e+01   -1.0476930268300013
   1.5480000e+01   -0.8487583908300014
   1.5500000e+01   -0.24897697083000137
   1.5520000e+01   0.9608100791699985
   1.5540000e+01   2.5408712791699983
   1.5560000e+01   3.9801384391699983
   1.5580000e+01   4.984629789169999
   1.5600000e+01   5.691031059169998
   1.5620000e+01   6.253025779169999
   1.5640000e+01  6.445588103169999
   1.5660000e+01  6.207276157169999
   1.5680000e+01  5.876885497169999
   1.5700000e+01  5.587426797169999
   1.5720000e+01  5.191930587169999
   1.5740000e+01  4.580132057169999
   1.5760000e+01  3.780441797169999
   1.5780000e+01  2.970994737169999
   1.5800000e+01  2.221868637169999
   1.5820000e+01  1.6123607971699991
   1.5840000e+01  1.336835866169999
   1.5860000e+01   1.3239173731699991
   1.5880000e+01   1.354490128669999
   1.5900000e+01   1.406263420169999
   1.5920000e+01  1.416113133169999
   1.5940000e+01  1.229623382169999
   1.5960000e+01  0.8808770821699988
   1.5980000e+01  0.45108706216999883
   1.6000000e+01  -0.08197434783000113
   1.6020000e+01  -0.6675296778300011
   1.6040000e+01  -1.128138767830001
   1.6060000e+01   -1.181560207830001
   1.6080000e+01   -0.8478452378300009
   1.6100000e+01  -0.6581227178300009
   1.6120000e+01  -0.8540814178300009
   1.6140000e+01  -1.166848567830001
   1.6160000e+01   -1.2075804678300008
   1.6180000e+01   -0.8315343578300008
   1.6200000e+01   -0.3842323478300008
   1.6220000e+01  -0.4552844578300008
   1.6240000e+01  -1.4400843278300006
   1.6260000e+01  -2.8714118178300003
   1.6280000e+01  -3.8640491578300002
   1.6300000e+01   -3.9807547278300004
   1.6320000e+01   -3.2250630878300006
   1.6340000e+01   -2.0496762278300005
   1.6360000e+01   -0.9852537178300005
   1.6380000e+01   -0.20944562783000054
   1.6400000e+01   0.42878230216999946
   1.6420000e+01   1.0474733021699993
   1.6440000e+01   1.6194816421699993
   1.6460000e+01   1.9308321841699994
   1.6480000e+01  1.6734418061699994
   1.6500000e+01  0.8698969461699992
   1.6520000e+01  -0.31396755383000086
   1.6540000e+01  -1.618104893830001
   1.6560000e+01  -2.575689743830001
   1.6580000e+01  -2.9424090838300008
   1.6600000e+01   -2.787764453830001
   1.6620000e+01   -2.2188566238300007
   1.6640000e+01   -1.3344882238300007
   1.6660000e+01   -0.33688425383000054
   1.6680000e+01   0.26682371616999956
   1.6700000e+01  0.09821858616999954
   1.6720000e+01  -0.6282359338300005
   1.6740000e+01  -1.4877630538300006
   1.6760000e+01  -2.0658324038300004
   1.6780000e+01   -2.1600419148300003
   1.6800000e+01   -1.9471624658300004
   1.6820000e+01   -1.7494856898300004
   1.6840000e+01  -1.8752181038300004
   1.6860000e+01  -2.2962183238300002
   1.6880000e+01  -2.7310447738300003
   1.6900000e+01  -3.0130864828300004
   1.6920000e+01  -3.1422539998300003
   1.6940000e+01  -3.2320210198300003
   1.6960000e+01   -3.26865397283
   1.6980000e+01   -3.19896031283
   1.7000000e+01   -3.0559901698300003
   1.7020000e+01   -2.9616299617300004
   1.7040000e+01  -3.0771038256300005
   1.7060000e+01  -3.3382984256300006
   1.7080000e+01   -3.4663004566300004
   1.7100000e+01   -3.2708334776300005
   1.7120000e+01   -2.8841035676300004
   1.7140000e+01   -2.5498767876300006
   1.7160000e+01   -2.3531929446300004
   1.7180000e+01   -2.2830010227300006
   1.7200000e+01  -2.2948094978300007
   1.7220000e+01  -2.3251545188300007
   1.7240000e+01  -2.343798251030001
   1.7260000e+01  -2.3759288452300007
   1.7280000e+01   -2.3560263242300006
   1.7300000e+01   -2.1228099542300005
   1.7320000e+01   -1.7077034942300005
   1.7340000e+01   -1.3058777842300004
   1.7360000e+01   -1.0411030892300004
   1.7380000e+01   -0.9080725882300004
   1.7400000e+01   -0.8067871122300003
   1.7420000e+01   -0.5550077922300003
   1.7440000e+01   0.033297047769999755
   1.7460000e+01   0.9043358677699997
   1.7480000e+01   1.89258256777
   1.7500000e+01   2.85442265777
   1.7520000e+01   3.62124595777
   1.7540000e+01   4.14565445777
   1.7560000e+01  4.34456153347
   1.7580000e+01  4.2791596291700005
   1.7600000e+01  4.13168970517
   1.7620000e+01  3.8105817311700005
   1.7640000e+01  3.3225211711700005
   1.7660000e+01  2.80007098117
   1.7680000e+01  2.3011927511700003
   1.7700000e+01  1.9312682511700003
   1.7720000e+01   1.9250535411700003
   1.7740000e+01   2.41194619117
   1.7760000e+01   3.15678691117
   1.7780000e+01   3.9004094511700003
   1.7800000e+01   4.568948471170001
   1.7820000e+01   5.237798731170001
   1.7840000e+01   6.1099145011700005
   1.7860000e+01   7.26118008117
   1.7880000e+01   8.41971582117
   1.7900000e+01   9.15834190117
   1.7920000e+01   9.402498000169999
   1.7940000e+01  9.421274646169998
   1.7960000e+01  9.267991493169998
   1.7980000e+01  8.814004993169998
   1.8000000e+01  8.151023583169998
   1.8020000e+01  7.506963683169998
   1.8040000e+01  6.893621923169998
   1.8060000e+01  6.206925933169998
   1.8080000e+01  5.434840623169999
   1.8100000e+01  4.523833523169999
   1.8120000e+01  3.4392055331699987
   1.8140000e+01  2.2610533831699984
   1.8160000e+01  1.1914875131699982
   1.8180000e+01  0.5027305031699981
   1.8200000e+01  0.1517424831699981
   1.8220000e+01  -0.10790444683000189
   1.8240000e+01  -0.3467051968300019
   1.8260000e+01  -0.5514616368300019
   1.8280000e+01  -0.645415358230002
   1.8300000e+01   -0.5118304996300019
   1.8320000e+01   -0.10943042963000194
   1.8340000e+01   0.3955285203699981
   1.8360000e+01   0.8557822803699981
   1.8380000e+01   1.328706380369998
   1.8400000e+01   1.7151523003699982
   1.8420000e+01  1.5594278703699982
   1.8440000e+01  0.6842980603699982
   1.8460000e+01  -0.47227770963000193
   1.8480000e+01  -1.453654879630002
   1.8500000e+01  -1.959736622630002
   1.8520000e+01   -1.950225975630002
   1.8540000e+01   -1.732964975630002
   1.8560000e+01   -1.563124515630002
   1.8580000e+01   -1.498061868430002
   1.8600000e+01  -1.525182846230002
   1.8620000e+01  -1.600473408230002
   1.8640000e+01  -1.761815085230002
   1.8660000e+01  -2.067453425230002
   1.8680000e+01  -2.399800205230002
   1.8700000e+01  -2.557543809230002
   1.8720000e+01   -2.512598314230002
   1.8740000e+01   -2.450200651630002
   1.8760000e+01  -2.5334135220300023
   1.8780000e+01  -2.7346081760300023
   1.8800000e+01  -2.9808011660300022
   1.8820000e+01  -3.2983177360300022
   1.8840000e+01  -3.6818328460300025
   1.8860000e+01  -4.102698426030003
   1.8880000e+01  -4.496148296030003
   1.8900000e+01   -4.555348136030003
   1.8920000e+01   -4.018749746030003
   1.8940000e+01   -3.1633050460300027
   1.8960000e+01   -2.4060767560300027
   1.8980000e+01   -1.8966817860300027
   1.9000000e+01   -1.6978136340300027
   1.9020000e+01  -1.7588433630300027
   1.9040000e+01  -1.9716406240300026
   1.9060000e+01  -2.4307896540300025
   1.9080000e+01  -3.2136737340300026
   1.9100000e+01  -4.083092514030002
   1.9120000e+01  -4.762691954030002
   1.9140000e+01  -5.208819584030002
   1.9160000e+01  -5.582058784030002
   1.9180000e+01  -5.946514374030002
   1.9200000e+01  -6.161413716030002
   1.9220000e+01   -6.117768092030002
   1.9240000e+01   -5.820915836030002
   1.9260000e+01   -5.308037326030002
   1.9280000e+01   -4.647946766030001
   1.9300000e+01   -3.9031729560300015
   1.9320000e+01   -3.074918226030001
   1.9340000e+01   -2.272064376030001
   1.9360000e+01   -1.6243094160300011
   1.9380000e+01   -1.0843057160300011
   1.9400000e+01   -0.5399397960300012
   1.9420000e+01   0.030402423969998815
   1.9440000e+01   0.4975023339699988
   1.9460000e+01   0.6806454986699988
   1.9480000e+01  0.5782551733699988
   1.9500000e+01  0.3540429033699988
   1.9520000e+01  0.16263413736999874
   1.9540000e+01  0.054737598369998725
   1.9560000e+01  -0.07199085863000126
   1.9580000e+01  -0.2756104126300013
   1.9600000e+01  -0.4336176016300013
   1.9620000e+01   -0.4738172291300013
   1.9640000e+01   -0.4089315776300013
   1.9660000e+01   -0.2101005076300013
   1.9680000e+01   0.08714630236999873
   1.9700000e+01   0.4274007423699987
   1.9720000e+01   0.8078413523699988
   1.9740000e+01   1.1557695123699987
   1.9760000e+01   1.3560460243699988
   1.9780000e+01  1.3939605553699987
   1.9800000e+01  1.3606483363699988
   1.9820000e+01  1.2915858463699987
   1.9840000e+01  1.1080137043699987
   1.9860000e+01  0.8342193843699987
   1.9880000e+01  0.6343152523699986
   1.9900000e+01  0.5555444203699986
   1.9920000e+01  0.5367626682399986
   1.9940000e+01   0.6023752151099986
   1.9960000e+01   0.8093100141099986
   1.9980000e+01   1.1533380141099987
   2.0000000e+01   1.6088718341099986
   2.0020000e+01   2.0773020641099986
   2.0040000e+01   2.4174003241099986
   2.0060000e+01   2.5942012371099987
   2.0080000e+01  2.627480214109999
   2.0100000e+01  2.540132622109999
   2.0120000e+01  2.370308046109999
   2.0140000e+01  2.111917676109999
   2.0160000e+01  1.7768565061099992
   2.0180000e+01  1.4427688561099992
   2.0200000e+01  1.2152326891099992
   2.0220000e+01   1.1571097941099993
   2.0240000e+01   1.1885901811099993
   2.0260000e+01  1.2014030370099993
   2.0280000e+01  1.1499200079099994
   2.0300000e+01  1.0278004299099994
   2.0320000e+01  0.8820531799099994
   2.0340000e+01  0.7630878049099994
   2.0360000e+01  0.6381683679099994
   2.0380000e+01  0.4517627839099994
   2.0400000e+01  0.2704669419099994
   2.0420000e+01  0.15036791390999943
   2.0440000e+01  0.08781305690999942
   2.0460000e+01   0.11720431190999943
   2.0480000e+01   0.21738479590999943
   2.0500000e+01   0.3639912469099994
   2.0520000e+01   0.5998968599099994
   2.0540000e+01   0.9030923199099994
   2.0560000e+01   1.1536468869099994
   2.0580000e+01   1.2939733139099994
   2.0600000e+01   1.4434840439099994
   2.0620000e+01   1.6845852839099993
   2.0640000e+01   1.8859301179099992
   2.0660000e+01  1.8996987749099992
   2.0680000e+01  1.7360229679099992
   2.0700000e+01  1.4937568479099992
   2.0720000e+01  1.211297937909999
   2.0740000e+01  0.8458969779099991
   2.0760000e+01  0.3510711779099991
   2.0780000e+01  -0.24653108209000096
   2.0800000e+01  -0.842226952090001
   2.0820000e+01  -1.280915092090001
   2.0840000e+01   -1.324048282090001
   2.0860000e+01   -0.895800022090001
   2.0880000e+01   -0.30677804209000104
   2.0900000e+01   0.10596405790999897
   2.0920000e+01   0.27719812490999896
   2.0940000e+01   0.363883838909999
   2.0960000e+01   0.548333665909999
   2.0980000e+01   0.877148665909999
   2.1000000e+01   1.2292369259099991
   2.1020000e+01  1.3763120279099992
   2.1040000e+01  1.248610919909999
   2.1060000e+01  1.0141470899099991
   2.1080000e+01  0.8320709359099991
   2.1100000e+01  0.6582812919099992
   2.1120000e+01  0.38441554190999916
   2.1140000e+01  0.029941221909999094
   2.1160000e+01  -0.29073811809000094
   2.1180000e+01  -0.44602684709000096
   2.1200000e+01   -0.35682439609000094
   2.1220000e+01   -0.1077621860900009
   2.1240000e+01   0.1477601539099991
   2.1260000e+01   0.39735761390999913
   2.1280000e+01   0.7278845139099992
   2.1300000e+01   1.187278943909999
   2.1320000e+01   1.6910354639099991
   2.1340000e+01   2.1121573639099993
   2.1360000e+01   2.4000216739099995
   2.1380000e+01   2.5352659619099995
   2.1400000e+01  2.4958590769099995
   2.1420000e+01  2.2794149439099995
   2.1440000e+01  1.9668926939099995
   2.1460000e+01  1.6739950139099995
   2.1480000e+01  1.4239944139099996
   2.1500000e+01  1.1790923839099996
   2.1520000e+01  0.9161497839099996
   2.1540000e+01  0.6240831539099996
   2.1560000e+01  0.30657032390999955
   2.1580000e+01  -0.006470666090000465
   2.1600000e+01  -0.29959660609000044
   2.1620000e+01  -0.5922137560900005
   2.1640000e+01  -0.9646176960900006
   2.1660000e+01  -1.5078909260900006
   2.1680000e+01  -2.1788329960900006
   2.1700000e+01  -2.8087006260900007
   2.1720000e+01  -3.2304446360900005
   2.1740000e+01  -3.4140705840900005
   2.1760000e+01   -3.4418513070900003
   2.1780000e+01   -3.39703241709
   2.1800000e+01   -3.3044235410900002
   2.1820000e+01   -3.1366019100900004
   2.1840000e+01   -2.8520101800900006
   2.1860000e+01   -2.4365704700900004
   2.1880000e+01   -1.9224747300900003
   2.1900000e+01   -1.3306367300900002
   2.1920000e+01   -0.6963977400900001
   2.1940000e+01   -0.14858248009000008
   2.1960000e+01   0.11521841790999993
   2.1980000e+01  0.04097099590999992
   2.2000000e+01  -0.2595343340900001
   2.2020000e+01  -0.6548366840900001
   2.2040000e+01  -1.0573102040900002
   2.2060000e+01  -1.4312037440900003
   2.2080000e+01  -1.7471922440900003
   2.2100000e+01  -2.02184472409
   2.2120000e+01  -2.2697170140900003
   2.2140000e+01  -2.43749708709
   2.2160000e+01   -2.48972986919
   2.2180000e+01   -2.45963896329
   2.2200000e+01   -2.37323951829
   2.2220000e+01   -2.26554289629
   2.2240000e+01   -2.19346554929
   2.2260000e+01  -2.18791979529
   2.2280000e+01  -2.20837162849
   2.2300000e+01   -2.15075528769
   2.2320000e+01   -2.00299283769
   2.2340000e+01   -1.8160862006899998
   2.2360000e+01   -1.5884425406899998
   2.2380000e+01   -1.29502727069
   2.2400000e+01   -0.9469618506899999
   2.2420000e+01   -0.59151797069
   2.2440000e+01   -0.26469126069
   2.2460000e+01   0.005506809310000027
   2.2480000e+01   0.19872978531000002
   2.2500000e+01   0.35616966131000005
   2.2520000e+01   0.53880740131
   2.2540000e+01   0.72790645931
   2.2560000e+01   0.8439486763099999
   2.2580000e+01  0.8160813273099999
   2.2600000e+01  0.6292465293099999
   2.2620000e+01  0.32953140930999986
   2.2640000e+01  0.004988039309999803
   2.2660000e+01  -0.2459351966900002
   2.2680000e+01  -0.3547603356900002
   2.2700000e+01   -0.3441642096900002
   2.2720000e+01  -0.36036552769000024
   2.2740000e+01  -0.5324791446900002
   2.2760000e+01  -0.8430235146900003
   2.2780000e+01  -1.1689016946900002
   2.2800000e+01  -1.3298115036900002
   2.2820000e+01   -1.2090936926900002
   2.2840000e+01   -0.8848986426900002
   2.2860000e+01   -0.5015265926900002
   2.2880000e+01   -0.1557294726900002
   2.2900000e+01   0.0818156483099998
   2.2920000e+01   0.2332092013099998
   2.2940000e+01   0.3596181713099998
   2.2960000e+01   0.4510377963099998
   2.2980000e+01  0.4820390620299998
   2.3000000e+01  0.4538656797499998
   2.3020000e+01  0.4187556090499998
   2.3040000e+01   0.4960895083499998
   2.3060000e+01   0.7409340673499998
   2.3080000e+01   1.0224254473499998
   2.3100000e+01  1.0773256063499999
   2.3120000e+01  0.7714104353499998
   2.3140000e+01  0.24914962534999974
   2.3160000e+01  -0.24848419465000027
   2.3180000e+01  -0.4963542736500003
   2.3200000e+01   -0.44979471465000026
   2.3220000e+01   -0.2506771666500003
   2.3240000e+01   0.0024498633499996925
   2.3260000e+01   0.3048371133499997
   2.3280000e+01   0.6280252133499997
   2.3300000e+01   0.8654722463499998
   2.3320000e+01   1.0136460473499997
   2.3340000e+01   1.1793911453499997
   2.3360000e+01   1.4084708353499997
   2.3380000e+01   1.6315266923499998
   2.3400000e+01   1.8043494483499998
   2.3420000e+01   2.03045898735
   2.3440000e+01   2.4179024873499997
   2.3460000e+01   2.8661386573499996
   2.3480000e+01   3.1499013393499995
   2.3500000e+01  3.1725664253499994
   2.3520000e+01  3.0269736963499994
   2.3540000e+01  2.8582952933499994
   2.3560000e+01  2.7686849353499996
   2.3580000e+01   2.7635861644499995
   2.3600000e+01   2.7893404365499994
   2.3620000e+01   2.8564392905499996
   2.3640000e+01   3.0116164295499996
   2.3660000e+01   3.2241695395499996
   2.3680000e+01   3.4033239375499997
   2.3700000e+01   3.5123019465499996
   2.3720000e+01  3.4307523075499997
   2.3740000e+01  3.03480475755
   2.3760000e+01  2.43162876755
   2.3780000e+01  1.79497619755
   2.3800000e+01  1.23760152755
   2.3820000e+01  0.8267644975500001
   2.3840000e+01  0.5293904675500001
   2.3860000e+01  0.25902125755000005
   2.3880000e+01  -0.05976004244999994
   2.3900000e+01  -0.46313893245
   2.3920000e+01  -0.89384309245
   2.3940000e+01  -1.2452494924500002
   2.3960000e+01  -1.45911184045
   2.3980000e+01  -1.57506933545
   2.4000000e+01  -1.6666505364500002
   2.4020000e+01  -1.78125287245
   2.4040000e+01  -1.95141423445
   2.4060000e+01  -2.11735641445
   2.4080000e+01   -2.09071163645
   2.4100000e+01   -1.84135015845
   2.4120000e+01   -1.59543867545
   2.4140000e+01  -1.51622361975
   2.4160000e+01  -1.54161549405
   2.4180000e+01   -1.52518804605
   2.4200000e+01   -1.39755494005
   2.4220000e+01   -1.17292120905
   2.4240000e+01   -0.8684723790500001
   2.4260000e+01   -0.50915616905
   2.4280000e+01   -0.14902543904999999
   2.4300000e+01   0.15801105095
   2.4320000e+01   0.37602091595
   2.4340000e+01   0.53144771895
   2.4360000e+01   0.66418469895
   2.4380000e+01   0.73674117895
   2.4400000e+01  0.70523112695
   2.4420000e+01  0.58606293595
   2.4440000e+01  0.42771682595000005
   2.4460000e+01  0.31803466495000005
   2.4480000e+01  0.25592556595000004
   2.4500000e+01  0.10765228895000004
   2.4520000e+01  -0.18753438105
   2.4540000e+01  -0.57091964105
   2.4560000e+01  -0.97364568105
   2.4580000e+01  -1.32694872105
   2.4600000e+01  -1.54464925505
   2.4620000e+01  -1.6304771250499999
   2.4640000e+01  -1.6988714590499998
   2.4660000e+01  -1.8275538670499998
   2.4680000e+01  -1.9860545130499998
   2.4700000e+01  -2.1025794480499997
   2.4720000e+01   -2.1085185000499997
   2.4740000e+01   -1.9870784290499997
   2.4760000e+01   -1.7920273450499997
   2.4780000e+01   -1.5871161040499997
   2.4800000e+01   -1.4063447930499997
   2.4820000e+01   -1.2130208330499996
   2.4840000e+01   -1.0040354640499995
   2.4860000e+01   -0.8518261700499996
   2.4880000e+01   -0.7375704490499996
   2.4900000e+01   -0.5915477140499996
   2.4920000e+01   -0.4494788720499996
   2.4940000e+01   -0.3819569120499996
   2.4960000e+01  -0.3884292710499996
   2.4980000e+01  -0.4476995620499996
   2.5000000e+01  -0.5045054370499996
   2.5020000e+01   -0.48172113904999964
   2.5040000e+01   -0.38410301304999966
   2.5060000e+01   -0.2848735000499997
   2.5080000e+01   -0.24420567084999967
   2.5100000e+01   -0.21197832364999966
   2.5120000e+01   -0.10075180264999967
   2.5140000e+01   0.05711983335000034
   2.5160000e+01   0.15526243435000037
   2.5180000e+01   0.18277212095000037
   2.5200000e+01   0.23904912655000038
   2.5220000e+01   0.3856767585500004
   2.5240000e+01   0.6110369485500003
   2.5260000e+01   0.8578570585500004
   2.5280000e+01   1.0580699535500004
   2.5300000e+01   1.2091772225500004
   2.5320000e+01   1.3574193825500003
   2.5340000e+01   1.4884334845500002
   2.5360000e+01  1.5178412765500002
   2.5380000e+01  1.4175039005500003
   2.5400000e+01  1.2516433895500003
   2.5420000e+01  1.0553541305500003
   2.5440000e+01  0.7907489205500002
   2.5460000e+01  0.46790684055000026
   2.5480000e+01  0.2198060125500002
   2.5500000e+01   0.1818409255500002
   2.5520000e+01   0.40618308655000024
   2.5540000e+01   0.8437362765500003
   2.5560000e+01   1.3420360165500003
   2.5580000e+01   1.7819418265500002
   2.5600000e+01   2.12049247655
   2.5620000e+01   2.33645592455
   2.5640000e+01   2.44554854155
   2.5660000e+01   2.48130309155
   2.5680000e+01  2.45455832855
   2.5700000e+01  2.38772639055
   2.5720000e+01   2.36391718455
   2.5740000e+01   2.45197085055
   2.5760000e+01   2.63833745855
   2.5780000e+01   2.8429456175500003
   2.5800000e+01   2.9583641565500005
   2.5820000e+01  2.9196218985500004
   2.5840000e+01  2.7411957905500004
   2.5860000e+01  2.4809289505500005
   2.5880000e+01  2.1874204205500005
   2.5900000e+01  1.9119415205500006
   2.5920000e+01  1.6768098805500005
   2.5940000e+01  1.4641950305500004
   2.5960000e+01  1.2791849075500004
   2.5980000e+01  1.1210742395500004
   2.6000000e+01  0.9625733555500005
   2.6020000e+01  0.7982460195500005
   2.6040000e+01  0.5821272525500005
   2.6060000e+01  0.2682268625500005
   2.6080000e+01  -0.08295474744999953
   2.6100000e+01  -0.4275768574499995
   2.6120000e+01  -0.7930460074499994
   2.6140000e+01  -1.1986065874499994
   2.6160000e+01  -1.6579481374499994
   2.6180000e+01  -2.1602779774499994
   2.6200000e+01  -2.6543569774499995
   2.6220000e+01  -3.0875334474499994
   2.6240000e+01  -3.4100993974499993
   2.6260000e+01  -3.623515851449999
   2.6280000e+01  -3.7516966154499993
   2.6300000e+01  -3.7951731968499995
   2.6320000e+01   -3.7666018582499996
   2.6340000e+01   -3.6909186252499997
   2.6360000e+01   -3.59623244725
   2.6380000e+01   -3.4564241272499996
   2.6400000e+01   -3.2188283222499994
   2.6420000e+01   -2.8828654122499993
   2.6440000e+01   -2.4673261322499993
   2.6460000e+01   -2.0177557322499995
   2.6480000e+01   -1.5951465622499996
   2.6500000e+01   -1.2505364822499996
   2.6520000e+01   -1.0441419062499997
   2.6540000e+01  -1.0158484492499997
   2.6560000e+01  -1.1222664632499997
   2.6580000e+01  -1.2456486902499997
   2.6600000e+01  -1.3240999202499997
   2.6620000e+01  -1.3739805432499996
   2.6640000e+01   -1.3939895672499996
   2.6660000e+01   -1.3393137182499995
   2.6680000e+01   -1.2038614992499994
   2.6700000e+01   -1.0751062622499994
   2.6720000e+01   -1.0236671987499995
   2.6740000e+01  -1.0628448292499995
   2.6760000e+01  -1.1937133982499994
   2.6780000e+01  -1.3577654172499996
   2.6800000e+01  -1.4427209109499997
   2.6820000e+01   -1.4098529426499997
   2.6840000e+01   -1.3305184546499997
   2.6860000e+01   -1.2651270316499996
   2.6880000e+01   -1.2370561310499997
   2.6900000e+01  -1.2366034211299997
   2.6920000e+01   -1.2244790398099996
   2.6940000e+01   -1.1670992878099997
   2.6960000e+01   -1.0203750088099997
   2.6980000e+01   -0.7832105488099996
   2.7000000e+01   -0.5182474188099997
   2.7020000e+01   -0.2642891488099997
   2.7040000e+01   -3.934880999972856e-5
   2.7060000e+01   0.28437995119000026
   2.7080000e+01   0.5582775611900003
   2.7100000e+01   0.8214051111900003
   2.7120000e+01   1.1074894411900003
   2.7140000e+01   1.4195138211900002
   2.7160000e+01   1.7626810111900002
   2.7180000e+01   2.20993913119
   2.7200000e+01   2.80735573119
   2.7220000e+01   3.49307036119
   2.7240000e+01   4.17307929119
   2.7260000e+01   4.75657308119
   2.7280000e+01   5.15923186119
   2.7300000e+01   5.34981868019
   2.7320000e+01  5.374210452190001
   2.7340000e+01  5.281641512190001
   2.7360000e+01  5.079878469190001
   2.7380000e+01  4.791112119190001
   2.7400000e+01  4.444458369190001
   2.7420000e+01  4.044398879190001
   2.7440000e+01  3.606512919190001
   2.7460000e+01  3.191437039190001
   2.7480000e+01  2.816540809190001
   2.7500000e+01  2.405812119190001
   2.7520000e+01  1.8983196591900011
   2.7540000e+01  1.311652259190001
   2.7560000e+01  0.750510749190001
   2.7580000e+01  0.37603449919000104
   2.7600000e+01   0.293490564190001
   2.7620000e+01   0.42846952819000106
   2.7640000e+01   0.614592699190001
   2.7660000e+01   0.7684226041900011
   2.7680000e+01   0.865654958190001
   2.7700000e+01  0.8945964080900011
   2.7720000e+01  0.879360583990001
   2.7740000e+01   0.889473648990001
   2.7760000e+01   0.9734854539900011
   2.7780000e+01   1.118604654990001
   2.7800000e+01   1.2738698839900011
   2.7820000e+01   1.4004299619900011
   2.7840000e+01   1.5239889609900013
   2.7860000e+01   1.6739883179900013
   2.7880000e+01   1.8021054859900012
   2.7900000e+01  1.7851030949900013
   2.7920000e+01  1.5836517869900013
   2.7940000e+01  1.2944901869900014
   2.7960000e+01  0.9609061869900013
   2.7980000e+01  0.5698263969900013
   2.8000000e+01  0.11774079699000117
   2.8020000e+01  -0.38880265300999883
   2.8040000e+01  -0.9411536530099989
   2.8060000e+01  -1.521467263009999
   2.8080000e+01  -2.093501753009999
   2.8100000e+01  -2.647808553009999
   2.8120000e+01  -3.152116313009999
   2.8140000e+01  -3.5394125330099993
   2.8160000e+01  -3.776047267009999
   2.8180000e+01  -3.867007337009999
   2.8200000e+01   -3.823611416009999
   2.8220000e+01   -3.673421269009999
   2.8240000e+01   -3.457728809009999
   2.8260000e+01   -3.2220225490099987
   2.8280000e+01   -2.9919380990099986
   2.8300000e+01   -2.753181049009999
   2.8320000e+01   -2.497092379009999
   2.8340000e+01   -2.231151639009999
   2.8360000e+01   -1.959683759009999
   2.8380000e+01   -1.719007399009999
   2.8400000e+01   -1.5489298640099989
   2.8420000e+01   -1.4695073890099988
   2.8440000e+01  -1.4940860130099989
   2.8460000e+01  -1.587510771009999
   2.8480000e+01  -1.7240882350099989
   2.8500000e+01  -1.9451451850099988
   2.8520000e+01  -2.277894885009999
   2.8540000e+01  -2.675585825009999
   2.8560000e+01  -3.0346941450099987
   2.8580000e+01  -3.2426737340099985
   2.8600000e+01   -3.2924558398099983
   2.8620000e+01   -3.2264004486099984
   2.8640000e+01   -3.0510208206099985
   2.8660000e+01   -2.7598046206099984
   2.8680000e+01   -2.351923410609998
   2.8700000e+01   -1.9134263206099982
   2.8720000e+01   -1.5596716106099981
   2.8740000e+01   -1.354177924609998
   2.8760000e+01  -1.305496171609998
   2.8780000e+01  -1.344726239609998
   2.8800000e+01  -1.397293714609998
   2.8820000e+01  -1.434315362609998
   2.8840000e+01   -1.440212670409998
   2.8860000e+01   -1.395005890209998
   2.8880000e+01   -1.281540259209998
   2.8900000e+01   -1.111035722209998
   2.8920000e+01   -0.923931755209998
   2.8940000e+01   -0.787248277209998
   2.8960000e+01   -0.738347397209998
   2.8980000e+01  -0.7381782019099979
   2.9000000e+01   -0.7403706247099979
   2.9020000e+01   -0.720017637809998
   2.9040000e+01   -0.6669653798099979
   2.9060000e+01   -0.5572582828099979
   2.9080000e+01   -0.3421560618099979
   2.9100000e+01   -0.035338231809997955
   2.9120000e+01   0.31911363819000205
   2.9140000e+01   0.695384998190002
   2.9160000e+01   1.0322869881900019
   2.9180000e+01   1.2628263681900018
   2.9200000e+01  1.3357833685900018
   2.9220000e+01  1.2462651579900017
   2.9240000e+01  1.1068989199900017
   2.9260000e+01  1.0192400639900017
   2.9280000e+01  0.9825935247900016
   2.9300000e+01  0.9430869695900016
   2.9320000e+01  0.8178555805900016
   2.9340000e+01  0.5649431165900016
   2.9360000e+01  0.21898461659000162
   2.9380000e+01  -0.13501465340999835
   2.9400000e+01  -0.43762657340999833
   2.9420000e+01  -0.6788313034099983
   2.9440000e+01  -0.8564123454099983
   2.9460000e+01  -0.9733054144099983
   2.9480000e+01  -1.0256792611099983
   2.9500000e+01   -1.0262943723099982
   2.9520000e+01  -1.0234906085099982
   2.9540000e+01  -1.0377395037099981
   2.9560000e+01   -1.044641726209998
   2.9580000e+01   -0.964463653209998
   2.9600000e+01   -0.728852718209998
   2.9620000e+01   -0.375421878209998
   2.9640000e+01   0.0032107617900020147
   2.9660000e+01   0.335536191790002
   2.9680000e+01   0.593141121790002
   2.9700000e+01   0.7803699347900019
   2.9720000e+01   0.903346273790002
   2.9740000e+01   0.954609747990002
   2.9760000e+01  0.937347380190002
   2.9780000e+01  0.8596765961900019
   2.9800000e+01  0.7434777311900019
   2.9820000e+01  0.608108987190002
   2.9840000e+01  0.47299226019000196
   2.9860000e+01  0.36890917519000194
   2.9880000e+01  0.3138422651900019
   2.9900000e+01   0.3036407635900019
   2.9920000e+01  0.3011693320900019
   2.9940000e+01  0.2622204971900019
   2.9960000e+01  0.1591813191900019
   2.9980000e+01  0.010313843190001892
   3.0000000e+01  -0.10681792880999812
   3.0020000e+01  -0.14889890550999813
   3.0040000e+01   -0.12736120520999814
   3.0060000e+01   -0.05398005720999814
   3.0080000e+01   0.03639505179000187
   3.0100000e+01   0.13017248179000185
   3.0120000e+01   0.21273217479000184
   3.0140000e+01   0.25895662879000186
   3.0160000e+01   0.31537615579000183
   3.0180000e+01   0.4138972197900018
   3.0200000e+01   0.49267841079000185
   3.0220000e+01  0.48119168279000185
   3.0240000e+01  0.3890926727900018
   3.0260000e+01  0.32065251009000184
   3.0280000e+01   0.3859518433900019
   3.0300000e+01   0.6007660143900019
   3.0320000e+01   0.8968279143900019
   3.0340000e+01   1.1965098243900019
   3.0360000e+01   1.480093464390002
   3.0380000e+01   1.745725294390002
   3.0400000e+01   1.950101253390002
   3.0420000e+01   2.043314967390002
   3.0440000e+01  2.047910203490002
   3.0460000e+01   2.054156634590002
   3.0480000e+01   2.112328308590002
   3.0500000e+01   2.206832263590002
   3.0520000e+01   2.306512156590002
   3.0540000e+01   2.383461458590002
   3.0560000e+01   2.438852270590002
   3.0580000e+01   2.482419464590002
   3.0600000e+01   2.507283081890002
   3.0620000e+01  2.498485768190002
   3.0640000e+01  2.427220423190002
   3.0660000e+01  2.290964939190002
   3.0680000e+01  2.120746288190002
   3.0700000e+01  1.9374047471900022
   3.0720000e+01  1.752475696190002
   3.0740000e+01  1.560464753190002
   3.0760000e+01  1.364361308190002
   3.0780000e+01  1.204357913190002
   3.0800000e+01  1.098973147190002
   3.0820000e+01  1.054200200590002
   3.0840000e+01   1.072812265990002
   3.0860000e+01   1.1254631179900019
   3.0880000e+01   1.162937947790002
   3.0900000e+01  1.166358770490002
   3.0920000e+01   1.169763303190002
   3.0940000e+01   1.202343567990002
   3.0960000e+01   1.242032211990002
   3.0980000e+01   1.297301449990002
   3.1000000e+01   1.418723132990002
   3.1020000e+01   1.581202177990002
   3.1040000e+01   1.736756461990002
   3.1060000e+01   1.859880030990002
   3.1080000e+01   1.9277392179900021
   3.1100000e+01  1.935713622990002
   3.1120000e+01  1.9076307779900021
   3.1140000e+01  1.8790541069900022
   3.1160000e+01  1.8428860669900022
   3.1180000e+01  1.7700137889900023
   3.1200000e+01  1.6807574439900024
   3.1220000e+01  1.5893479309900023
   3.1240000e+01  1.4738949489900022
   3.1260000e+01  1.3299673869900022
   3.1280000e+01  1.1451280149900023
   3.1300000e+01  0.8967537049900023
   3.1320000e+01  0.5733816749900023
   3.1340000e+01  0.2120185249900023
   3.1360000e+01  -0.15502902500999777
   3.1380000e+01  -0.5277533650099978
   3.1400000e+01  -0.8756621650099978
   3.1420000e+01  -1.1606282350099977
   3.1440000e+01  -1.3662065570099977
   3.1460000e+01  -1.5048754730099978
   3.1480000e+01  -1.5911379750099979
   3.1500000e+01  -1.6388041310099979
   3.1520000e+01  -1.6704808040099979
   3.1540000e+01  -1.7039459070099978
   3.1560000e+01  -1.7698238110099977
   3.1580000e+01  -1.8771745790099978
   3.1600000e+01  -1.9936533040099977
   3.1620000e+01  -2.0890643530099977
   3.1640000e+01  -2.144929104009998
   3.1660000e+01  -2.173923064009998
   3.1680000e+01  -2.207350946009998
   3.1700000e+01  -2.253228656009998
   3.1720000e+01  -2.281915837509998
   3.1740000e+01   -2.273714950009998
   3.1760000e+01   -2.246869577009998
   3.1780000e+01   -2.192349065009998
   3.1800000e+01   -2.078771880009998
   3.1820000e+01   -1.904941153009998
   3.1840000e+01   -1.695528696009998
   3.1860000e+01   -1.502358460009998
   3.1880000e+01   -1.388889784009998
   3.1900000e+01  -1.360772282909998
   3.1920000e+01  -1.3653564785099979
   3.1940000e+01   -1.3605444862099978
   3.1960000e+01  -1.3554749744099979
   3.1980000e+01  -1.3815368656099978
   3.2000000e+01  -1.4419162516099977
   3.2020000e+01  -1.5102979396099978
   3.2040000e+01  -1.5785686506099978
   3.2060000e+01  -1.638936858609998
   3.2080000e+01   -1.6547098384099979
   3.2100000e+01   -1.614807347209998
   3.2120000e+01   -1.537585976209998
   3.2140000e+01   -1.4318440182099978
   3.2160000e+01   -1.3087277632099978
   3.2180000e+01   -1.1841021042099977
   3.2200000e+01   -1.0416556262099976
   3.2220000e+01   -0.8742645862099976
   3.2240000e+01   -0.7035729472099976
   3.2260000e+01   -0.5792693252099976
   3.2280000e+01   -0.5319252701099977
   3.2300000e+01  -0.5465170580099977
   3.2320000e+01  -0.6163255690099977
   3.2340000e+01  -0.7152277910099977
   3.2360000e+01  -0.8202905800099977
   3.2380000e+01  -0.9213157700099976
   3.2400000e+01  -0.9724106908099976
   3.2420000e+01   -0.9369133846099976
   3.2440000e+01   -0.8461698226099976
   3.2460000e+01   -0.7259218386099976
   3.2480000e+01   -0.5469800006099976
   3.2500000e+01   -0.2592246606099976
   3.2520000e+01   0.15681019939000246
   3.2540000e+01   0.6721114493900024
   3.2560000e+01   1.2374329093900025
   3.2580000e+01   1.8437040293900024
   3.2600000e+01   2.4800720493900026
   3.2620000e+01   3.0430584593900027
   3.2640000e+01   3.481897829390003
   3.2660000e+01   3.838891469390003
   3.2680000e+01   4.137647449390003
   3.2700000e+01   4.350855396390003
   3.2720000e+01  4.426248407690003
   3.2740000e+01  4.363262050990003
   3.2760000e+01  4.200274389990003
   3.2780000e+01  3.9364889499900033
   3.2800000e+01  3.5752222799900033
   3.2820000e+01  3.127386149990003
   3.2840000e+01  2.587477669990003
   3.2860000e+01  1.9581302299900027
   3.2880000e+01  1.2517662799900027
   3.2900000e+01  0.5482733099900026
   3.2920000e+01  -0.06350400000999745
   3.2940000e+01  -0.5412932300099975
   3.2960000e+01  -0.8776371100099976
   3.2980000e+01  -1.0867575890099976
   3.3000000e+01  -1.1859532970099975
   3.3020000e+01  -1.2277125910099975
   3.3040000e+01  -1.2597214740099976
   3.3060000e+01   -1.2667321617099976
   3.3080000e+01   -1.2091942254099977
   3.3100000e+01   -1.0889501774099977
   3.3120000e+01   -0.9307876064099977
   3.3140000e+01   -0.7405353374099977
   3.3160000e+01   -0.5348401974099977
   3.3180000e+01   -0.34341487140999766
   3.3200000e+01   -0.16927560840999764
   3.3220000e+01   -0.02651168140999763
   3.3240000e+01   0.07271609659000237
   3.3260000e+01   0.1309669825900024
   3.3280000e+01   0.1555250979900024
   3.3300000e+01   0.17641536339000238
   3.3320000e+01   0.1924868873900024
   3.3340000e+01  0.19324535009000238
   3.3360000e+01  0.17583957279000237
   3.3380000e+01  0.14672019979000236
   3.3400000e+01   0.14163161899000237
   3.3420000e+01   0.16002871019000237
   3.3440000e+01   0.18024818419000238
   3.3460000e+01   0.21249728319000238
   3.3480000e+01   0.2675957221900024
   3.3500000e+01   0.3435774271900024
   3.3520000e+01   0.4193001281900024
   3.3540000e+01   0.4806629271900024
   3.3560000e+01   0.5227087041900024
   3.3580000e+01  0.5261555095900023
   3.3600000e+01  0.5077577850900024
   3.3620000e+01  0.48897312519000236
   3.3640000e+01  0.4625689501900024
   3.3660000e+01  0.42119420819000236
   3.3680000e+01  0.3852383121900024
   3.3700000e+01  0.3716502818900024
   3.3720000e+01   0.39056784959000235
   3.3740000e+01   0.46721706659000234
   3.3760000e+01   0.6066875635900023
   3.3780000e+01   0.7860531225900024
   3.3800000e+01   0.9526201825900024
   3.3820000e+01   1.0525031115900023
   3.3840000e+01  1.0389243025900023
   3.3860000e+01  0.9224036125900024
   3.3880000e+01  0.7685779095900024
   3.3900000e+01  0.6134682075900024
   3.3920000e+01  0.48151890759000243
   3.3940000e+01  0.41334673059000243
   3.3960000e+01   0.40341036089000243
   3.3980000e+01   0.4143038632900024
   3.4000000e+01   0.4250739616900024
   3.4020000e+01  0.4159531159900024
   3.4040000e+01  0.3521853499900024
   3.4060000e+01  0.1774628989900024
   3.4080000e+01  -0.1036911510099976
   3.4100000e+01  -0.44561789100999755
   3.4120000e+01  -0.8174421910099976
   3.4140000e+01  -1.1851231710099976
   3.4160000e+01  -1.5443500910099976
   3.4180000e+01  -1.8942854610099977
   3.4200000e+01  -2.213917411009998
   3.4220000e+01  -2.519107471009998
   3.4240000e+01  -2.842211451009998
   3.4260000e+01  -3.186458541009998
   3.4280000e+01  -3.5510587110099983
   3.4300000e+01  -3.902458711009998
   3.4320000e+01  -4.175228231009998
   3.4340000e+01  -4.319565462009998
   3.4360000e+01   -4.324319847009998
   3.4380000e+01   -4.2259138800099985
   3.4400000e+01   -4.064558323009998
   3.4420000e+01   -3.874278918009998
   3.4440000e+01   -3.667511979009998
   3.4460000e+01   -3.441692579009998
   3.4480000e+01   -3.2185149290099977
   3.4500000e+01   -3.022683519009998
   3.4520000e+01   -2.850784839009998
   3.4540000e+01   -2.667728359009998
   3.4560000e+01   -2.465269929009998
   3.4580000e+01   -2.232012969009998
   3.4600000e+01   -1.9512465390099982
   3.4620000e+01   -1.6655344790099982
   3.4640000e+01   -1.4089124790099983
   3.4660000e+01   -1.1814609590099983
   3.4680000e+01   -0.9660855090099982
   3.4700000e+01   -0.7258563290099982
   3.4720000e+01   -0.4239428490099982
   3.4740000e+01   -0.04643472900999823
   3.4760000e+01   0.36867892099000177
   3.4780000e+01   0.7440745609900017
   3.4800000e+01   1.0533492009900016
   3.4820000e+01   1.2830510139900015
   3.4840000e+01   1.3983395089900015
   3.4860000e+01  1.3936920189900015
   3.4880000e+01  1.2680050049900016
   3.4900000e+01  1.0409659229900017
   3.4920000e+01  0.7752854529900017
   3.4940000e+01  0.5338212829900018
   3.4960000e+01  0.32713720899000176
   3.4980000e+01  0.12665759499000176
   3.5000000e+01  -0.08982524500999825
   3.5020000e+01  -0.30476977500999824
   3.5040000e+01  -0.5007676040099982
   3.5060000e+01  -0.6914696640099982
   3.5080000e+01  -0.8744495320099982
   3.5100000e+01  -1.0177181020099981
   3.5120000e+01  -1.0947246160099982
   3.5140000e+01   -1.0843590530099982
   3.5160000e+01   -0.9911196270099982
   3.5180000e+01   -0.8455723130099982
   3.5200000e+01   -0.6833599740099983
   3.5220000e+01   -0.5415981700099983
   3.5240000e+01   -0.4520869780099983
   3.5260000e+01   -0.40833021700999833
   3.5280000e+01   -0.3862119744099983
   3.5300000e+01  -0.39065924250999834
   3.5320000e+01   -0.3981195426099983
   3.5340000e+01  -0.4001213205099983
   3.5360000e+01  -0.4155837930099983
   3.5380000e+01  -0.4520181860099983
   3.5400000e+01  -0.4917760610099983
   3.5420000e+01  -0.5178698980099983
   3.5440000e+01  -0.5340296207099983
   3.5460000e+01   -0.5346021171099983
   3.5480000e+01   -0.5250453329099983
   3.5500000e+01   -0.5094709550099983
   3.5520000e+01   -0.4855566490099983
   3.5540000e+01   -0.4372735750099983
   3.5560000e+01   -0.3608751230099983
   3.5580000e+01   -0.2654307730099983
   3.5600000e+01   -0.1422739570099983
   3.5620000e+01   -0.010231787009998272
   3.5640000e+01   0.11591107099000172
   3.5660000e+01   0.23430627499000173
   3.5680000e+01   0.3428074879900017
   3.5700000e+01   0.4453923639900017
   3.5720000e+01   0.5491067329900017
   3.5740000e+01   0.6696019339900017
   3.5760000e+01   0.7780390109900017
   3.5780000e+01   0.8853619169900018
   3.5800000e+01   1.0587761619900018
   3.5820000e+01   1.296624001990002
   3.5840000e+01   1.556778171990002
   3.5860000e+01   1.804877671990002
   3.5880000e+01   2.029548231990002
   3.5900000e+01   2.236658881990002
   3.5920000e+01   2.414183787990002
   3.5940000e+01   2.556204327990002
   3.5960000e+01   2.674171342990002
   3.5980000e+01   2.776320064990002
   3.6000000e+01   2.891742378990002
   3.6020000e+01   3.0148746619900018
   3.6040000e+01   3.091950068990002
   3.6060000e+01   3.1284744909900017
   3.6080000e+01   3.156533091990002
   3.6100000e+01   3.194848591990002
   3.6120000e+01   3.2515526889900017
   3.6140000e+01   3.3140257059900016
   3.6160000e+01   3.3502320732900017
   3.6180000e+01  3.3496999352900017
   3.6200000e+01  3.3365374299900017
   3.6220000e+01  3.3055619599900017
   3.6240000e+01  3.2376279439900015
   3.6260000e+01  3.1366391079900016
   3.6280000e+01  3.0265206359900017
   3.6300000e+01  2.921608665990002
   3.6320000e+01  2.847069705990002
   3.6340000e+01  2.799776536990002
   3.6360000e+01  2.7248827179900017
   3.6380000e+01  2.579041395990002
   3.6400000e+01  2.355433349990002
   3.6420000e+01  2.076851789990002
   3.6440000e+01  1.7498031699900018
   3.6460000e+01  1.3748527999900018
   3.6480000e+01  0.9606704299900017
   3.6500000e+01  0.5254448199900017
   3.6520000e+01  0.1291749199900017
   3.6540000e+01  -0.1701432500099983
   3.6560000e+01  -0.3885448350099983
   3.6580000e+01  -0.5705758140099983
   3.6600000e+01  -0.7510824350099984
   3.6620000e+01  -0.9480632820099985
   3.6640000e+01  -1.1502670620099984
   3.6660000e+01  -1.3267006880099985
   3.6680000e+01  -1.4393445720099984
   3.6700000e+01  -1.5022809530099985
   3.6720000e+01  -1.5751844020099985
   3.6740000e+01  -1.6913200670099986
   3.6760000e+01  -1.8500041700099987
   3.6780000e+01  -2.029693711009999
   3.6800000e+01  -2.177247944009999
   3.6820000e+01  -2.257008837009999
   3.6840000e+01  -2.291098482009999
   3.6860000e+01  -2.3026733015399987
   3.6880000e+01   -2.3001867915699985
   3.6900000e+01   -2.2815990150699985
   3.6920000e+01   -2.2270481640699984
   3.6940000e+01   -2.1349984220699985
   3.6960000e+01   -2.0207380590699984
   3.6980000e+01   -1.8945493390699983
   3.7000000e+01   -1.7443451360699984
   3.7020000e+01   -1.5498535660699984
   3.7040000e+01   -1.3253631460699984
   3.7060000e+01   -1.1010855760699985
   3.7080000e+01   -0.8774157860699985
   3.7100000e+01   -0.6500832360699985
   3.7120000e+01   -0.4374275200699985
   3.7140000e+01   -0.24359460506999853
   3.7160000e+01   -0.052886601069998485
   3.7180000e+01   0.1386876259300015
   3.7200000e+01   0.30119965093000145
   3.7220000e+01   0.43025941393000144
   3.7240000e+01   0.5455896789300014
   3.7260000e+01   0.6689040889300014
   3.7280000e+01   0.8144458709300014
   3.7300000e+01   0.9515808669300014
   3.7320000e+01   1.0645694359300015
   3.7340000e+01   1.1431185869300016
   3.7360000e+01   1.1855663279300015
   3.7380000e+01   1.2211114019300016
   3.7400000e+01   1.2593060369300015
   3.7420000e+01   1.2780195679350015
   3.7440000e+01  1.2602118889400016
   3.7460000e+01  1.2055779019400015
   3.7480000e+01  1.1229779549400014
   3.7500000e+01  1.0332912409400015
   3.7520000e+01  0.9595588479400015
   3.7540000e+01  0.9143194059400015
   3.7560000e+01  0.8877875929400015
   3.7580000e+01  0.8758422868200015
   3.7600000e+01   0.8884745877000015
   3.7620000e+01   0.9087076802000016
   3.7640000e+01  0.9009883117000016
   3.7660000e+01  0.8520652347000016
   3.7680000e+01  0.7774907207000016
   3.7700000e+01  0.7015323247000016
   3.7720000e+01  0.6316264337000016
   3.7740000e+01  0.5673489937000016
   3.7760000e+01  0.5111303047000015
   3.7780000e+01  0.4555292557000015
   3.7800000e+01  0.40332995870000155
   3.7820000e+01  0.36330275270000156
   3.7840000e+01  0.32832287570000157
   3.7860000e+01  0.3020616723000016
   3.7880000e+01  0.2792544909000016
   3.7900000e+01  0.2483514069000016
   3.7920000e+01  0.2108942529000016
   3.7940000e+01  0.1671983969000016
   3.7960000e+01  0.1162014919000016
   3.7980000e+01  0.047447015900001596
   3.8000000e+01  -0.04333316309999839
   3.8020000e+01  -0.1527367110999984
   3.8040000e+01  -0.2692387350999984
   3.8060000e+01  -0.3679886230999984
   3.8080000e+01  -0.4403721170999984
   3.8100000e+01  -0.5037863520999984
   3.8120000e+01  -0.5742492250999984
   3.8140000e+01  -0.6544126520999984
   3.8160000e+01  -0.7352720310999984
   3.8180000e+01  -0.8066516560999983
   3.8200000e+01  -0.8616047700999984
   3.8220000e+01  -0.9051574130999984
   3.8240000e+01  -0.9539312120999984
   3.8260000e+01  -1.0110627490999984
   3.8280000e+01  -1.0756583100999983
   3.8300000e+01  -1.1484395890999983
   3.8320000e+01  -1.2270260780999984
   3.8340000e+01  -1.3131244730999985
   3.8360000e+01  -1.4086641310999986
   3.8380000e+01  -1.5079522720999985
   3.8400000e+01  -1.5983094240999984
   3.8420000e+01  -1.6715749810999985
   3.8440000e+01  -1.7254635000999985
   3.8460000e+01  -1.7561813219999984
   3.8480000e+01   -1.7594704004999984
   3.8500000e+01   -1.7315114010999983
   3.8520000e+01   -1.6770758530999983
   3.8540000e+01   -1.6117390960999982
   3.8560000e+01   -1.5525313640999983
   3.8580000e+01   -1.5058341140999982
   3.8600000e+01   -1.4663093010999981
   3.8620000e+01   -1.4325808880999982
   3.8640000e+01   -1.4044201100999982
   3.8660000e+01   -1.3792639050999982
   3.8680000e+01   -1.3518161020999981
   3.8700000e+01   -1.3171035640999982
   3.8720000e+01   -1.2760527910999981
   3.8740000e+01   -1.2284624340999981
   3.8760000e+01   -1.1754623480999982
   3.8780000e+01   -1.1184235940999983
   3.8800000e+01   -1.0569194160999982
   3.8820000e+01   -0.9906335720999981
   3.8840000e+01   -0.9219158540999981
   3.8860000e+01   -0.8510704150999981
   3.8880000e+01   -0.7752195720999981
   3.8900000e+01   -0.6981042050999982
   3.8920000e+01   -0.6229097770999982
   3.8940000e+01   -0.5492344850999982
   3.8960000e+01   -0.4745151120999982
   3.8980000e+01   -0.3990711590999982
   3.9000000e+01   -0.3259311070999982
   3.9020000e+01   -0.2547438930999982
   3.9040000e+01   -0.18563305009999817
   3.9060000e+01   -0.11696013609999817
   3.9080000e+01   -0.04973219509999817
   3.9100000e+01   0.01185681590000183
   3.9120000e+01   0.06694292590000184
   3.9140000e+01   0.11600086590000183
   3.9160000e+01   0.16128882690000182
   3.9180000e+01   0.20542721590000182
   3.9200000e+01   0.2482518129000018
   3.9220000e+01   0.2901823189000018
   3.9240000e+01   0.3314461799000018
   3.9260000e+01   0.3717808509000018
   3.9280000e+01   0.4119557179000018
   3.9300000e+01   0.4504205499000018
   3.9320000e+01   0.4841964889000018
   3.9340000e+01   0.5118086179000018
   3.9360000e+01   0.5333759445000018
   3.9380000e+01   0.5503312875000018
   3.9400000e+01   0.5644254671000019
   3.9420000e+01   0.5769910467000019
   3.9440000e+01   0.5885947811000019
   3.9460000e+01   0.5986963609000019
   3.9480000e+01   0.6062424201000018
   3.9500000e+01   0.6095208899700019
   3.9520000e+01  0.6085959122400019
   3.9540000e+01  0.6051584640400018
   3.9560000e+01  0.6003372775400019
   3.9580000e+01  0.5950198336400019
   3.9600000e+01  0.5894217755400019
   3.9620000e+01  0.5828632340400018
   3.9640000e+01  0.5747804007400018
   3.9660000e+01  0.5652980660400018
   3.9680000e+01  0.5545932386400018
   3.9700000e+01  0.5429381561400017
   3.9720000e+01  0.5304664604400018
   3.9740000e+01  0.5171202823400017
   3.9760000e+01  0.5029849646400018
   3.9780000e+01  0.48830806644000174
   3.9800000e+01  0.47322105054000174
   3.9820000e+01  0.45770236734000175
   3.9840000e+01  0.4417597271400017
   3.9860000e+01  0.4256219783400017
   3.9880000e+01  0.4096418077400017
   3.9900000e+01  0.3940388066400017
   3.9920000e+01  0.3789211178400017
   3.9940000e+01  0.3643701371400017
   3.9960000e+01  0.3504637178400017
   3.9980000e+01  0.3372552202400017
