   0.0000000e+00   1.4158844e-02
   1.0000000e-02   9.9292682e-02
   2.0000000e-02   3.0949669e-01
   3.0000000e-02   5.3567462e-01
   4.0000000e-02   5.4548434e-01
   5.0000000e-02   4.9381642e-01
   6.0000000e-02   9.3492466e-01
   7.0000000e-02   1.1899605e+00
   8.0000000e-02  -1.5898425e+00
   9.0000000e-02  -8.8801477e+00
   1.0000000e-01  -1.6218368e+01
   1.1000000e-01  -1.6353636e+01
   1.2000000e-01  -8.4313437e+00
   1.3000000e-01   1.9254136e-01
   1.4000000e-01   3.2736220e+00
   1.5000000e-01   2.3930478e+00
   1.6000000e-01   1.9117285e+00
   1.7000000e-01   2.0927762e+00
   1.8000000e-01   1.1306620e+00
   1.9000000e-01  -3.6388438e-02
   2.0000000e-01   4.6446803e-01
   2.1000000e-01   1.5824911e+00
   2.2000000e-01   1.2749673e+00
   2.3000000e-01   9.5851100e-02
   2.4000000e-01  -2.7068030e-01
   2.5000000e-01   4.7300760e-02
   2.6000000e-01   1.5784907e-01
   2.7000000e-01   4.4683998e-01
   2.8000000e-01   1.5091904e+00
   2.9000000e-01   2.6353828e+00
   3.0000000e-01   2.9184758e+00
   3.1000000e-01   2.6303276e+00
   3.2000000e-01   2.4688653e+00
   3.3000000e-01   2.4890524e+00
   3.4000000e-01   2.4720656e+00
   3.5000000e-01   2.4659607e+00
   3.6000000e-01   2.4749127e+00
   3.7000000e-01   2.3032624e+00
   3.8000000e-01   1.9392037e+00
   3.9000000e-01   1.4379281e+00
   4.0000000e-01   3.9763655e-01
   4.1000000e-01  -1.5816510e+00
   4.2000000e-01  -3.7517570e+00
   4.3000000e-01  -4.4331484e+00
   4.4000000e-01  -2.7401023e+00
   4.5000000e-01   5.7522714e-01
   4.6000000e-01   4.0708767e+00
   4.7000000e-01   6.4705196e+00
   4.8000000e-01   6.6137299e+00
   4.9000000e-01   4.0606950e+00
   5.0000000e-01   2.3263739e-01
   5.1000000e-01  -2.4155339e+00
   5.2000000e-01  -2.8210558e+00
   5.3000000e-01  -1.5912682e+00
   5.4000000e-01   9.7423061e-01
   5.5000000e-01   4.6761852e+00
   5.6000000e-01   6.9544136e+00
   5.7000000e-01   4.1521921e+00
   5.8000000e-01  -2.9293071e+00
   5.9000000e-01  -7.8564628e+00
   6.0000000e-01  -5.6789928e+00
   6.1000000e-01   9.8363171e-01
   6.2000000e-01   5.6140585e+00
   6.3000000e-01   5.5305257e+00
   6.4000000e-01   3.1041264e+00
   6.5000000e-01   1.1113499e+00
   6.6000000e-01   3.2094987e-01
   6.7000000e-01   8.0674804e-01
   6.8000000e-01   2.3057835e+00
   6.9000000e-01   3.1967466e+00
   7.0000000e-01   1.6518559e+00
   7.1000000e-01  -1.8281070e+00
   7.2000000e-01  -4.6738086e+00
   7.3000000e-01  -5.0202781e+00
   7.4000000e-01  -2.8866077e+00
   7.5000000e-01   9.0949949e-01
   7.6000000e-01   5.2300440e+00
   7.7000000e-01   8.0860187e+00
   7.8000000e-01   7.4236745e+00
   7.9000000e-01   3.1868688e+00
   8.0000000e-01  -2.1499025e+00
   8.1000000e-01  -5.5883827e+00
   8.2000000e-01  -5.9776010e+00
   8.3000000e-01  -4.4415503e+00
   8.4000000e-01  -2.7260725e+00
   8.5000000e-01  -1.3028789e+00
   8.6000000e-01   5.1602895e-01
   8.7000000e-01   2.4449213e+00
   8.8000000e-01   2.3045433e+00
   8.9000000e-01  -1.3665461e+00
   9.0000000e-01  -6.3030430e+00
   9.1000000e-01  -8.0743533e+00
   9.2000000e-01  -5.0518823e+00
   9.3000000e-01  -2.1429421e-01
   9.4000000e-01   2.6049500e+00
   9.5000000e-01   2.7457928e+00
   9.6000000e-01   2.0909228e+00
   9.7000000e-01   1.7652453e+00
   9.8000000e-01   8.8076095e-01
   9.9000000e-01  -1.8758120e+00
   1.0000000e+00  -6.3210250e+00
   1.0100000e+00  -1.0237130e+01
   1.0200000e+00  -1.0458500e+01
   1.0300000e+00  -5.2270325e+00
   1.0400000e+00   3.8718998e+00
   1.0500000e+00   1.2747173e+01
   1.0600000e+00   1.8046549e+01
   1.0700000e+00   1.9240193e+01
   1.0800000e+00   1.7485346e+01
   1.0900000e+00   1.3589452e+01
   1.1000000e+00   7.9905651e+00
   1.1100000e+00   1.9842757e+00
   1.1200000e+00  -2.3856124e+00
   1.1300000e+00  -3.8766216e+00
   1.1400000e+00  -2.9469658e+00
   1.1500000e+00  -1.1803503e+00
   1.1600000e+00  -3.1653115e-01
   1.1700000e+00  -1.6196677e+00
   1.1800000e+00  -5.3399125e+00
   1.1900000e+00  -1.0460851e+01
   1.2000000e+00  -1.5343371e+01
   1.2100000e+00  -1.8727612e+01
   1.2200000e+00  -1.9731566e+01
   1.2300000e+00  -1.7037560e+01
   1.2400000e+00  -9.3030292e+00
   1.2500000e+00   2.5011430e+00
   1.2600000e+00   1.3557621e+01
   1.2700000e+00   1.7666628e+01
   1.2800000e+00   1.2505841e+01
   1.2900000e+00   2.2914373e+00
   1.3000000e+00  -5.5755226e+00
   1.3100000e+00  -6.7088885e+00
   1.3200000e+00  -2.4340968e+00
   1.3300000e+00   3.0932404e+00
   1.3400000e+00   7.2034705e+00
   1.3500000e+00   9.7385479e+00
   1.3600000e+00   1.0851907e+01
   1.3700000e+00   9.2779581e+00
   1.3800000e+00   3.5538883e+00
   1.3900000e+00  -5.1327060e+00
   1.4000000e+00  -1.2170954e+01
   1.4100000e+00  -1.2920011e+01
   1.4200000e+00  -7.3901532e+00
   1.4300000e+00  -4.8384205e-01
   1.4400000e+00   3.2065403e+00
   1.4500000e+00   3.4492394e+00
   1.4600000e+00   1.9373055e+00
   1.4700000e+00  -1.9486910e+00
   1.4800000e+00  -9.3851144e+00
   1.4900000e+00  -1.6860893e+01
   1.5000000e+00  -1.7211248e+01
   1.5100000e+00  -7.5824489e+00
   1.5200000e+00   6.4628550e+00
   1.5300000e+00   1.6325456e+01
   1.5400000e+00   1.7698713e+01
   1.5500000e+00   1.1955808e+01
   1.5600000e+00   3.5638018e+00
   1.5700000e+00  -2.2700986e+00
   1.5800000e+00  -2.4748744e+00
   1.5900000e+00   1.0698609e+00
   1.6000000e+00   3.5796866e+00
   1.6100000e+00   3.3698369e+00
   1.6200000e+00   3.0742687e+00
   1.6300000e+00   3.9886332e+00
   1.6400000e+00   3.3681074e+00
   1.6500000e+00  -3.0616516e-01
   1.6600000e+00  -3.5532723e+00
   1.6700000e+00  -3.0203575e+00
   1.6800000e+00  -1.0364929e+00
   1.6900000e+00  -1.7360604e+00
   1.7000000e+00  -3.9587566e+00
   1.7100000e+00  -2.6357093e+00
   1.7200000e+00   3.6944474e+00
   1.7300000e+00   1.0723594e+01
   1.7400000e+00   1.3485718e+01
   1.7500000e+00   1.0548120e+01
   1.7600000e+00   3.4456051e+00
   1.7700000e+00  -4.9352055e+00
   1.7800000e+00  -1.0984927e+01
   1.7900000e+00  -1.1895980e+01
   1.8000000e+00  -7.7570939e+00
   1.8100000e+00  -1.3685920e+00
   1.8200000e+00   4.1231939e+00
   1.8300000e+00   6.8732181e+00
   1.8400000e+00   6.4507791e+00
   1.8500000e+00   3.8158959e+00
   1.8600000e+00   1.1923541e+00
   1.8700000e+00   7.6241633e-01
   1.8800000e+00   2.8563882e+00
   1.8900000e+00   5.5689781e+00
   1.9000000e+00   6.2819543e+00
   1.9100000e+00   3.7322254e+00
   1.9200000e+00  -1.0013060e+00
   1.9300000e+00  -5.3498386e+00
   1.9400000e+00  -7.2559529e+00
   1.9500000e+00  -6.5092386e+00
   1.9600000e+00  -4.3540936e+00
   1.9700000e+00  -2.2145313e+00
   1.9800000e+00  -7.7692176e-01
   1.9900000e+00   3.4209797e-01
   2.0000000e+00   2.2245408e+00
   2.0100000e+00   5.3062925e+00
   2.0200000e+00   8.2508455e+00
   2.0300000e+00   8.9323506e+00
   2.0400000e+00   6.6714125e+00
   2.0500000e+00   2.6306940e+00
   2.0600000e+00  -1.9168654e+00
   2.0700000e+00  -6.3105165e+00
   2.0800000e+00  -9.3761459e+00
   2.0900000e+00  -9.5194661e+00
   2.1000000e+00  -6.9202384e+00
   2.1100000e+00  -4.0727281e+00
   2.1200000e+00  -2.8892603e+00
   2.1300000e+00  -2.4552933e+00
   2.1400000e+00  -8.6177335e-01
   2.1500000e+00   1.8690604e+00
   2.1600000e+00   4.0324573e+00
   2.1700000e+00   4.5103874e+00
   2.1800000e+00   3.5476140e+00
   2.1900000e+00   2.1789473e+00
   2.2000000e+00   2.1149446e+00
   2.2100000e+00   4.9884971e+00
   2.2200000e+00   9.8728831e+00
   2.2300000e+00   1.2451338e+01
   2.2400000e+00   8.9620473e+00
   2.2500000e+00   7.9726835e-01
   2.2600000e+00  -6.8536134e+00
   2.2700000e+00  -1.0739279e+01
   2.2800000e+00  -1.1591473e+01
   2.2900000e+00  -1.0530454e+01
   2.3000000e+00  -6.7055734e+00
   2.3100000e+00   2.1641508e-02
   2.3200000e+00   6.7304940e+00
   2.3300000e+00   1.0036573e+01
   2.3400000e+00   9.3247257e+00
   2.3500000e+00   5.4458774e+00
   2.3600000e+00  -1.7505548e+00
   2.3700000e+00  -1.1583023e+01
   2.3800000e+00  -1.9481109e+01
   2.3900000e+00  -1.9507200e+01
   2.4000000e+00  -1.0711728e+01
   2.4100000e+00   1.1748277e+00
   2.4200000e+00   9.0612223e+00
   2.4300000e+00   1.0250025e+01
   2.4400000e+00   7.1318242e+00
   2.4500000e+00   4.0138449e+00
   2.4600000e+00   3.5663376e+00
   2.4700000e+00   5.0284953e+00
   2.4800000e+00   5.5817853e+00
   2.4900000e+00   4.0643915e+00
   2.5000000e+00   2.5629022e+00
   2.5100000e+00   3.2436052e+00
   2.5200000e+00   4.8302543e+00
   2.5300000e+00   4.1795990e+00
   2.5400000e+00   5.5507346e-01
   2.5500000e+00  -3.8433738e+00
   2.5600000e+00  -7.0901193e+00
   2.5700000e+00  -8.9067365e+00
   2.5800000e+00  -8.9499563e+00
   2.5900000e+00  -6.2595806e+00
   2.6000000e+00  -1.1857719e+00
   2.6100000e+00   3.9043120e+00
   2.6200000e+00   6.7885069e+00
   2.6300000e+00   7.2484374e+00
   2.6400000e+00   6.3006015e+00
   2.6500000e+00   4.6968032e+00
   2.6600000e+00   2.9505511e+00
   2.6700000e+00   2.0357627e+00
   2.6800000e+00   2.8738404e+00
   2.6900000e+00   4.9189519e+00
   2.7000000e+00   5.9121102e+00
   2.7100000e+00   3.7746157e+00
   2.7200000e+00  -9.7447406e-01
   2.7300000e+00  -4.9226648e+00
   2.7400000e+00  -4.4216549e+00
   2.7500000e+00   8.2667132e-01
   2.7600000e+00   6.5493536e+00
   2.7700000e+00   6.9359551e+00
   2.7800000e+00   8.1601741e-02
   2.7900000e+00  -9.4689382e+00
   2.8000000e+00  -1.4592145e+01
   2.8100000e+00  -1.2106889e+01
   2.8200000e+00  -4.6434805e+00
   2.8300000e+00   3.1123954e+00
   2.8400000e+00   7.8920412e+00
   2.8500000e+00   8.0858522e+00
   2.8600000e+00   3.5825520e+00
   2.8700000e+00  -3.8746593e+00
   2.8800000e+00  -1.2071684e+01
   2.8900000e+00  -2.0032876e+01
   2.9000000e+00  -2.7001435e+01
   2.9100000e+00  -3.1668738e+01
   2.9200000e+00  -3.5017606e+01
   2.9300000e+00  -4.1332703e+01
   2.9400000e+00  -5.2847999e+01
   2.9500000e+00  -6.6001350e+01
   2.9600000e+00  -7.6207630e+01
   2.9700000e+00  -8.2681286e+01
   2.9800000e+00  -8.5639800e+01
   2.9900000e+00  -8.4273646e+01
   3.0000000e+00  -8.0949178e+01
   3.0100000e+00  -8.0746812e+01
   3.0200000e+00  -8.3493712e+01
   3.0300000e+00  -8.4215511e+01
   3.0400000e+00  -8.3849583e+01
   3.0500000e+00  -8.8960066e+01
   3.0600000e+00  -9.8495767e+01
   3.0700000e+00  -1.0327422e+02
   3.0800000e+00  -1.0037159e+02
   3.0900000e+00  -9.4297737e+01
   3.1000000e+00  -8.4660326e+01
   3.1100000e+00  -6.8526798e+01
   3.1200000e+00  -4.8986275e+01
   3.1300000e+00  -1.9424904e+01
   3.1400000e+00   4.8502819e+01
   3.1500000e+00   1.6582851e+02
   3.1600000e+00   2.8579898e+02
   3.1700000e+00   3.4957917e+02
   3.1800000e+00   3.6613643e+02
   3.1900000e+00   3.8813019e+02
   3.2000000e+00   4.0973427e+02
   3.2100000e+00   3.6625120e+02
   3.2200000e+00   2.5620208e+02
   3.2300000e+00   1.7837034e+02
   3.2400000e+00   1.9520181e+02
   3.2500000e+00   2.2986759e+02
   3.2600000e+00   1.6988666e+02
   3.2700000e+00   2.4377890e+01
   3.2800000e+00  -9.7998327e+01
   3.2900000e+00  -1.3723072e+02
   3.3000000e+00  -1.3051693e+02
   3.3100000e+00  -1.2569169e+02
   3.3200000e+00  -1.2273079e+02
   3.3300000e+00  -1.1124986e+02
   3.3400000e+00  -1.0352359e+02
   3.3500000e+00  -1.0666444e+02
   3.3600000e+00  -1.0574037e+02
   3.3700000e+00  -9.7816236e+01
   3.3800000e+00  -1.0706381e+02
   3.3900000e+00  -1.4037676e+02
   3.4000000e+00  -1.5785567e+02
   3.4100000e+00  -1.1953671e+02
   3.4200000e+00  -4.3870541e+01
   3.4300000e+00   1.0536979e+01
   3.4400000e+00   1.0540097e+01
   3.4500000e+00  -3.0521847e+01
   3.4600000e+00  -8.3681910e+01
   3.4700000e+00  -1.2155203e+02
   3.4800000e+00  -1.1261847e+02
   3.4900000e+00  -4.2153984e+01
   3.5000000e+00   5.1973776e+01
   3.5100000e+00   1.0158767e+02
   3.5200000e+00   8.3054089e+01
   3.5300000e+00   4.2139294e+01
   3.5400000e+00   3.1458454e+01
   3.5500000e+00   5.3569785e+01
   3.5600000e+00   8.1588525e+01
   3.5700000e+00   1.0226827e+02
   3.5800000e+00   1.1290190e+02
   3.5900000e+00   1.0292525e+02
   3.6000000e+00   6.9451975e+01
   3.6100000e+00   3.4124326e+01
   3.6200000e+00   1.7381852e+01
   3.6300000e+00   8.1678985e+00
   3.6400000e+00  -1.7707990e+01
   3.6500000e+00  -5.9712969e+01
   3.6600000e+00  -9.4433672e+01
   3.6700000e+00  -1.0732027e+02
   3.6800000e+00  -1.0400603e+02
   3.6900000e+00  -9.5914397e+01
   3.7000000e+00  -9.0413050e+01
   3.7100000e+00  -9.0535315e+01
   3.7200000e+00  -9.0607101e+01
   3.7300000e+00  -7.5472662e+01
   3.7400000e+00  -3.6712953e+01
   3.7500000e+00   1.0403697e+01
   3.7600000e+00   3.5182645e+01
   3.7700000e+00   1.9105712e+01
   3.7800000e+00  -2.7507566e+01
   3.7900000e+00  -7.5210101e+01
   3.8000000e+00  -9.9012842e+01
   3.8100000e+00  -9.4023979e+01
   3.8200000e+00  -7.2497114e+01
   3.8300000e+00  -4.9695927e+01
   3.8400000e+00  -3.4308554e+01
   3.8500000e+00  -2.8699470e+01
   3.8600000e+00  -3.0110397e+01
   3.8700000e+00  -2.8349450e+01
   3.8800000e+00  -9.3041232e+00
   3.8900000e+00   3.1558420e+01
   3.9000000e+00   8.0843055e+01
   3.9100000e+00   1.1811064e+02
   3.9200000e+00   1.3466119e+02
   3.9300000e+00   1.3707873e+02
   3.9400000e+00   1.3356561e+02
   3.9500000e+00   1.2394753e+02
   3.9600000e+00   1.0543419e+02
   3.9700000e+00   8.1274715e+01
   3.9800000e+00   5.7303709e+01
   3.9900000e+00   3.3634420e+01
   4.0000000e+00   7.7206876e+00
   4.0100000e+00  -1.5165838e+01
   4.0200000e+00  -2.3442590e+01
   4.0300000e+00  -1.4189659e+01
   4.0400000e+00   6.1761676e-01
   4.0500000e+00   7.5117755e+00
   4.0600000e+00   5.4388415e+00
   4.0700000e+00   1.0880810e+00
   4.0800000e+00  -3.8947037e+00
   4.0900000e+00  -1.2986990e+01
   4.1000000e+00  -2.4674274e+01
   4.1100000e+00  -3.0899143e+01
   4.1200000e+00  -2.7108443e+01
   4.1300000e+00  -1.7969247e+01
   4.1400000e+00  -1.0446575e+01
   4.1500000e+00  -5.2005904e+00
   4.1600000e+00   1.4627543e+00
   4.1700000e+00   8.8590105e+00
   4.1800000e+00   9.6241355e+00
   4.1900000e+00  -1.8649584e+00
   4.2000000e+00  -2.0846033e+01
   4.2100000e+00  -3.5096220e+01
   4.2200000e+00  -3.6669656e+01
   4.2300000e+00  -2.8257429e+01
   4.2400000e+00  -1.7462671e+01
   4.2500000e+00  -7.9603943e+00
   4.2600000e+00   1.6584852e+00
   4.2700000e+00   1.2748253e+01
   4.2800000e+00   2.3445232e+01
   4.2900000e+00   3.0303497e+01
   4.3000000e+00   3.1427928e+01
   4.3100000e+00   2.8027603e+01
   4.3200000e+00   2.3238935e+01
   4.3300000e+00   1.8684770e+01
   4.3400000e+00   1.2215960e+01
   4.3500000e+00   3.7285165e-01
   4.3600000e+00  -1.6792736e+01
   4.3700000e+00  -3.4626415e+01
   4.3800000e+00  -4.7542971e+01
   4.3900000e+00  -5.2677628e+01
   4.4000000e+00  -5.0748391e+01
   4.4100000e+00  -4.5512641e+01
   4.4200000e+00  -4.2296175e+01
   4.4300000e+00  -4.4776806e+01
   4.4400000e+00  -5.2078165e+01
   4.4500000e+00  -5.9400023e+01
   4.4600000e+00  -6.1275581e+01
   4.4700000e+00  -5.3914894e+01
   4.4800000e+00  -3.5876805e+01
   4.4900000e+00  -8.5842653e+00
   4.5000000e+00   2.3434435e+01
   4.5100000e+00   5.3777271e+01
   4.5200000e+00   7.6512013e+01
   4.5300000e+00   8.8181213e+01
   4.5400000e+00   8.8330929e+01
   4.5500000e+00   7.8241619e+01
   4.5600000e+00   5.9674983e+01
   4.5700000e+00   3.6487015e+01
   4.5800000e+00   1.7349542e+01
   4.5900000e+00   1.3084446e+01
   4.6000000e+00   2.7921900e+01
   4.6100000e+00   5.4144461e+01
   4.6200000e+00   7.6615349e+01
   4.6300000e+00   8.1104995e+01
   4.6400000e+00   5.9431795e+01
   4.6500000e+00   1.4255205e+01
   4.6600000e+00  -3.5912808e+01
   4.6700000e+00  -6.2852875e+01
   4.6800000e+00  -5.0054546e+01
   4.6900000e+00  -9.1925874e+00
   4.7000000e+00   2.9689099e+01
   4.7100000e+00   4.4398117e+01
   4.7200000e+00   3.4319700e+01
   4.7300000e+00   1.2539849e+01
   4.7400000e+00  -7.6746685e+00
   4.7500000e+00  -1.9488536e+01
   4.7600000e+00  -2.4164371e+01
   4.7700000e+00  -2.9248071e+01
   4.7800000e+00  -4.0712315e+01
   4.7900000e+00  -5.5046545e+01
   4.8000000e+00  -6.2159755e+01
   4.8100000e+00  -5.6304857e+01
   4.8200000e+00  -4.0574576e+01
   4.8300000e+00  -2.1053679e+01
   4.8400000e+00  -1.6805378e+00
   4.8500000e+00   1.3706931e+01
   4.8600000e+00   1.9105043e+01
   4.8700000e+00   1.0184205e+01
   4.8800000e+00  -1.0262661e+01
   4.8900000e+00  -3.2291473e+01
   4.9000000e+00  -4.4423209e+01
   4.9100000e+00  -4.0576229e+01
   4.9200000e+00  -2.4207988e+01
   4.9300000e+00  -6.5409540e+00
   4.9400000e+00   1.3316348e+00
   4.9500000e+00  -3.1195864e+00
   4.9600000e+00  -1.2701760e+01
   4.9700000e+00  -1.8245703e+01
   4.9800000e+00  -1.7694399e+01
   4.9900000e+00  -1.6693235e+01
   5.0000000e+00  -1.9334013e+01
   5.0100000e+00  -1.9786323e+01
   5.0200000e+00  -6.8124776e+00
   5.0300000e+00   2.1865593e+01
   5.0400000e+00   5.2860925e+01
   5.0500000e+00   6.8032236e+01
   5.0600000e+00   6.0786666e+01
   5.0700000e+00   3.9339618e+01
   5.0800000e+00   1.6492904e+01
   5.0900000e+00   4.3571578e-01
   5.1000000e+00  -6.2104713e+00
   5.1100000e+00  -4.7575721e+00
   5.1200000e+00  -3.6520363e-01
   5.1300000e+00  -1.7091306e-01
   5.1400000e+00  -8.3165217e+00
   5.1500000e+00  -2.2504493e+01
   5.1600000e+00  -3.5230263e+01
   5.1700000e+00  -3.8214938e+01
   5.1800000e+00  -2.7953049e+01
   5.1900000e+00  -9.5409826e+00
   5.2000000e+00   6.1077505e+00
   5.2100000e+00   1.1478342e+01
   5.2200000e+00   8.3778534e+00
   5.2300000e+00   3.3219374e+00
   5.2400000e+00  -5.0060490e-01
   5.2500000e+00  -3.7043986e+00
   5.2600000e+00  -5.8808207e+00
   5.2700000e+00  -5.3546200e+00
   5.2800000e+00  -3.0795898e+00
   5.2900000e+00  -1.8113399e+00
   5.3000000e+00  -7.2763372e-01
   5.3100000e+00   4.6851147e+00
   5.3200000e+00   1.5534393e+01
   5.3300000e+00   2.5650137e+01
   5.3400000e+00   2.7482375e+01
   5.3500000e+00   2.0510957e+01
   5.3600000e+00   1.1929282e+01
   5.3700000e+00   9.4415837e+00
   5.3800000e+00   1.4220555e+01
   5.3900000e+00   2.0449116e+01
   5.4000000e+00   2.1280950e+01
   5.4100000e+00   1.5799938e+01
   5.4200000e+00   1.0583375e+01
   5.4300000e+00   1.3925485e+01
   5.4400000e+00   2.7811521e+01
   5.4500000e+00   4.5407966e+01
   5.4600000e+00   5.6574936e+01
   5.4700000e+00   5.5806672e+01
   5.4800000e+00   4.4852173e+01
   5.4900000e+00   2.8726939e+01
   5.5000000e+00   1.1347916e+01
   5.5100000e+00  -4.1917371e+00
   5.5200000e+00  -1.3950192e+01
   5.5300000e+00  -1.5666061e+01
   5.5400000e+00  -1.2949713e+01
   5.5500000e+00  -1.3421671e+01
   5.5600000e+00  -2.1185686e+01
   5.5700000e+00  -3.3182583e+01
   5.5800000e+00  -4.3601435e+01
   5.5900000e+00  -4.9125842e+01
   5.6000000e+00  -4.8859713e+01
   5.6100000e+00  -4.2690242e+01
   5.6200000e+00  -3.2629028e+01
   5.6300000e+00  -2.3702312e+01
   5.6400000e+00  -2.0335767e+01
   5.6500000e+00  -2.2014960e+01
   5.6600000e+00  -2.3847040e+01
   5.6700000e+00  -2.0925238e+01
   5.6800000e+00  -1.1805088e+01
   5.6900000e+00   7.9487325e-01
   5.7000000e+00   1.1907785e+01
   5.7100000e+00   1.8105836e+01
   5.7200000e+00   1.9793452e+01
   5.7300000e+00   1.8817527e+01
   5.7400000e+00   1.4793046e+01
   5.7500000e+00   6.3608533e+00
   5.7600000e+00  -4.4575821e+00
   5.7700000e+00  -1.2767715e+01
   5.7800000e+00  -1.6541287e+01
   5.7900000e+00  -1.8900321e+01
   5.8000000e+00  -2.3486301e+01
   5.8100000e+00  -2.9964593e+01
   5.8200000e+00  -3.5171284e+01
   5.8300000e+00  -3.6370385e+01
   5.8400000e+00  -3.2167792e+01
   5.8500000e+00  -2.2389423e+01
   5.8600000e+00  -8.8045047e+00
   5.8700000e+00   5.0293452e+00
   5.8800000e+00   1.5716982e+01
   5.8900000e+00   2.1589606e+01
   5.9000000e+00   2.2847726e+01
   5.9100000e+00   2.1371682e+01
   5.9200000e+00   1.9682816e+01
   5.9300000e+00   1.8226613e+01
   5.9400000e+00   1.4243315e+01
   5.9500000e+00   5.6737480e+00
   5.9600000e+00  -3.9924223e+00
   5.9700000e+00  -7.5534648e+00
   5.9800000e+00  -1.7800033e+00
   5.9900000e+00   8.5724066e+00
   6.0000000e+00   1.5508836e+01
   6.0100000e+00   1.5443616e+01
   6.0200000e+00   1.1477869e+01
   6.0300000e+00   9.1771031e+00
   6.0400000e+00   1.1011279e+01
   6.0500000e+00   1.4588011e+01
   6.0600000e+00   1.5737775e+01
   6.0700000e+00   1.2956506e+01
   6.0800000e+00   8.3644629e+00
   6.0900000e+00   4.5483256e+00
   6.1000000e+00   1.9120066e+00
   6.1100000e+00  -1.3629557e-01
   6.1200000e+00  -1.0283301e+00
   6.1300000e+00  -1.4047839e-02
   6.1400000e+00   1.3107593e+00
   6.1500000e+00  -4.6181878e-01
   6.1600000e+00  -6.9673744e+00
   6.1700000e+00  -1.6059485e+01
   6.1800000e+00  -2.3650464e+01
   6.1900000e+00  -2.6801468e+01
   6.2000000e+00  -2.5041116e+01
   6.2100000e+00  -1.9767166e+01
   6.2200000e+00  -1.2948976e+01
   6.2300000e+00  -5.9448640e+00
   6.2400000e+00   8.1490321e-01
   6.2500000e+00   6.8434376e+00
   6.2600000e+00   1.0453167e+01
   6.2700000e+00   9.4161947e+00
   6.2800000e+00   3.4971559e+00
   6.2900000e+00  -3.7206896e+00
   6.3000000e+00  -6.2851667e+00
   6.3100000e+00  -2.2167179e-01
   6.3200000e+00   1.2630572e+01
   6.3300000e+00   2.4977723e+01
   6.3400000e+00   2.9171800e+01
   6.3500000e+00   2.3171566e+01
   6.3600000e+00   1.1916298e+01
   6.3700000e+00   2.5475461e+00
   6.3800000e+00  -1.8104356e+00
   6.3900000e+00  -3.3226482e+00
   6.4000000e+00  -5.0149978e+00
   6.4100000e+00  -6.4964022e+00
   6.4200000e+00  -4.9465575e+00
   6.4300000e+00   5.7547423e-01
   6.4400000e+00   7.3171723e+00
   6.4500000e+00   1.1281188e+01
   6.4600000e+00   1.0299886e+01
   6.4700000e+00   4.7302779e+00
   6.4800000e+00  -3.2396346e+00
   6.4900000e+00  -1.0177324e+01
   6.5000000e+00  -1.2703139e+01
   6.5100000e+00  -9.8598484e+00
   6.5200000e+00  -4.2278923e+00
   6.5300000e+00  -8.0879499e-02
   6.5400000e+00  -5.4211684e-01
   6.5500000e+00  -6.4086481e+00
   6.5600000e+00  -1.6261333e+01
   6.5700000e+00  -2.6430987e+01
   6.5800000e+00  -3.1815367e+01
   6.5900000e+00  -2.8919152e+01
   6.6000000e+00  -1.8900450e+01
   6.6100000e+00  -6.8478449e+00
   6.6200000e+00   2.4050044e+00
   6.6300000e+00   7.4529832e+00
   6.6400000e+00   9.7459763e+00
   6.6500000e+00   1.1219664e+01
   6.6600000e+00   1.3054141e+01
   6.6700000e+00   1.5643159e+01
   6.6800000e+00   1.8467727e+01
   6.6900000e+00   2.0145363e+01
   6.7000000e+00   1.9643662e+01
   6.7100000e+00   1.7731787e+01
   6.7200000e+00   1.6647512e+01
   6.7300000e+00   1.8133367e+01
   6.7400000e+00   2.2253574e+01
   6.7500000e+00   2.8061542e+01
   6.7600000e+00   3.4401226e+01
   6.7700000e+00   3.9434401e+01
   6.7800000e+00   4.0223953e+01
   6.7900000e+00   3.4184048e+01
   6.8000000e+00   2.1537161e+01
   6.8100000e+00   6.1328353e+00
   6.8200000e+00  -6.5704821e+00
   6.8300000e+00  -1.2952166e+01
   6.8400000e+00  -1.3436563e+01
   6.8500000e+00  -1.1537018e+01
   6.8600000e+00  -1.0408916e+01
   6.8700000e+00  -1.0233114e+01
   6.8800000e+00  -8.9962206e+00
   6.8900000e+00  -5.1296130e+00
   6.9000000e+00   1.4396854e+00
   6.9100000e+00   1.0114676e+01
   6.9200000e+00   1.9732663e+01
   6.9300000e+00   2.7547881e+01
   6.9400000e+00   2.9684816e+01
   6.9500000e+00   2.3791678e+01
   6.9600000e+00   1.1122546e+01
   6.9700000e+00  -4.0019266e+00
   6.9800000e+00  -1.6390391e+01
   6.9900000e+00  -2.2402138e+01
   7.0000000e+00  -2.1903938e+01
   7.0100000e+00  -1.8285219e+01
   7.0200000e+00  -1.5616125e+01
   7.0300000e+00  -1.5598223e+01
   7.0400000e+00  -1.7837024e+01
   7.0500000e+00  -2.2175478e+01
   7.0600000e+00  -2.8768368e+01
   7.0700000e+00  -3.5838716e+01
   7.0800000e+00  -3.9569910e+01
   7.0900000e+00  -3.7501263e+01
   7.1000000e+00  -3.1242892e+01
   7.1100000e+00  -2.5192108e+01
   7.1200000e+00  -2.3045579e+01
   7.1300000e+00  -2.5485040e+01
   7.1400000e+00  -3.0156104e+01
   7.1500000e+00  -3.3501901e+01
   7.1600000e+00  -3.3422300e+01
   7.1700000e+00  -3.0643807e+01
   7.1800000e+00  -2.7349608e+01
   7.1900000e+00  -2.4913068e+01
   7.2000000e+00  -2.3712110e+01
   7.2100000e+00  -2.4439123e+01
   7.2200000e+00  -2.7692575e+01
   7.2300000e+00  -3.1728518e+01
   7.2400000e+00  -3.2177189e+01
   7.2500000e+00  -2.5440294e+01
   7.2600000e+00  -1.2168012e+01
   7.2700000e+00   3.1517464e+00
   7.2800000e+00   1.5420363e+01
   7.2900000e+00   2.1216533e+01
   7.3000000e+00   1.9425619e+01
   7.3100000e+00   1.2151733e+01
   7.3200000e+00   5.3217904e+00
   7.3300000e+00   5.8239223e+00
   7.3400000e+00   1.5808705e+01
   7.3500000e+00   3.0194561e+01
   7.3600000e+00   4.0945252e+01
   7.3700000e+00   4.3493405e+01
   7.3800000e+00   3.8684838e+01
   7.3900000e+00   3.0303900e+01
   7.4000000e+00   2.2723324e+01
   7.4100000e+00   1.9852266e+01
   7.4200000e+00   2.3405156e+01
   7.4300000e+00   3.1357949e+01
   7.4400000e+00   3.9509637e+01
   7.4500000e+00   4.4990516e+01
   7.4600000e+00   4.7329337e+01
   7.4700000e+00   4.6535572e+01
   7.4800000e+00   4.2136694e+01
   7.4900000e+00   3.4766744e+01
   7.5000000e+00   2.7256051e+01
   7.5100000e+00   2.2904019e+01
   7.5200000e+00   2.2725748e+01
   7.5300000e+00   2.4540129e+01
   7.5400000e+00   2.4550822e+01
   7.5500000e+00   2.0105341e+01
   7.5600000e+00   1.1589035e+01
   7.5700000e+00   1.8593506e+00
   7.5800000e+00  -6.1658414e+00
   7.5900000e+00  -1.1151365e+01
   7.6000000e+00  -1.2939936e+01
   7.6100000e+00  -1.1741316e+01
   7.6200000e+00  -8.4524592e+00
   7.6300000e+00  -5.0609446e+00
   7.6400000e+00  -3.6407700e+00
   7.6500000e+00  -4.6401560e+00
   7.6600000e+00  -6.2995805e+00
   7.6700000e+00  -5.9469169e+00
   7.6800000e+00  -2.3660654e+00
   7.6900000e+00   2.7036411e+00
   7.7000000e+00   5.8213254e+00
   7.7100000e+00   5.1009384e+00
   7.7200000e+00   1.7875270e+00
   7.7300000e+00  -1.8514953e+00
   7.7400000e+00  -5.3696543e+00
   7.7500000e+00  -1.0019749e+01
   7.7600000e+00  -1.6633819e+01
   7.7700000e+00  -2.4827976e+01
   7.7800000e+00  -3.3719546e+01
   7.7900000e+00  -4.2135048e+01
   7.8000000e+00  -4.8435201e+01
   7.8100000e+00  -5.1306507e+01
   7.8200000e+00  -5.0648218e+01
   7.8300000e+00  -4.7131699e+01
   7.8400000e+00  -4.1601778e+01
   7.8500000e+00  -3.5558226e+01
   7.8600000e+00  -3.0874484e+01
   7.8700000e+00  -2.7519644e+01
   7.8800000e+00  -2.2565878e+01
   7.8900000e+00  -1.3412800e+01
   7.9000000e+00  -1.7109883e+00
   7.9100000e+00   7.5492689e+00
   7.9200000e+00   1.0774317e+01
   7.9300000e+00   8.3844635e+00
   7.9400000e+00   3.2442481e+00
   7.9500000e+00  -1.7159372e+00
   7.9600000e+00  -4.2969339e+00
   7.9700000e+00  -3.3532101e+00
   7.9800000e+00   6.5001659e-01
   7.9900000e+00   6.0013135e+00
   8.0000000e+00   1.1042801e+01
   8.0100000e+00   1.4772576e+01
   8.0200000e+00   1.6545367e+01
   8.0300000e+00   1.6334491e+01
   8.0400000e+00   1.5487048e+01
   8.0500000e+00   1.6110981e+01
   8.0600000e+00   1.8944479e+01
   8.0700000e+00   2.2186695e+01
   8.0800000e+00   2.2918598e+01
   8.0900000e+00   1.9678469e+01
   8.1000000e+00   1.3769896e+01
   8.1100000e+00   8.4638732e+00
   8.1200000e+00   6.7753403e+00
   8.1300000e+00   9.1232414e+00
   8.1400000e+00   1.2667424e+01
   8.1500000e+00   1.3528335e+01
   8.1600000e+00   1.0392458e+01
   8.1700000e+00   5.8019028e+00
   8.1800000e+00   3.4893579e+00
   8.1900000e+00   4.8170986e+00
   8.2000000e+00   8.4068082e+00
   8.2100000e+00   1.2588002e+01
   8.2200000e+00   1.6692434e+01
   8.2300000e+00   1.9757970e+01
   8.2400000e+00   1.9643097e+01
   8.2500000e+00   1.4778845e+01
   8.2600000e+00   6.3317123e+00
   8.2700000e+00  -2.2384585e+00
   8.2800000e+00  -7.5424695e+00
   8.2900000e+00  -7.9526713e+00
   8.3000000e+00  -4.0050144e+00
   8.3100000e+00   1.7899402e+00
   8.3200000e+00   6.0831970e+00
   8.3300000e+00   6.8718833e+00
   8.3400000e+00   4.7602598e+00
   8.3500000e+00   1.7667704e+00
   8.3600000e+00  -6.5469984e-01
   8.3700000e+00  -2.0235036e+00
   8.3800000e+00  -2.1956080e+00
   8.3900000e+00  -1.4149574e+00
   8.4000000e+00  -6.1357618e-01
   8.4100000e+00  -6.5212233e-01
   8.4200000e+00  -1.3835714e+00
   8.4300000e+00  -2.2252827e+00
   8.4400000e+00  -3.4406500e+00
   8.4500000e+00  -5.9340529e+00
   8.4600000e+00  -9.6550691e+00
   8.4700000e+00  -1.2979362e+01
   8.4800000e+00  -1.4170525e+01
   8.4900000e+00  -1.3233484e+01
   8.5000000e+00  -1.1916074e+01
   8.5100000e+00  -1.1781455e+01
   8.5200000e+00  -1.2582122e+01
   8.5300000e+00  -1.2921773e+01
   8.5400000e+00  -1.2336193e+01
   8.5500000e+00  -1.1919681e+01
   8.5600000e+00  -1.2581401e+01
   8.5700000e+00  -1.3508355e+01
   8.5800000e+00  -1.3141112e+01
   8.5900000e+00  -1.1154469e+01
   8.6000000e+00  -8.4890819e+00
   8.6100000e+00  -5.5669686e+00
   8.6200000e+00  -1.4862942e+00
   8.6300000e+00   4.6325378e+00
   8.6400000e+00   1.2023172e+01
   8.6500000e+00   1.8434913e+01
   8.6600000e+00   2.1837017e+01
   8.6700000e+00   2.1810602e+01
   8.6800000e+00   1.9398268e+01
   8.6900000e+00   1.5971325e+01
   8.7000000e+00   1.2499722e+01
   8.7100000e+00   9.5720080e+00
   8.7200000e+00   7.3609918e+00
   8.7300000e+00   5.3974424e+00
   8.7400000e+00   3.0135542e+00
   8.7500000e+00   2.4118918e-01
   8.7600000e+00  -2.3476193e+00
   8.7700000e+00  -4.7444594e+00
   8.7800000e+00  -7.3829896e+00
   8.7900000e+00  -9.5926343e+00
   8.8000000e+00  -9.5608303e+00
   8.8100000e+00  -6.7870947e+00
   8.8200000e+00  -3.4838938e+00
   8.8300000e+00  -2.3752716e+00
   8.8400000e+00  -3.7921354e+00
   8.8500000e+00  -5.7636361e+00
   8.8600000e+00  -6.0303560e+00
   8.8700000e+00  -3.0986167e+00
   8.8800000e+00   3.3490164e+00
   8.8900000e+00   1.1462806e+01
   8.9000000e+00   1.7381078e+01
   8.9100000e+00   1.7994344e+01
   8.9200000e+00   1.3448106e+01
   8.9300000e+00   6.2115400e+00
   8.9400000e+00  -1.3755517e+00
   8.9500000e+00  -7.5369538e+00
   8.9600000e+00  -1.0386266e+01
   8.9700000e+00  -8.9866708e+00
   8.9800000e+00  -4.9003849e+00
   8.9900000e+00  -1.0416721e+00
   9.0000000e+00   1.0413957e+00
   9.0100000e+00   1.6165042e+00
   9.0200000e+00   1.0057778e+00
   9.0300000e+00  -9.0640771e-01
   9.0400000e+00  -3.3150359e+00
   9.0500000e+00  -4.1813209e+00
   9.0600000e+00  -1.8732712e+00
   9.0700000e+00   3.5306138e+00
   9.0800000e+00   1.0486810e+01
   9.0900000e+00   1.6676603e+01
   9.1000000e+00   1.9680752e+01
   9.1100000e+00   1.8128414e+01
   9.1200000e+00   1.2425583e+01
   9.1300000e+00   3.9150321e+00
   9.1400000e+00  -6.1149969e+00
   9.1500000e+00  -1.5758553e+01
   9.1600000e+00  -2.1880470e+01
   9.1700000e+00  -2.2178470e+01
   9.1800000e+00  -1.7898767e+01
   9.1900000e+00  -1.2861675e+01
   9.2000000e+00  -9.5082918e+00
   9.2100000e+00  -7.2719999e+00
   9.2200000e+00  -4.9935112e+00
   9.2300000e+00  -3.2309847e+00
   9.2400000e+00  -3.3474860e+00
   9.2500000e+00  -5.4012545e+00
   9.2600000e+00  -7.7387427e+00
   9.2700000e+00  -8.1396794e+00
   9.2800000e+00  -5.2303370e+00
   9.2900000e+00   2.9153232e-01
   9.3000000e+00   5.5348956e+00
   9.3100000e+00   7.4157249e+00
   9.3200000e+00   5.2027626e+00
   9.3300000e+00   5.7190898e-01
   9.3400000e+00  -4.6750100e+00
   9.3500000e+00  -9.8543323e+00
   9.3600000e+00  -1.4311648e+01
   9.3700000e+00  -1.6477938e+01
   9.3800000e+00  -1.4909542e+01
   9.3900000e+00  -9.8683383e+00
   9.4000000e+00  -3.4692797e+00
   9.4100000e+00   1.6220118e+00
   9.4200000e+00   3.9245567e+00
   9.4300000e+00   4.1848685e+00
   9.4400000e+00   4.5356199e+00
   9.4500000e+00   6.1124934e+00
   9.4600000e+00   7.8895983e+00
   9.4700000e+00   8.4250082e+00
   9.4800000e+00   7.9415796e+00
   9.4900000e+00   7.4873689e+00
   9.5000000e+00   6.6084276e+00
   9.5100000e+00   3.4418602e+00
   9.5200000e+00  -2.8039891e+00
   9.5300000e+00  -1.0676870e+01
   9.5400000e+00  -1.7873580e+01
   9.5500000e+00  -2.2733250e+01
   9.5600000e+00  -2.4379841e+01
   9.5700000e+00  -2.2764303e+01
   9.5800000e+00  -1.9129158e+01
   9.5900000e+00  -1.5527441e+01
   9.6000000e+00  -1.3190958e+01
   9.6100000e+00  -1.1659217e+01
   9.6200000e+00  -9.7041901e+00
   9.6300000e+00  -6.7511118e+00
   9.6400000e+00  -3.3113835e+00
   9.6500000e+00  -4.1175057e-01
   9.6600000e+00   1.3015403e+00
   9.6700000e+00   2.2007428e+00
   9.6800000e+00   3.5100117e+00
   9.6900000e+00   6.2762624e+00
   9.7000000e+00   1.0373408e+01
   9.7100000e+00   1.4523929e+01
   9.7200000e+00   1.7298532e+01
   9.7300000e+00   1.8201659e+01
   9.7400000e+00   1.7919068e+01
   9.7500000e+00   1.7446557e+01
   9.7600000e+00   1.7011618e+01
   9.7700000e+00   1.6249428e+01
   9.7800000e+00   1.5474657e+01
   9.7900000e+00   1.5898388e+01
   9.8000000e+00   1.7961081e+01
   9.8100000e+00   2.0230564e+01
   9.8200000e+00   2.0887210e+01
   9.8300000e+00   1.9709148e+01
   9.8400000e+00   1.7611731e+01
   9.8500000e+00   1.4946782e+01
   9.8600000e+00   1.1634227e+01
   9.8700000e+00   8.4183509e+00
   9.8800000e+00   6.2251442e+00
   9.8900000e+00   4.3317174e+00
   9.9000000e+00   9.3962765e-01
   9.9100000e+00  -4.1056704e+00
   9.9200000e+00  -8.7713995e+00
   9.9300000e+00  -1.1544952e+01
   9.9400000e+00  -1.3187587e+01
   9.9500000e+00  -1.4990897e+01
   9.9600000e+00  -1.6574927e+01
   9.9700000e+00  -1.6468670e+01
   9.9800000e+00  -1.4022036e+01
   9.9900000e+00  -9.8147453e+00
   1.0000000e+01  -4.8749696e+00
   1.0010000e+01  -3.8190961e-01
   1.0020000e+01   2.4479495e+00
   1.0030000e+01   3.1267183e+00
   1.0040000e+01   2.3250109e+00
   1.0050000e+01   1.0302542e+00
   1.0060000e+01  -2.9799793e-01
   1.0070000e+01  -1.3751393e+00
   1.0080000e+01  -1.7487711e+00
   1.0090000e+01  -1.6185401e+00
   1.0100000e+01  -2.3009711e+00
   1.0110000e+01  -4.8440636e+00
   1.0120000e+01  -8.5516790e+00
   1.0130000e+01  -1.1756035e+01
   1.0140000e+01  -1.3591359e+01
   1.0150000e+01  -1.3952789e+01
   1.0160000e+01  -1.2121432e+01
   1.0170000e+01  -6.9498029e+00
   1.0180000e+01   1.1622255e+00
   1.0190000e+01   9.4331537e+00
   1.0200000e+01   1.4455710e+01
   1.0210000e+01   1.4554042e+01
   1.0220000e+01   1.0475066e+01
   1.0230000e+01   4.4403510e+00
   1.0240000e+01  -1.2113717e+00
   1.0250000e+01  -5.0031569e+00
   1.0260000e+01  -6.6501508e+00
   1.0270000e+01  -6.8089042e+00
   1.0280000e+01  -6.6116646e+00
   1.0290000e+01  -7.0734269e+00
   1.0300000e+01  -8.2048960e+00
   1.0310000e+01  -8.5376267e+00
   1.0320000e+01  -6.2763730e+00
   1.0330000e+01  -1.3797682e+00
   1.0340000e+01   4.0946287e+00
   1.0350000e+01   8.1268290e+00
   1.0360000e+01   1.0467788e+01
   1.0370000e+01   1.1697612e+01
   1.0380000e+01   1.1589181e+01
   1.0390000e+01   9.6375432e+00
   1.0400000e+01   6.6193200e+00
   1.0410000e+01   4.1082485e+00
   1.0420000e+01   2.4028747e+00
   1.0430000e+01   2.0145925e-01
   1.0440000e+01  -3.3851300e+00
   1.0450000e+01  -7.5551177e+00
   1.0460000e+01  -1.0927777e+01
   1.0470000e+01  -1.3006486e+01
   1.0480000e+01  -1.4056056e+01
   1.0490000e+01  -1.4330421e+01
   1.0500000e+01  -1.4005451e+01
   1.0510000e+01  -1.3251158e+01
   1.0520000e+01  -1.1806272e+01
   1.0530000e+01  -9.0351078e+00
   1.0540000e+01  -4.9673681e+00
   1.0550000e+01  -7.6834775e-01
   1.0560000e+01   2.3648877e+00
   1.0570000e+01   4.2242733e+00
   1.0580000e+01   4.9733544e+00
   1.0590000e+01   4.2989108e+00
   1.0600000e+01   2.1340973e+00
   1.0610000e+01  -3.6731401e-01
   1.0620000e+01  -1.7581689e+00
   1.0630000e+01  -1.8661614e+00
   1.0640000e+01  -1.2187013e+00
   1.0650000e+01   7.9791839e-01
   1.0660000e+01   5.5324476e+00
   1.0670000e+01   1.2413425e+01
   1.0680000e+01   1.8173749e+01
   1.0690000e+01   1.9718965e+01
   1.0700000e+01   1.7073214e+01
   1.0710000e+01   1.2830577e+01
   1.0720000e+01   9.3786054e+00
   1.0730000e+01   7.3626172e+00
   1.0740000e+01   6.2957404e+00
   1.0750000e+01   5.7289866e+00
   1.0760000e+01   5.7130789e+00
   1.0770000e+01   6.4086488e+00
   1.0780000e+01   7.3050791e+00
   1.0790000e+01   7.0835948e+00
   1.0800000e+01   4.8258594e+00
   1.0810000e+01   1.3576393e+00
   1.0820000e+01  -1.2851152e+00
   1.0830000e+01  -1.9030834e+00
   1.0840000e+01  -1.0666117e+00
   1.0850000e+01   5.6563541e-02
   1.0860000e+01   9.8746332e-01
   1.0870000e+01   1.7627310e+00
   1.0880000e+01   2.3587664e+00
   1.0890000e+01   2.9664787e+00
   1.0900000e+01   4.2921847e+00
   1.0910000e+01   6.7875795e+00
   1.0920000e+01   9.6853929e+00
   1.0930000e+01   1.1368129e+01
   1.0940000e+01   1.0814584e+01
   1.0950000e+01   8.4601478e+00
   1.0960000e+01   5.6249587e+00
   1.0970000e+01   3.3328750e+00
   1.0980000e+01   1.8497557e+00
   1.0990000e+01   1.2212886e+00
   1.1000000e+01   1.7250995e+00
   1.1010000e+01   3.2673947e+00
   1.1020000e+01   4.5387623e+00
   1.1030000e+01   3.6555449e+00
   1.1040000e+01   1.1770994e-01
   1.1050000e+01  -4.3315279e+00
   1.1060000e+01  -7.2610795e+00
   1.1070000e+01  -7.6812651e+00
   1.1080000e+01  -6.3547496e+00
   1.1090000e+01  -4.5324192e+00
   1.1100000e+01  -3.0129906e+00
   1.1110000e+01  -2.1844949e+00
   1.1120000e+01  -2.2565646e+00
   1.1130000e+01  -3.2163782e+00
   1.1140000e+01  -4.7482313e+00
   1.1150000e+01  -6.2520721e+00
   1.1160000e+01  -6.9939342e+00
   1.1170000e+01  -6.5666769e+00
   1.1180000e+01  -5.3772119e+00
   1.1190000e+01  -4.3507120e+00
   1.1200000e+01  -3.8697723e+00
   1.1210000e+01  -3.2788578e+00
   1.1220000e+01  -1.7858033e+00
   1.1230000e+01   3.4753250e-01
   1.1240000e+01   1.9347346e+00
   1.1250000e+01   2.1564389e+00
   1.1260000e+01   1.3634932e+00
   1.1270000e+01   5.2521726e-01
   1.1280000e+01   2.2087172e-01
   1.1290000e+01   4.1124251e-01
   1.1300000e+01   9.4324573e-01
   1.1310000e+01   1.7755285e+00
   1.1320000e+01   2.5607116e+00
   1.1330000e+01   2.4422450e+00
   1.1340000e+01   8.2409069e-01
   1.1350000e+01  -1.6080693e+00
   1.1360000e+01  -3.1240319e+00
   1.1370000e+01  -2.6224456e+00
   1.1380000e+01  -9.1354980e-01
   1.1390000e+01   1.1563443e-01
   1.1400000e+01  -3.7454395e-01
   1.1410000e+01  -1.4424843e+00
   1.1420000e+01  -2.0065030e+00
   1.1430000e+01  -2.5072126e+00
   1.1440000e+01  -4.0961485e+00
   1.1450000e+01  -6.5537284e+00
   1.1460000e+01  -8.2006283e+00
   1.1470000e+01  -8.0246559e+00
   1.1480000e+01  -6.7985571e+00
   1.1490000e+01  -5.7482745e+00
   1.1500000e+01  -5.2450172e+00
   1.1510000e+01  -5.3420489e+00
   1.1520000e+01  -6.3400137e+00
   1.1530000e+01  -7.8712449e+00
   1.1540000e+01  -8.4932849e+00
   1.1550000e+01  -7.3227471e+00
   1.1560000e+01  -5.2018877e+00
   1.1570000e+01  -3.1498564e+00
   1.1580000e+01  -6.6427329e-01
   1.1590000e+01   3.0207355e+00
   1.1600000e+01   6.8696276e+00
   1.1610000e+01   8.9674234e+00
   1.1620000e+01   9.0281030e+00
   1.1630000e+01   8.3227931e+00
   1.1640000e+01   7.4586516e+00
   1.1650000e+01   6.0059131e+00
   1.1660000e+01   4.2485854e+00
   1.1670000e+01   3.3988597e+00
   1.1680000e+01   3.5731655e+00
   1.1690000e+01   3.1137693e+00
   1.1700000e+01   7.7230189e-01
   1.1710000e+01  -2.4519552e+00
   1.1720000e+01  -4.5315724e+00
   1.1730000e+01  -4.9045763e+00
   1.1740000e+01  -4.9583869e+00
   1.1750000e+01  -6.1338320e+00
   1.1760000e+01  -8.0805515e+00
   1.1770000e+01  -8.9690577e+00
   1.1780000e+01  -7.5637972e+00
   1.1790000e+01  -4.6106131e+00
   1.1800000e+01  -1.8129727e+00
   1.1810000e+01   2.4733573e-01
   1.1820000e+01   2.4385010e+00
   1.1830000e+01   5.4267586e+00
   1.1840000e+01   8.6503930e+00
   1.1850000e+01   1.1179866e+01
   1.1860000e+01   1.2658212e+01
   1.1870000e+01   1.2888747e+01
   1.1880000e+01   1.1308642e+01
   1.1890000e+01   7.6259270e+00
   1.1900000e+01   2.6013418e+00
   1.1910000e+01  -2.3394115e+00
   1.1920000e+01  -6.0914521e+00
   1.1930000e+01  -8.3343848e+00
   1.1940000e+01  -9.4704570e+00
   1.1950000e+01  -1.0325487e+01
   1.1960000e+01  -1.1475574e+01
   1.1970000e+01  -1.2597207e+01
   1.1980000e+01  -1.2729526e+01
   1.1990000e+01  -1.1251394e+01
   1.2000000e+01  -8.3816293e+00
   1.2010000e+01  -4.8824747e+00
   1.2020000e+01  -1.6702904e+00
   1.2030000e+01   4.6631157e-01
   1.2040000e+01   1.2970168e+00
   1.2050000e+01   1.3067559e+00
   1.2060000e+01   1.1673793e+00
   1.2070000e+01   1.2652025e+00
   1.2080000e+01   1.8920249e+00
   1.2090000e+01   3.2366860e+00
   1.2100000e+01   4.6530146e+00
   1.2110000e+01   4.6300502e+00
   1.2120000e+01   2.3801732e+00
   1.2130000e+01  -9.1361272e-01
   1.2140000e+01  -3.2173488e+00
   1.2150000e+01  -3.6511122e+00
   1.2160000e+01  -2.6320708e+00
   1.2170000e+01  -5.7392945e-01
   1.2180000e+01   2.3409609e+00
   1.2190000e+01   5.1872108e+00
   1.2200000e+01   6.3679569e+00
   1.2210000e+01   5.2134323e+00
   1.2220000e+01   2.8867241e+00
   1.2230000e+01   1.2384160e+00
   1.2240000e+01   1.0872182e+00
   1.2250000e+01   1.9238326e+00
   1.2260000e+01   2.9627525e+00
   1.2270000e+01   3.9275205e+00
   1.2280000e+01   4.6742764e+00
   1.2290000e+01   4.5037051e+00
   1.2300000e+01   2.5172364e+00
   1.2310000e+01  -1.1372767e+00
   1.2320000e+01  -4.8625979e+00
   1.2330000e+01  -6.9139519e+00
   1.2340000e+01  -6.8669960e+00
   1.2350000e+01  -5.4331950e+00
   1.2360000e+01  -3.2417717e+00
   1.2370000e+01  -5.2534764e-01
   1.2380000e+01   2.1530482e+00
   1.2390000e+01   3.7329308e+00
   1.2400000e+01   3.5563101e+00
   1.2410000e+01   2.0688286e+00
   1.2420000e+01   4.5623215e-01
   1.2430000e+01  -2.1368253e-01
   1.2440000e+01   4.1850261e-01
   1.2450000e+01   1.8658820e+00
   1.2460000e+01   3.1863043e+00
   1.2470000e+01   3.7729995e+00
   1.2480000e+01   3.7719053e+00
   1.2490000e+01   3.5801120e+00
   1.2500000e+01   3.1551541e+00
   1.2510000e+01   2.1732942e+00
   1.2520000e+01   7.3740573e-01
   1.2530000e+01  -5.0910183e-01
   1.2540000e+01  -1.0316678e+00
   1.2550000e+01  -8.4098579e-01
   1.2560000e+01  -1.2953684e-01
   1.2570000e+01   1.3021193e+00
   1.2580000e+01   3.9106494e+00
   1.2590000e+01   7.5218222e+00
   1.2600000e+01   1.0763047e+01
   1.2610000e+01   1.1870383e+01
   1.2620000e+01   1.0316422e+01
   1.2630000e+01   7.3272621e+00
   1.2640000e+01   4.5164570e+00
   1.2650000e+01   2.3880931e+00
   1.2660000e+01   5.4696275e-01
   1.2670000e+01  -1.1862362e+00
   1.2680000e+01  -2.6418059e+00
   1.2690000e+01  -3.9139407e+00
   1.2700000e+01  -5.1735073e+00
   1.2710000e+01  -6.0131691e+00
   1.2720000e+01  -5.9193644e+00
   1.2730000e+01  -5.3380210e+00
   1.2740000e+01  -5.2329437e+00
   1.2750000e+01  -5.4819414e+00
   1.2760000e+01  -4.8359724e+00
   1.2770000e+01  -2.8753073e+00
   1.2780000e+01  -1.0179504e+00
   1.2790000e+01  -9.5160034e-01
   1.2800000e+01  -2.6916019e+00
   1.2810000e+01  -4.6796630e+00
   1.2820000e+01  -5.3063445e+00
   1.2830000e+01  -4.0636063e+00
   1.2840000e+01  -1.8303445e+00
   1.2850000e+01  -3.2909362e-01
   1.2860000e+01  -6.4394820e-01
   1.2870000e+01  -1.9425605e+00
   1.2880000e+01  -2.3130235e+00
   1.2890000e+01  -1.1595987e+00
   1.2900000e+01  -6.1912189e-04
   1.2910000e+01  -4.8212197e-01
   1.2920000e+01  -2.4326658e+00
   1.2930000e+01  -4.5198831e+00
   1.2940000e+01  -6.0713040e+00
   1.2950000e+01  -7.3291757e+00
   1.2960000e+01  -8.3331841e+00
   1.2970000e+01  -8.5432203e+00
   1.2980000e+01  -7.5744345e+00
   1.2990000e+01  -5.6142654e+00
   1.3000000e+01  -3.0538512e+00
   1.3010000e+01  -2.9339815e-01
   1.3020000e+01   1.9769810e+00
   1.3030000e+01   2.9234792e+00
   1.3040000e+01   2.4132308e+00
   1.3050000e+01   1.3852768e+00
   1.3060000e+01   9.0282272e-01
   1.3070000e+01   9.3338792e-01
   1.3080000e+01   5.2055203e-01
   1.3090000e+01  -8.1103317e-01
   1.3100000e+01  -2.3403985e+00
   1.3110000e+01  -3.1020659e+00
   1.3120000e+01  -3.1056636e+00
   1.3130000e+01  -3.1192447e+00
   1.3140000e+01  -3.4646339e+00
   1.3150000e+01  -3.5676999e+00
   1.3160000e+01  -2.7052237e+00
   1.3170000e+01  -7.9835403e-01
   1.3180000e+01   1.5841265e+00
   1.3190000e+01   3.7439365e+00
   1.3200000e+01   5.3755734e+00
   1.3210000e+01   6.7347084e+00
   1.3220000e+01   8.1573393e+00
   1.3230000e+01   9.3293788e+00
   1.3240000e+01   9.4748886e+00
   1.3250000e+01   8.5891656e+00
   1.3260000e+01   7.9173213e+00
   1.3270000e+01   8.5285069e+00
   1.3280000e+01   9.7951150e+00
   1.3290000e+01   1.0098566e+01
   1.3300000e+01   8.8362458e+00
   1.3310000e+01   6.8830981e+00
   1.3320000e+01   5.1889228e+00
   1.3330000e+01   3.8952943e+00
   1.3340000e+01   2.9375274e+00
   1.3350000e+01   2.4910225e+00
   1.3360000e+01   2.3970545e+00
   1.3370000e+01   1.9864581e+00
   1.3380000e+01   1.0380342e+00
   1.3390000e+01   2.2923071e-01
   1.3400000e+01  -8.9043331e-03
   1.3410000e+01  -4.5228885e-01
   1.3420000e+01  -1.9920264e+00
   1.3430000e+01  -3.9201745e+00
   1.3440000e+01  -4.3646588e+00
   1.3450000e+01  -2.5593390e+00
   1.3460000e+01   1.8028535e-01
   1.3470000e+01   2.0540082e+00
   1.3480000e+01   2.6144195e+00
   1.3490000e+01   2.5859227e+00
   1.3500000e+01   2.5854473e+00
   1.3510000e+01   2.8038747e+00
   1.3520000e+01   3.5752033e+00
   1.3530000e+01   5.3858441e+00
   1.3540000e+01   8.2599541e+00
   1.3550000e+01   1.1632458e+01
   1.3560000e+01   1.4761248e+01
   1.3570000e+01   1.6823494e+01
   1.3580000e+01   1.6878472e+01
   1.3590000e+01   1.4523024e+01
   1.3600000e+01   1.0641482e+01
   1.3610000e+01   6.8347799e+00
   1.3620000e+01   3.9533701e+00
   1.3630000e+01   1.7226616e+00
   1.3640000e+01  -1.7524802e-01
   1.3650000e+01  -1.4310979e+00
   1.3660000e+01  -1.8386632e+00
   1.3670000e+01  -2.0461060e+00
   1.3680000e+01  -3.0407613e+00
   1.3690000e+01  -5.1614430e+00
   1.3700000e+01  -7.9624573e+00
   1.3710000e+01  -1.0780269e+01
   1.3720000e+01  -1.3057157e+01
   1.3730000e+01  -1.4273526e+01
   1.3740000e+01  -1.4033169e+01
   1.3750000e+01  -1.2456130e+01
   1.3760000e+01  -1.0390065e+01
   1.3770000e+01  -8.9398510e+00
   1.3780000e+01  -8.5109522e+00
   1.3790000e+01  -8.3600817e+00
   1.3800000e+01  -7.4061972e+00
   1.3810000e+01  -5.5249402e+00
   1.3820000e+01  -3.6852629e+00
   1.3830000e+01  -2.7739594e+00
   1.3840000e+01  -2.8401868e+00
   1.3850000e+01  -3.6961783e+00
   1.3860000e+01  -5.5180211e+00
   1.3870000e+01  -8.2209556e+00
   1.3880000e+01  -1.0769706e+01
   1.3890000e+01  -1.1967996e+01
   1.3900000e+01  -1.1792622e+01
   1.3910000e+01  -1.1260893e+01
   1.3920000e+01  -1.1076542e+01
   1.3930000e+01  -1.1062351e+01
   1.3940000e+01  -1.0828722e+01
   1.3950000e+01  -1.0213963e+01
   1.3960000e+01  -8.9731727e+00
   1.3970000e+01  -6.8367005e+00
   1.3980000e+01  -4.1967596e+00
   1.3990000e+01  -2.0425405e+00
   1.4000000e+01  -7.3978020e-01
   1.4010000e+01   5.7289705e-01
   1.4020000e+01   2.7960058e+00
   1.4030000e+01   5.4889367e+00
   1.4040000e+01   7.3502693e+00
   1.4050000e+01   7.8800897e+00
   1.4060000e+01   7.8954357e+00
   1.4070000e+01   8.3947421e+00
   1.4080000e+01   9.4802870e+00
   1.4090000e+01   1.0487962e+01
   1.4100000e+01   1.0688927e+01
   1.4110000e+01   9.7526147e+00
   1.4120000e+01   8.0069167e+00
   1.4130000e+01   6.4410609e+00
   1.4140000e+01   6.0218468e+00
   1.4150000e+01   6.7360895e+00
   1.4160000e+01   7.5933126e+00
   1.4170000e+01   7.7130592e+00
   1.4180000e+01   7.0308885e+00
   1.4190000e+01   5.8041143e+00
   1.4200000e+01   4.0221474e+00
   1.4210000e+01   1.7879481e+00
   1.4220000e+01  -1.3274011e-01
   1.4230000e+01  -8.0576940e-01
   1.4240000e+01  -1.4008382e-01
   1.4250000e+01   1.0005253e+00
   1.4260000e+01   1.6652859e+00
   1.4270000e+01   1.5081957e+00
   1.4280000e+01   7.4430263e-01
   1.4290000e+01  -1.8269533e-01
   1.4300000e+01  -8.3340599e-01
   1.4310000e+01  -9.2182162e-01
   1.4320000e+01  -3.7937125e-01
   1.4330000e+01   6.0940538e-01
   1.4340000e+01   1.4515420e+00
   1.4350000e+01   1.2270690e+00
   1.4360000e+01  -4.5007804e-01
   1.4370000e+01  -2.5402027e+00
   1.4380000e+01  -3.3006583e+00
   1.4390000e+01  -2.3214690e+00
   1.4400000e+01  -1.1481143e+00
   1.4410000e+01  -1.3072467e+00
   1.4420000e+01  -2.4172022e+00
   1.4430000e+01  -3.0458911e+00
   1.4440000e+01  -2.7919921e+00
   1.4450000e+01  -2.4518937e+00
   1.4460000e+01  -2.5064693e+00
   1.4470000e+01  -2.6013753e+00
   1.4480000e+01  -2.4730725e+00
   1.4490000e+01  -2.3708979e+00
   1.4500000e+01  -2.4150541e+00
   1.4510000e+01  -2.3080131e+00
   1.4520000e+01  -1.8794699e+00
   1.4530000e+01  -1.4391243e+00
   1.4540000e+01  -1.5233484e+00
   1.4550000e+01  -2.5134916e+00
   1.4560000e+01  -4.2131248e+00
   1.4570000e+01  -5.5586882e+00
   1.4580000e+01  -5.3387820e+00
   1.4590000e+01  -3.6460078e+00
   1.4600000e+01  -1.9394539e+00
   1.4610000e+01  -1.1319153e+00
   1.4620000e+01  -4.5763957e-01
   1.4630000e+01   1.0074446e+00
   1.4640000e+01   2.6373336e+00
   1.4650000e+01   3.1859999e+00
   1.4660000e+01   2.7222942e+00
   1.4670000e+01   2.3768922e+00
   1.4680000e+01   2.5768342e+00
   1.4690000e+01   2.7510544e+00
   1.4700000e+01   2.5827152e+00
   1.4710000e+01   2.4248184e+00
   1.4720000e+01   2.4812687e+00
   1.4730000e+01   2.5070513e+00
   1.4740000e+01   2.4036516e+00
   1.4750000e+01   2.3645968e+00
   1.4760000e+01   2.2781158e+00
   1.4770000e+01   1.5357700e+00
   1.4780000e+01  -3.2535703e-01
   1.4790000e+01  -2.9931367e+00
   1.4800000e+01  -5.4872988e+00
   1.4810000e+01  -6.8988911e+00
   1.4820000e+01  -7.1107650e+00
   1.4830000e+01  -6.7203284e+00
   1.4840000e+01  -6.1446489e+00
   1.4850000e+01  -5.1145575e+00
   1.4860000e+01  -3.4073001e+00
   1.4870000e+01  -1.6849409e+00
   1.4880000e+01  -9.3114725e-01
   1.4890000e+01  -1.1975988e+00
   1.4900000e+01  -1.5161564e+00
   1.4910000e+01  -9.8295918e-01
   1.4920000e+01   5.0453782e-01
   1.4930000e+01   2.3150874e+00
   1.4940000e+01   3.3835280e+00
   1.4950000e+01   2.8311350e+00
   1.4960000e+01   9.2716928e-01
   1.4970000e+01  -9.1796943e-01
   1.4980000e+01  -1.7488922e+00
   1.4990000e+01  -2.2217838e+00
   1.5000000e+01  -3.4490167e+00
   1.5010000e+01  -5.1705560e+00
   1.5020000e+01  -5.9912228e+00
   1.5030000e+01  -5.1407039e+00
   1.5040000e+01  -3.0920406e+00
   1.5050000e+01  -6.0499138e-01
   1.5060000e+01   1.9626444e+00
   1.5070000e+01   4.3597897e+00
   1.5080000e+01   6.1388177e+00
   1.5090000e+01   6.8512553e+00
   1.5100000e+01   6.3921227e+00
   1.5110000e+01   5.2993802e+00
   1.5120000e+01   4.6792467e+00
   1.5130000e+01   5.2350675e+00
   1.5140000e+01   6.2099584e+00
   1.5150000e+01   6.0235497e+00
   1.5160000e+01   4.2262909e+00
   1.5170000e+01   2.0392151e+00
   1.5180000e+01   7.0428251e-01
   1.5190000e+01   2.7455322e-01
   1.5200000e+01   3.9097897e-01
   1.5210000e+01   1.0749530e+00
   1.5220000e+01   2.0905935e+00
   1.5230000e+01   2.6422466e+00
   1.5240000e+01   2.5626274e+00
   1.5250000e+01   2.8640393e+00
   1.5260000e+01   4.2598153e+00
   1.5270000e+01   5.9896500e+00
   1.5280000e+01   6.8975613e+00
   1.5290000e+01   6.7838503e+00
   1.5300000e+01   5.8895012e+00
   1.5310000e+01   4.0299138e+00
   1.5320000e+01   1.2746376e+00
   1.5330000e+01  -1.2938686e+00
   1.5340000e+01  -2.5657747e+00
   1.5350000e+01  -2.6557892e+00
   1.5360000e+01  -2.4259931e+00
   1.5370000e+01  -2.3666022e+00
   1.5380000e+01  -2.6059127e+00
   1.5390000e+01  -3.2775753e+00
   1.5400000e+01  -4.1044515e+00
   1.5410000e+01  -4.2728905e+00
   1.5420000e+01  -3.4210511e+00
   1.5430000e+01  -2.1347045e+00
   1.5440000e+01  -9.4413229e-01
   1.5450000e+01   3.4538670e-01
   1.5460000e+01   1.7559231e+00
   1.5470000e+01   2.5500228e+00
   1.5480000e+01   2.3246084e+00
   1.5490000e+01   1.8272494e+00
   1.5500000e+01   1.8619974e+00
   1.5510000e+01   2.1426462e+00
   1.5520000e+01   1.9793052e+00
   1.5530000e+01   1.3186482e+00
   1.5540000e+01   3.6737105e-01
   1.5550000e+01  -9.8474525e-01
   1.5560000e+01  -2.5613166e+00
   1.5570000e+01  -3.5083116e+00
   1.5580000e+01  -3.3404756e+00
   1.5590000e+01  -2.7048198e+00
   1.5600000e+01  -2.4031770e+00
   1.5610000e+01  -2.4003839e+00
   1.5620000e+01  -2.4556461e+00
   1.5630000e+01  -2.8378472e+00
   1.5640000e+01  -3.5899859e+00
   1.5650000e+01  -3.9199867e+00
   1.5660000e+01  -3.2476995e+00
   1.5670000e+01  -2.2245501e+00
   1.5680000e+01  -1.9346147e+00
   1.5690000e+01  -2.6700938e+00
   1.5700000e+01  -4.0665193e+00
   1.5710000e+01  -5.6649372e+00
   1.5720000e+01  -6.7309715e+00
   1.5730000e+01  -6.4009032e+00
   1.5740000e+01  -4.7455661e+00
   1.5750000e+01  -2.9333332e+00
   1.5760000e+01  -1.7369520e+00
   1.5770000e+01  -7.0398678e-01
   1.5780000e+01   6.9306285e-01
   1.5790000e+01   2.1254486e+00
   1.5800000e+01   3.2533704e+00
   1.5810000e+01   4.4220291e+00
   1.5820000e+01   5.7871070e+00
   1.5830000e+01   6.7753735e+00
   1.5840000e+01   7.1331557e+00
   1.5850000e+01   7.4639392e+00
   1.5860000e+01   8.0227919e+00
   1.5870000e+01   8.1333837e+00
   1.5880000e+01   7.6147817e+00
   1.5890000e+01   7.5578320e+00
   1.5900000e+01   8.6107221e+00
   1.5910000e+01   9.5594062e+00
   1.5920000e+01   8.8654480e+00
   1.5930000e+01   6.8767312e+00
   1.5940000e+01   5.2945728e+00
   1.5950000e+01   4.9044557e+00
   1.5960000e+01   4.9296563e+00
   1.5970000e+01   4.4224276e+00
   1.5980000e+01   3.3607141e+00
   1.5990000e+01   2.2748342e+00
   1.6000000e+01   1.3644439e+00
   1.6010000e+01   2.6142002e-01
   1.6020000e+01  -1.3864763e+00
   1.6030000e+01  -3.2278406e+00
   1.6040000e+01  -4.3966882e+00
   1.6050000e+01  -4.5311012e+00
   1.6060000e+01  -4.2142009e+00
   1.6070000e+01  -4.1239085e+00
   1.6080000e+01  -4.2242329e+00
   1.6090000e+01  -4.1903618e+00
   1.6100000e+01  -4.0821443e+00
   1.6110000e+01  -4.0752003e+00
   1.6120000e+01  -4.0449025e+00
   1.6130000e+01  -3.9330622e+00
   1.6140000e+01  -3.9631561e+00
   1.6150000e+01  -3.9824654e+00
   1.6160000e+01  -3.2604949e+00
   1.6170000e+01  -1.5629262e+00
   1.6180000e+01   1.9266445e-01
   1.6190000e+01   9.5960699e-01
   1.6200000e+01   6.4931629e-01
   1.6210000e+01  -2.9899400e-01
   1.6220000e+01  -1.6754703e+00
   1.6230000e+01  -3.1917101e+00
   1.6240000e+01  -4.1485586e+00
   1.6250000e+01  -4.1758897e+00
   1.6260000e+01  -3.8070818e+00
   1.6270000e+01  -3.7194792e+00
   1.6280000e+01  -3.8753842e+00
   1.6290000e+01  -3.8964903e+00
   1.6300000e+01  -3.7707325e+00
   1.6310000e+01  -3.7032168e+00
   1.6320000e+01  -3.7037237e+00
   1.6330000e+01  -3.7076673e+00
   1.6340000e+01  -3.7120276e+00
   1.6350000e+01  -3.5506121e+00
   1.6360000e+01  -2.9911669e+00
   1.6370000e+01  -2.2473496e+00
   1.6380000e+01  -1.8882621e+00
   1.6390000e+01  -2.0200526e+00
   1.6400000e+01  -2.0271253e+00
   1.6410000e+01  -1.3684546e+00
   1.6420000e+01  -2.6673112e-01
   1.6430000e+01   6.0489407e-01
   1.6440000e+01   8.7518131e-01
   1.6450000e+01   7.6068485e-01
   1.6460000e+01   6.9358800e-01
   1.6470000e+01   6.9560189e-01
   1.6480000e+01   2.0942192e-01
   1.6490000e+01  -1.1851723e+00
   1.6500000e+01  -2.9524943e+00
   1.6510000e+01  -3.9948487e+00
   1.6520000e+01  -3.9516299e+00
   1.6530000e+01  -3.5475403e+00
   1.6540000e+01  -3.4895223e+00
   1.6550000e+01  -3.6513227e+00
   1.6560000e+01  -3.6289561e+00
   1.6570000e+01  -3.4663287e+00
   1.6580000e+01  -3.4110743e+00
   1.6590000e+01  -3.4340420e+00
   1.6600000e+01  -3.3907325e+00
   1.6610000e+01  -3.3148869e+00
   1.6620000e+01  -3.2765861e+00
   1.6630000e+01  -3.2377062e+00
   1.6640000e+01  -3.1888107e+00
   1.6650000e+01  -3.1613655e+00
   1.6660000e+01  -3.1095579e+00
   1.6670000e+01  -3.0413007e+00
   1.6680000e+01  -3.0506737e+00
   1.6690000e+01  -2.8690790e+00
   1.6700000e+01  -1.8347418e+00
   1.6710000e+01   6.1496954e-02
   1.6720000e+01   1.6085519e+00
   1.6730000e+01   1.7917512e+00
   1.6740000e+01   1.4062674e+00
   1.6750000e+01   2.1215145e+00
   1.6760000e+01   4.0943414e+00
   1.6770000e+01   5.7393464e+00
   1.6780000e+01   5.9622426e+00
   1.6790000e+01   5.4103248e+00
   1.6800000e+01   5.1680469e+00
   1.6810000e+01   5.3070255e+00
   1.6820000e+01   5.3062492e+00
   1.6830000e+01   5.0853403e+00
   1.6840000e+01   4.9391300e+00
   1.6850000e+01   4.9215174e+00
   1.6860000e+01   4.8585630e+00
   1.6870000e+01   4.7231870e+00
   1.6880000e+01   4.6200852e+00
   1.6890000e+01   4.5594668e+00
   1.6900000e+01   4.4796850e+00
   1.6910000e+01   4.3770722e+00
   1.6920000e+01   4.2843149e+00
   1.6930000e+01   4.2072100e+00
   1.6940000e+01   4.1331006e+00
   1.6950000e+01   4.0467233e+00
   1.6960000e+01   3.9492641e+00
   1.6970000e+01   3.8718918e+00
   1.6980000e+01   3.8072148e+00
   1.6990000e+01   3.7087972e+00
   1.7000000e+01   3.7342169e+00
   1.7010000e+01   4.3214032e+00
   1.7020000e+01   5.6392735e+00
   1.7030000e+01   7.0688710e+00
   1.7040000e+01   7.7400291e+00
   1.7050000e+01   7.5698717e+00
   1.7060000e+01   7.2335953e+00
   1.7070000e+01   7.1354509e+00
   1.7080000e+01   7.0693117e+00
   1.7090000e+01   6.9081857e+00
   1.7100000e+01   6.7939462e+00
   1.7110000e+01   6.4520908e+00
   1.7120000e+01   5.2312354e+00
   1.7130000e+01   3.2593371e+00
   1.7140000e+01   1.7337863e+00
   1.7150000e+01   1.4728605e+00
   1.7160000e+01   1.8722808e+00
   1.7170000e+01   1.9294404e+00
   1.7180000e+01   1.6211966e+00
   1.7190000e+01   1.4571470e+00
   1.7200000e+01   1.2253886e+00
   1.7210000e+01   2.2133466e-01
   1.7220000e+01  -1.4491884e+00
   1.7230000e+01  -2.7631840e+00
   1.7240000e+01  -3.0940422e+00
   1.7250000e+01  -2.8863045e+00
   1.7260000e+01  -2.8148522e+00
   1.7270000e+01  -2.9128165e+00
   1.7280000e+01  -2.8904348e+00
   1.7290000e+01  -2.8696515e+00
   1.7300000e+01  -3.3407003e+00
   1.7310000e+01  -4.5099363e+00
   1.7320000e+01  -5.9678046e+00
   1.7330000e+01  -7.0080543e+00
   1.7340000e+01  -7.2326933e+00
   1.7350000e+01  -6.9127560e+00
   1.7360000e+01  -6.6869790e+00
   1.7370000e+01  -6.7519937e+00
   1.7380000e+01  -6.5262379e+00
   1.7390000e+01  -5.4396482e+00
   1.7400000e+01  -3.8368333e+00
   1.7410000e+01  -2.5266794e+00
   1.7420000e+01  -1.5623942e+00
   1.7430000e+01  -2.6942652e-01
   1.7440000e+01   1.4141662e+00
   1.7450000e+01   2.5467529e+00
   1.7460000e+01   2.5292578e+00
   1.7470000e+01   2.0133117e+00
   1.7480000e+01   1.9312742e+00
   1.7490000e+01   2.3648818e+00
   1.7500000e+01   2.9475751e+00
   1.7510000e+01   3.6085214e+00
   1.7520000e+01   4.2064003e+00
   1.7530000e+01   4.1590742e+00
   1.7540000e+01   3.2675484e+00
   1.7550000e+01   2.3145354e+00
   1.7560000e+01   2.0599891e+00
   1.7570000e+01   2.2067329e+00
   1.7580000e+01   2.0761024e+00
   1.7590000e+01   1.6347135e+00
   1.7600000e+01   1.0592282e+00
   1.7610000e+01   1.6150310e-02
   1.7620000e+01  -1.6592191e+00
   1.7630000e+01  -3.1672093e+00
   1.7640000e+01  -3.6179986e+00
   1.7650000e+01  -3.2547648e+00
   1.7660000e+01  -2.9607955e+00
   1.7670000e+01  -3.0407999e+00
   1.7680000e+01  -3.3025393e+00
   1.7690000e+01  -3.7768757e+00
   1.7700000e+01  -4.4291730e+00
   1.7710000e+01  -4.6363203e+00
   1.7720000e+01  -3.9206142e+00
   1.7730000e+01  -2.8825432e+00
   1.7740000e+01  -2.5365944e+00
   1.7750000e+01  -3.0079759e+00
   1.7760000e+01  -3.7095963e+00
   1.7770000e+01  -4.4903884e+00
   1.7780000e+01  -5.6066594e+00
   1.7790000e+01  -6.6256283e+00
   1.7800000e+01  -6.4380185e+00
   1.7810000e+01  -4.7603178e+00
   1.7820000e+01  -2.8500998e+00
   1.7830000e+01  -2.1049444e+00
   1.7840000e+01  -2.4206564e+00
   1.7850000e+01  -2.6568007e+00
   1.7860000e+01  -2.4025083e+00
   1.7870000e+01  -2.2560425e+00
   1.7880000e+01  -2.3074559e+00
   1.7890000e+01  -1.6126949e+00
   1.7900000e+01   1.7438929e-01
   1.7910000e+01   1.8075219e+00
   1.7920000e+01   2.1882329e+00
   1.7930000e+01   2.1903877e+00
   1.7940000e+01   3.3537228e+00
   1.7950000e+01   5.3649820e+00
   1.7960000e+01   6.3513391e+00
   1.7970000e+01   5.3510532e+00
   1.7980000e+01   3.0720530e+00
   1.7990000e+01   5.2203202e-01
   1.8000000e+01  -1.6001600e+00
   1.8010000e+01  -2.4001237e+00
   1.8020000e+01  -1.3365551e+00
   1.8030000e+01   6.3994829e-01
   1.8040000e+01   1.8352852e+00
   1.8050000e+01   1.6879517e+00
   1.8060000e+01   7.7488333e-01
   1.8070000e+01  -6.0499352e-01
   1.8080000e+01  -2.3320189e+00
   1.8090000e+01  -3.3346471e+00
   1.8100000e+01  -2.3863104e+00
   1.8110000e+01  -8.3531772e-02
   1.8120000e+01   1.5644361e+00
   1.8130000e+01   1.6298023e+00
   1.8140000e+01   9.4955536e-01
   1.8150000e+01   3.8232545e-01
   1.8160000e+01  -5.4134362e-02
   1.8170000e+01  -2.2896578e-01
   1.8180000e+01   3.0509114e-01
   1.8190000e+01   1.1898371e+00
   1.8200000e+01   1.2886264e+00
   1.8210000e+01   2.7827299e-01
   1.8220000e+01  -8.6806656e-01
   1.8230000e+01  -1.3164464e+00
   1.8240000e+01  -1.2877279e+00
   1.8250000e+01  -1.2619198e+00
   1.8260000e+01  -1.2503733e+00
   1.8270000e+01  -1.1970482e+00
   1.8280000e+01  -1.2386384e+00
   1.8290000e+01  -1.2391831e+00
   1.8300000e+01  -8.5380368e-01
   1.8310000e+01  -3.5563875e-01
   1.8320000e+01  -6.1287629e-01
   1.8330000e+01  -1.8621369e+00
   1.8340000e+01  -3.1929705e+00
   1.8350000e+01  -3.6481084e+00
   1.8360000e+01  -3.2292908e+00
   1.8370000e+01  -2.4636775e+00
   1.8380000e+01  -1.6460547e+00
   1.8390000e+01  -9.7272339e-01
   1.8400000e+01  -7.7378826e-01
   1.8410000e+01  -1.0190841e+00
   1.8420000e+01  -1.1374931e+00
   1.8430000e+01  -9.2921185e-01
   1.8440000e+01  -1.0801389e+00
   1.8450000e+01  -2.0318686e+00
   1.8460000e+01  -2.9247843e+00
   1.8470000e+01  -2.6710061e+00
   1.8480000e+01  -1.7039942e+00
   1.8490000e+01  -1.4989082e+00
   1.8500000e+01  -2.4186618e+00
   1.8510000e+01  -3.1751914e+00
   1.8520000e+01  -2.6501643e+00
   1.8530000e+01  -1.3089605e+00
   1.8540000e+01  -4.5504051e-01
   1.8550000e+01  -7.6153072e-01
   1.8560000e+01  -1.8265402e+00
   1.8570000e+01  -2.6534572e+00
   1.8580000e+01  -2.3947225e+00
   1.8590000e+01  -1.0551054e+00
   1.8600000e+01   4.8848576e-01
   1.8610000e+01   1.4922960e+00
   1.8620000e+01   2.1471857e+00
   1.8630000e+01   2.9482152e+00
   1.8640000e+01   3.7048933e+00
   1.8650000e+01   3.8965397e+00
   1.8660000e+01   3.6441875e+00
   1.8670000e+01   3.4940578e+00
   1.8680000e+01   3.5137322e+00
   1.8690000e+01   3.4525080e+00
   1.8700000e+01   3.5332605e+00
   1.8710000e+01   4.1680772e+00
   1.8720000e+01   5.0621850e+00
   1.8730000e+01   5.5091470e+00
   1.8740000e+01   5.4991519e+00
   1.8750000e+01   5.7231027e+00
   1.8760000e+01   6.5277593e+00
   1.8770000e+01   7.5540770e+00
   1.8780000e+01   8.2925603e+00
   1.8790000e+01   8.3737677e+00
   1.8800000e+01   7.5369782e+00
   1.8810000e+01   5.9905043e+00
   1.8820000e+01   4.5842647e+00
   1.8830000e+01   3.9467201e+00
   1.8840000e+01   3.6545973e+00
   1.8850000e+01   2.8953138e+00
   1.8860000e+01   1.6806924e+00
   1.8870000e+01   6.5962698e-01
   1.8880000e+01  -8.8378865e-02
   1.8890000e+01  -1.2333560e+00
   1.8900000e+01  -3.0552102e+00
   1.8910000e+01  -4.7438353e+00
   1.8920000e+01  -5.1188148e+00
   1.8930000e+01  -3.8326103e+00
   1.8940000e+01  -1.7840687e+00
   1.8950000e+01  -4.2886581e-01
   1.8960000e+01  -5.7220603e-01
   1.8970000e+01  -1.7097385e+00
   1.8980000e+01  -2.6435770e+00
   1.8990000e+01  -2.7417141e+00
   1.9000000e+01  -2.3793847e+00
   1.9010000e+01  -2.2202884e+00
   1.9020000e+01  -2.5035974e+00
   1.9030000e+01  -3.1152337e+00
   1.9040000e+01  -3.8706552e+00
   1.9050000e+01  -4.4783403e+00
   1.9060000e+01  -4.5991877e+00
   1.9070000e+01  -4.2154107e+00
   1.9080000e+01  -3.6761166e+00
   1.9090000e+01  -3.2181694e+00
   1.9100000e+01  -2.7879940e+00
   1.9110000e+01  -2.5016415e+00
   1.9120000e+01  -2.7979166e+00
   1.9130000e+01  -3.7555446e+00
   1.9140000e+01  -4.6579025e+00
   1.9150000e+01  -4.7510256e+00
   1.9160000e+01  -4.1922862e+00
   1.9170000e+01  -3.7147190e+00
   1.9180000e+01  -3.5150454e+00
   1.9190000e+01  -3.0904737e+00
   1.9200000e+01  -2.1880052e+00
   1.9210000e+01  -1.2992896e+00
   1.9220000e+01  -9.9080602e-01
   1.9230000e+01  -1.1828880e+00
   1.9240000e+01  -1.3480612e+00
   1.9250000e+01  -1.1159876e+00
   1.9260000e+01  -4.7064604e-01
   1.9270000e+01   4.0710991e-01
   1.9280000e+01   1.3198043e+00
   1.9290000e+01   2.2350766e+00
   1.9300000e+01   3.3113574e+00
   1.9310000e+01   4.5507445e+00
   1.9320000e+01   5.5546916e+00
   1.9330000e+01   5.9868774e+00
   1.9340000e+01   6.1335254e+00
   1.9350000e+01   6.4865962e+00
   1.9360000e+01   6.8625038e+00
   1.9370000e+01   6.5825656e+00
   1.9380000e+01   5.5716786e+00
   1.9390000e+01   4.6073551e+00
   1.9400000e+01   4.3109703e+00
   1.9410000e+01   4.4767866e+00
   1.9420000e+01   4.5592699e+00
   1.9430000e+01   4.2667171e+00
   1.9440000e+01   3.5489325e+00
   1.9450000e+01   2.5803045e+00
   1.9460000e+01   1.8686664e+00
   1.9470000e+01   1.7780344e+00
   1.9480000e+01   1.8658258e+00
   1.9490000e+01   1.3795183e+00
   1.9500000e+01   5.0271588e-01
   1.9510000e+01   2.9309803e-01
   1.9520000e+01   1.1294716e+00
   1.9530000e+01   2.0314778e+00
   1.9540000e+01   1.9400409e+00
   1.9550000e+01   9.8586939e-01
   1.9560000e+01   1.6377274e-02
   1.9570000e+01  -5.2475891e-01
   1.9580000e+01  -6.9459028e-01
   1.9590000e+01  -5.3014903e-01
   1.9600000e+01  -8.7673007e-02
   1.9610000e+01   2.4509516e-01
   1.9620000e+01   6.8294333e-02
   1.9630000e+01  -4.5118907e-01
   1.9640000e+01  -7.5683545e-01
   1.9650000e+01  -6.4928414e-01
   1.9660000e+01  -4.7368988e-01
   1.9670000e+01  -5.1694186e-01
   1.9680000e+01  -6.2092258e-01
   1.9690000e+01  -6.2004373e-01
   1.9700000e+01  -8.4321755e-01
   1.9710000e+01  -1.7612427e+00
   1.9720000e+01  -3.2129723e+00
   1.9730000e+01  -4.4103396e+00
   1.9740000e+01  -4.8328588e+00
   1.9750000e+01  -4.8100873e+00
   1.9760000e+01  -5.0507607e+00
   1.9770000e+01  -5.8022344e+00
   1.9780000e+01  -6.6016666e+00
   1.9790000e+01  -6.7046195e+00
   1.9800000e+01  -5.7348623e+00
   1.9810000e+01  -4.0978314e+00
   1.9820000e+01  -2.7017575e+00
   1.9830000e+01  -2.0374075e+00
   1.9840000e+01  -1.6740579e+00
   1.9850000e+01  -9.7562852e-01
   1.9860000e+01  -5.3828818e-02
   1.9870000e+01   4.9583729e-01
   1.9880000e+01   5.4538223e-01
   1.9890000e+01   4.3669495e-01
   1.9900000e+01   2.0059447e-01
   1.9910000e+01  -4.4105363e-01
   1.9920000e+01  -1.3250858e+00
   1.9930000e+01  -1.8688722e+00
   1.9940000e+01  -1.8865212e+00
   1.9950000e+01  -1.6918930e+00
   1.9960000e+01  -1.3874475e+00
   1.9970000e+01  -7.6296988e-01
   1.9980000e+01   8.8289605e-02
   1.9990000e+01   7.7306969e-01
   2.0000000e+01   1.2634271e+00
   2.0010000e+01   1.8875421e+00
   2.0020000e+01   2.6098391e+00
   2.0030000e+01   2.9587338e+00
   2.0040000e+01   2.7661665e+00
   2.0050000e+01   2.4684766e+00
   2.0060000e+01   2.5940712e+00
   2.0070000e+01   3.2785744e+00
   2.0080000e+01   4.1954778e+00
   2.0090000e+01   4.6985857e+00
   2.0100000e+01   4.2861156e+00
   2.0110000e+01   3.2081753e+00
   2.0120000e+01   2.2742725e+00
   2.0130000e+01   1.8121860e+00
   2.0140000e+01   1.3223685e+00
   2.0150000e+01   4.6902664e-01
   2.0160000e+01  -2.4274661e-01
   2.0170000e+01  -2.7856721e-01
   2.0180000e+01   4.3367532e-02
   2.0190000e+01   9.4336811e-02
   2.0200000e+01  -1.1382875e-01
   2.0210000e+01  -1.4541583e-01
   2.0220000e+01   1.3525431e-02
   2.0230000e+01  -1.0523515e-01
   2.0240000e+01  -7.9113745e-01
   2.0250000e+01  -1.7547245e+00
   2.0260000e+01  -2.3072933e+00
   2.0270000e+01  -1.9112493e+00
   2.0280000e+01  -7.8294524e-01
   2.0290000e+01   1.5779795e-01
   2.0300000e+01   2.8526478e-01
   2.0310000e+01  -8.4098149e-03
   2.0320000e+01  -3.8325663e-02
   2.0330000e+01   1.3081454e-01
   2.0340000e+01   9.9467120e-02
   2.0350000e+01   1.6682636e-01
   2.0360000e+01   9.0351373e-01
   2.0370000e+01   1.8897464e+00
   2.0380000e+01   2.0105758e+00
   2.0390000e+01   1.0227572e+00
   2.0400000e+01  -2.0912607e-01
   2.0410000e+01  -1.0621354e+00
   2.0420000e+01  -1.6938991e+00
   2.0430000e+01  -2.1918752e+00
   2.0440000e+01  -2.2874453e+00
   2.0450000e+01  -2.0748146e+00
   2.0460000e+01  -1.9779081e+00
   2.0470000e+01  -1.8458713e+00
   2.0480000e+01  -1.1209122e+00
   2.0490000e+01  -4.4640561e-02
   2.0500000e+01   4.6330163e-01
   2.0510000e+01   4.1440172e-01
   2.0520000e+01   1.0247899e+00
   2.0530000e+01   2.8087875e+00
   2.0540000e+01   4.4097075e+00
   2.0550000e+01   4.0719462e+00
   2.0560000e+01   1.6378546e+00
   2.0570000e+01  -1.4699036e+00
   2.0580000e+01  -3.6619554e+00
   2.0590000e+01  -4.0928630e+00
   2.0600000e+01  -2.8037695e+00
   2.0610000e+01  -6.8388724e-01
   2.0620000e+01   9.5252040e-01
   2.0630000e+01   1.3202245e+00
   2.0640000e+01   7.4484059e-01
   2.0650000e+01   1.4977663e-01
   2.0660000e+01   8.3370420e-02
   2.0670000e+01   3.4368545e-01
   2.0680000e+01   4.1424478e-01
   2.0690000e+01   1.7722128e-01
   2.0700000e+01   1.9846392e-01
   2.0710000e+01   1.1352602e+00
   2.0720000e+01   2.7436869e+00
   2.0730000e+01   3.8175514e+00
   2.0740000e+01   3.4998837e+00
   2.0750000e+01   2.3897630e+00
   2.0760000e+01   1.8160788e+00
   2.0770000e+01   2.1640999e+00
   2.0780000e+01   2.5650207e+00
   2.0790000e+01   2.2806274e+00
   2.0800000e+01   1.7130896e+00
   2.0810000e+01   1.7380650e+00
   2.0820000e+01   2.5543362e+00
   2.0830000e+01   3.6150547e+00
   2.0840000e+01   4.3466837e+00
   2.0850000e+01   4.4722628e+00
   2.0860000e+01   3.8475885e+00
   2.0870000e+01   2.5093042e+00
   2.0880000e+01   9.0559820e-01
   2.0890000e+01  -3.0120018e-01
   2.0900000e+01  -7.5616138e-01
   2.0910000e+01  -5.5440328e-01
   2.0920000e+01   3.7400137e-02
   2.0930000e+01   6.9127402e-01
   2.0940000e+01   9.5040285e-01
   2.0950000e+01   5.1948509e-01
   2.0960000e+01  -2.8023213e-01
   2.0970000e+01  -7.3863748e-01
   2.0980000e+01  -5.9172030e-01
   2.0990000e+01  -2.9579708e-01
   2.1000000e+01  -3.2091720e-01
   2.1010000e+01  -5.3323630e-01
   2.1020000e+01  -5.3385328e-01
   2.1030000e+01  -3.3312428e-01
   2.1040000e+01  -3.6453906e-01
   2.1050000e+01  -9.2045767e-01
   2.1060000e+01  -1.7964820e+00
   2.1070000e+01  -2.4992315e+00
   2.1080000e+01  -2.7208751e+00
   2.1090000e+01  -2.5719603e+00
   2.1100000e+01  -2.3017892e+00
   2.1110000e+01  -1.8715737e+00
   2.1120000e+01  -1.0911182e+00
   2.1130000e+01  -2.0560569e-01
   2.1140000e+01   1.5064734e-01
   2.1150000e+01  -1.4171776e-01
   2.1160000e+01  -3.8084335e-01
   2.1170000e+01  -1.3693218e-01
   2.1180000e+01  -1.0931711e-01
   2.1190000e+01  -1.1650631e+00
   2.1200000e+01  -2.9423988e+00
   2.1210000e+01  -4.2771713e+00
   2.1220000e+01  -4.7444276e+00
   2.1230000e+01  -4.8556318e+00
   2.1240000e+01  -4.9096919e+00
   2.1250000e+01  -4.6691744e+00
   2.1260000e+01  -4.1781892e+00
   2.1270000e+01  -3.8867957e+00
   2.1280000e+01  -3.7778715e+00
   2.1290000e+01  -3.2668472e+00
   2.1300000e+01  -2.2398530e+00
   2.1310000e+01  -1.4115113e+00
   2.1320000e+01  -1.3177759e+00
   2.1330000e+01  -1.5708658e+00
   2.1340000e+01  -1.4334456e+00
   2.1350000e+01  -6.7950758e-01
   2.1360000e+01   3.2199174e-01
   2.1370000e+01   9.9481302e-01
   2.1380000e+01   9.1947084e-01
   2.1390000e+01   1.8561127e-01
   2.1400000e+01  -5.3159467e-01
   2.1410000e+01  -5.3704714e-01
   2.1420000e+01   2.2934517e-01
   2.1430000e+01   1.3150109e+00
   2.1440000e+01   2.3904434e+00
   2.1450000e+01   3.4523098e+00
   2.1460000e+01   4.4801135e+00
   2.1470000e+01   5.1958592e+00
   2.1480000e+01   5.2323522e+00
   2.1490000e+01   4.5012083e+00
   2.1500000e+01   3.4227713e+00
   2.1510000e+01   2.6665259e+00
   2.1520000e+01   2.4970251e+00
   2.1530000e+01   2.5626784e+00
   2.1540000e+01   2.5187773e+00
   2.1550000e+01   2.4783519e+00
   2.1560000e+01   2.5145238e+00
   2.1570000e+01   2.2445272e+00
   2.1580000e+01   1.4493230e+00
   2.1590000e+01   5.7412545e-01
   2.1600000e+01   6.7249393e-03
   2.1610000e+01  -5.1603692e-01
   2.1620000e+01  -1.1092946e+00
   2.1630000e+01  -1.1675038e+00
   2.1640000e+01  -4.9039809e-01
   2.1650000e+01  -8.4953628e-02
   2.1660000e+01  -6.9072280e-01
   2.1670000e+01  -1.3645125e+00
   2.1680000e+01  -8.7848712e-01
   2.1690000e+01   2.5618207e-01
   2.1700000e+01   6.4923275e-01
   2.1710000e+01   2.2972663e-01
   2.1720000e+01   7.8031360e-03
   2.1730000e+01   2.1693572e-01
   2.1740000e+01   3.3005889e-01
   2.1750000e+01   4.6474824e-01
   2.1760000e+01   1.0970972e+00
   2.1770000e+01   1.6961377e+00
   2.1780000e+01   1.2927725e+00
   2.1790000e+01   2.2209056e-01
   2.1800000e+01  -2.4998028e-01
   2.1810000e+01   1.0393591e-01
   2.1820000e+01   3.5172402e-01
   2.1830000e+01   1.2100804e-01
   2.1840000e+01  -2.0649615e-02
   2.1850000e+01   1.4193120e-01
   2.1860000e+01   1.8357542e-01
   2.1870000e+01   5.0688714e-02
   2.1880000e+01   8.2782448e-02
   2.1890000e+01   4.8743893e-02
   2.1900000e+01  -5.6680926e-01
   2.1910000e+01  -1.3406692e+00
   2.1920000e+01  -1.3122298e+00
   2.1930000e+01  -7.0261844e-01
   2.1940000e+01  -8.8248380e-01
   2.1950000e+01  -2.3312211e+00
   2.1960000e+01  -3.8687880e+00
   2.1970000e+01  -4.3586348e+00
   2.1980000e+01  -4.0853368e+00
   2.1990000e+01  -3.9047658e+00
   2.2000000e+01  -3.9700637e+00
   2.2010000e+01  -3.9508366e+00
   2.2020000e+01  -3.8160917e+00
   2.2030000e+01  -3.7483586e+00
   2.2040000e+01  -3.7226578e+00
   2.2050000e+01  -3.6512161e+00
   2.2060000e+01  -3.5778252e+00
   2.2070000e+01  -3.3744839e+00
   2.2080000e+01  -2.6422133e+00
   2.2090000e+01  -1.2860137e+00
   2.2100000e+01   1.3105316e-01
   2.2110000e+01   9.4906098e-01
   2.2120000e+01   1.0969045e+00
   2.2130000e+01   9.7809484e-01
   2.2140000e+01   9.1441302e-01
   2.2150000e+01   9.4121580e-01
   2.2160000e+01   9.7268341e-01
   2.2170000e+01   9.5150836e-01
   2.2180000e+01   8.9688385e-01
   2.2190000e+01   8.8010719e-01
   2.2200000e+01   9.1052290e-01
   2.2210000e+01   9.0316184e-01
   2.2220000e+01   8.4012235e-01
   2.2230000e+01   8.2509569e-01
   2.2240000e+01   8.7113272e-01
   2.2250000e+01   8.4811868e-01
   2.2260000e+01   7.6384826e-01
   2.2270000e+01   7.8954403e-01
   2.2280000e+01   8.4936231e-01
   2.2290000e+01   6.0394055e-01
   2.2300000e+01   8.9937223e-02
   2.2310000e+01  -1.1127182e-01
   2.2320000e+01   2.9798503e-01
   2.2330000e+01   8.2035378e-01
   2.2340000e+01   9.0056186e-01
   2.2350000e+01   6.9227150e-01
   2.2360000e+01   6.2796620e-01
   2.2370000e+01   7.0453435e-01
   2.2380000e+01   7.0048051e-01
   2.2390000e+01   6.5814419e-01
   2.2400000e+01   6.6659068e-01
   2.2410000e+01   6.1588861e-01
   2.2420000e+01   6.0096561e-01
   2.2430000e+01   1.0207647e+00
   2.2440000e+01   1.7919736e+00
   2.2450000e+01   2.0789628e+00
   2.2460000e+01   1.4052812e+00
   2.2470000e+01   4.6411856e-01
   2.2480000e+01   1.7547648e-01
   2.2490000e+01   4.5844651e-01
   2.2500000e+01   6.1445976e-01
   2.2510000e+01   4.5498746e-01
   2.2520000e+01   3.2931758e-01
   2.2530000e+01   3.8280086e-01
   2.2540000e+01   4.4966422e-01
   2.2550000e+01   4.2544734e-01
   2.2560000e+01   2.2011075e-01
   2.2570000e+01  -3.6840121e-01
   2.2580000e+01  -1.2663369e+00
   2.2590000e+01  -1.9352540e+00
   2.2600000e+01  -2.0065884e+00
   2.2610000e+01  -1.7466741e+00
   2.2620000e+01  -1.4788491e+00
   2.2630000e+01  -9.9956882e-01
   2.2640000e+01  -1.1029469e-01
   2.2650000e+01   6.7798068e-01
   2.2660000e+01   6.2948101e-01
   2.2670000e+01  -2.3401529e-01
   2.2680000e+01  -1.1926903e+00
   2.2690000e+01  -1.7204520e+00
   2.2700000e+01  -1.8420779e+00
   2.2710000e+01  -1.7634643e+00
   2.2720000e+01  -1.6344167e+00
   2.2730000e+01  -1.5991688e+00
   2.2740000e+01  -1.6823871e+00
   2.2750000e+01  -1.6991068e+00
   2.2760000e+01  -1.5692471e+00
   2.2770000e+01  -1.5162444e+00
   2.2780000e+01  -1.6159818e+00
   2.2790000e+01  -1.4447506e+00
   2.2800000e+01  -6.5749928e-01
   2.2810000e+01   3.3592727e-01
   2.2820000e+01   8.2904861e-01
   2.2830000e+01   7.5713996e-01
   2.2840000e+01   6.0302428e-01
   2.2850000e+01   5.8795112e-01
   2.2860000e+01   6.4218837e-01
   2.2870000e+01   9.7313014e-01
   2.2880000e+01   1.7931288e+00
   2.2890000e+01   2.5310453e+00
   2.2900000e+01   2.2711980e+00
   2.2910000e+01   1.1235180e+00
   2.2920000e+01   2.4180936e-01
   2.2930000e+01   2.5079703e-01
   2.2940000e+01   5.6754664e-01
   2.2950000e+01   5.5866694e-01
   2.2960000e+01   3.6325487e-01
   2.2970000e+01   1.3108162e-01
   2.2980000e+01  -5.0344220e-01
   2.2990000e+01  -1.5070049e+00
   2.3000000e+01  -1.9395141e+00
   2.3010000e+01  -1.1896214e+00
   2.3020000e+01   1.4839478e-02
   2.3030000e+01   6.2014136e-01
   2.3040000e+01   5.6826383e-01
   2.3050000e+01   3.1738271e-01
   2.3060000e+01  -1.7880210e-01
   2.3070000e+01  -1.0227287e+00
   2.3080000e+01  -1.5859818e+00
   2.3090000e+01  -1.3205818e+00
   2.3100000e+01  -8.6914910e-01
   2.3110000e+01  -1.1782921e+00
   2.3120000e+01  -1.8639764e+00
   2.3130000e+01  -1.7115233e+00
   2.3140000e+01  -6.0000421e-01
   2.3150000e+01   3.8226501e-01
   2.3160000e+01   7.3704179e-01
   2.3170000e+01   1.1415702e+00
   2.3180000e+01   2.0045928e+00
   2.3190000e+01   2.7196036e+00
   2.3200000e+01   2.8606178e+00
   2.3210000e+01   3.0190215e+00
   2.3220000e+01   3.7624263e+00
   2.3230000e+01   4.6232773e+00
   2.3240000e+01   4.8662204e+00
   2.3250000e+01   4.5843341e+00
   2.3260000e+01   4.2734052e+00
   2.3270000e+01   3.8685421e+00
   2.3280000e+01   3.0368879e+00
   2.3290000e+01   2.0802234e+00
   2.3300000e+01   1.6996365e+00
   2.3310000e+01   1.9541209e+00
   2.3320000e+01   2.1532673e+00
   2.3330000e+01   1.8083771e+00
   2.3340000e+01   1.1058032e+00
   2.3350000e+01   3.3817243e-01
   2.3360000e+01  -6.1338457e-01
   2.3370000e+01  -1.9667700e+00
   2.3380000e+01  -3.5017779e+00
   2.3390000e+01  -4.6229583e+00
   2.3400000e+01  -4.9313576e+00
   2.3410000e+01  -4.6282829e+00
   2.3420000e+01  -4.3143535e+00
   2.3430000e+01  -4.3600421e+00
   2.3440000e+01  -4.5109982e+00
   2.3450000e+01  -4.2283594e+00
   2.3460000e+01  -3.3880210e+00
   2.3470000e+01  -2.4435652e+00
   2.3480000e+01  -1.8821970e+00
   2.3490000e+01  -1.7659096e+00
   2.3500000e+01  -1.8649911e+00
   2.3510000e+01  -1.9498408e+00
   2.3520000e+01  -1.8320469e+00
   2.3530000e+01  -1.4375503e+00
   2.3540000e+01  -1.0330793e+00
   2.3550000e+01  -1.0596893e+00
   2.3560000e+01  -1.4753206e+00
   2.3570000e+01  -1.5762866e+00
   2.3580000e+01  -8.4224980e-01
   2.3590000e+01   2.8325900e-01
   2.3600000e+01   8.9082080e-01
   2.3610000e+01   7.3567852e-01
   2.3620000e+01   4.1945002e-01
   2.3630000e+01   5.2922575e-01
   2.3640000e+01   1.0853211e+00
   2.3650000e+01   1.8366984e+00
   2.3660000e+01   2.5628649e+00
   2.3670000e+01   2.9693996e+00
   2.3680000e+01   2.8490459e+00
   2.3690000e+01   2.5965518e+00
   2.3700000e+01   2.9906955e+00
   2.3710000e+01   4.0500473e+00
   2.3720000e+01   4.6710338e+00
   2.3730000e+01   4.0624733e+00
   2.3740000e+01   3.0961353e+00
   2.3750000e+01   3.3095866e+00
   2.3760000e+01   4.6988796e+00
   2.3770000e+01   5.5172866e+00
   2.3780000e+01   4.4934842e+00
   2.3790000e+01   2.3484688e+00
   2.3800000e+01   6.6746343e-01
   2.3810000e+01   4.3311577e-02
   2.3820000e+01  -3.4432564e-02
   2.3830000e+01  -5.5786298e-02
   2.3840000e+01  -5.3238417e-02
   2.3850000e+01  -1.1341665e-02
   2.3860000e+01  -1.5369753e-02
   2.3870000e+01  -3.6892310e-02
   2.3880000e+01   6.6397577e-05
   2.3890000e+01   3.0000750e-02
   2.3900000e+01   5.6337852e-03
   2.3910000e+01   1.8661912e-02
   2.3920000e+01  -2.6909277e-02
   2.3930000e+01  -5.5018201e-01
   2.3940000e+01  -1.7380707e+00
   2.3950000e+01  -3.1255790e+00
   2.3960000e+01  -4.0617104e+00
   2.3970000e+01  -4.3154474e+00
   2.3980000e+01  -3.9681996e+00
   2.3990000e+01  -3.1400770e+00
   2.4000000e+01  -2.1722578e+00
   2.4010000e+01  -1.5921708e+00
   2.4020000e+01  -1.4352685e+00
   2.4030000e+01  -1.0590710e+00
   2.4040000e+01  -1.1926699e-01
   2.4050000e+01   7.6824034e-01
   2.4060000e+01   9.1467281e-01
   2.4070000e+01   5.9868019e-01
   2.4080000e+01   5.3065133e-01
   2.4090000e+01   7.3945057e-01
   2.4100000e+01   7.7684946e-01
   2.4110000e+01   6.4422061e-01
   2.4120000e+01   6.6632213e-01
   2.4130000e+01   7.5684015e-01
   2.4140000e+01   7.1852789e-01
   2.4150000e+01   1.0301879e+00
   2.4160000e+01   2.3252452e+00
   2.4170000e+01   4.1536753e+00
   2.4180000e+01   5.2632288e+00
   2.4190000e+01   5.2093493e+00
   2.4200000e+01   4.7874267e+00
   2.4210000e+01   4.7266609e+00
   2.4220000e+01   4.8469053e+00
   2.4230000e+01   4.7696472e+00
   2.4240000e+01   4.6227442e+00
   2.4250000e+01   4.6032047e+00
   2.4260000e+01   4.4584099e+00
   2.4270000e+01   3.8541348e+00
   2.4280000e+01   2.8679569e+00
   2.4290000e+01   1.8088813e+00
   2.4300000e+01   8.7269946e-01
   2.4310000e+01   1.8744380e-01
   2.4320000e+01  -1.1760103e-01
   2.4330000e+01  -9.0240886e-02
   2.4340000e+01   2.3450495e-02
   2.4350000e+01   5.1931593e-02
   2.4360000e+01   1.9685792e-02
   2.4370000e+01  -6.5121660e-03
   2.4380000e+01   2.6404495e-03
   2.4390000e+01   6.8033321e-02
   2.4400000e+01   1.0800484e-01
   2.4410000e+01  -1.1047067e-01
   2.4420000e+01  -7.2275642e-01
   2.4430000e+01  -1.5442928e+00
   2.4440000e+01  -2.2500574e+00
   2.4450000e+01  -2.6557621e+00
   2.4460000e+01  -2.7137784e+00
   2.4470000e+01  -2.4445143e+00
   2.4480000e+01  -2.0251411e+00
   2.4490000e+01  -1.7344531e+00
   2.4500000e+01  -1.6730281e+00
   2.4510000e+01  -1.7501217e+00
   2.4520000e+01  -2.0038328e+00
   2.4530000e+01  -2.6026259e+00
   2.4540000e+01  -3.4175259e+00
   2.4550000e+01  -3.9482826e+00
   2.4560000e+01  -3.8412933e+00
   2.4570000e+01  -3.2168191e+00
   2.4580000e+01  -2.4578696e+00
   2.4590000e+01  -2.0321748e+00
   2.4600000e+01  -2.4485608e+00
   2.4610000e+01  -3.7788942e+00
   2.4620000e+01  -5.1319578e+00
   2.4630000e+01  -5.2908945e+00
   2.4640000e+01  -4.1585174e+00
   2.4650000e+01  -2.9606463e+00
   2.4660000e+01  -2.6769704e+00
   2.4670000e+01  -2.8755107e+00
   2.4680000e+01  -2.5494480e+00
   2.4690000e+01  -1.5497611e+00
   2.4700000e+01  -5.9309383e-01
   2.4710000e+01  -2.1504390e-01
   2.4720000e+01  -3.0362321e-01
   2.4730000e+01  -4.6174227e-01
   2.4740000e+01  -3.3507499e-01
   2.4750000e+01   2.7723522e-01
   2.4760000e+01   1.2135533e+00
   2.4770000e+01   1.9452707e+00
   2.4780000e+01   2.1066363e+00
   2.4790000e+01   1.9173732e+00
   2.4800000e+01   1.8218805e+00
   2.4810000e+01   1.9014170e+00
   2.4820000e+01   1.9450709e+00
   2.4830000e+01   1.8976878e+00
   2.4840000e+01   1.8705693e+00
   2.4850000e+01   1.8606962e+00
   2.4860000e+01   1.8497770e+00
   2.4870000e+01   2.0756896e+00
   2.4880000e+01   2.7774228e+00
   2.4890000e+01   3.6849776e+00
   2.4900000e+01   4.1849627e+00
   2.4910000e+01   4.0714563e+00
   2.4920000e+01   3.7675786e+00
   2.4930000e+01   3.7120294e+00
   2.4940000e+01   3.9232018e+00
   2.4950000e+01   4.3251753e+00
   2.4960000e+01   5.0199896e+00
   2.4970000e+01   5.8390247e+00
   2.4980000e+01   6.0084409e+00
   2.4990000e+01   4.8774990e+00
   2.5000000e+01   2.8971316e+00
   2.5010000e+01   1.3191309e+00
   2.5020000e+01   8.5722416e-01
   2.5030000e+01   1.0946267e+00
   2.5040000e+01   1.2767621e+00
   2.5050000e+01   1.1899288e+00
   2.5060000e+01   1.0663697e+00
   2.5070000e+01   1.0597158e+00
   2.5080000e+01   1.1175737e+00
   2.5090000e+01   1.1419430e+00
   2.5100000e+01   1.0870221e+00
   2.5110000e+01   1.0261328e+00
   2.5120000e+01   1.0758486e+00
   2.5130000e+01   1.0262103e+00
   2.5140000e+01   2.8029331e-01
   2.5150000e+01  -1.3425916e+00
   2.5160000e+01  -2.9652070e+00
   2.5170000e+01  -3.5432865e+00
   2.5180000e+01  -3.3110142e+00
   2.5190000e+01  -3.4783600e+00
   2.5200000e+01  -4.4443385e+00
   2.5210000e+01  -5.2956436e+00
   2.5220000e+01  -5.3186238e+00
   2.5230000e+01  -4.9520656e+00
   2.5240000e+01  -4.7420296e+00
   2.5250000e+01  -4.3613095e+00
   2.5260000e+01  -3.4222952e+00
   2.5270000e+01  -2.4483638e+00
   2.5280000e+01  -2.1543953e+00
   2.5290000e+01  -2.3590050e+00
   2.5300000e+01  -2.4928723e+00
   2.5310000e+01  -2.6877411e+00
   2.5320000e+01  -3.3991221e+00
   2.5330000e+01  -4.2931472e+00
   2.5340000e+01  -4.5460705e+00
   2.5350000e+01  -4.1391918e+00
   2.5360000e+01  -3.8646567e+00
   2.5370000e+01  -4.0120750e+00
   2.5380000e+01  -4.0437292e+00
   2.5390000e+01  -3.7685740e+00
   2.5400000e+01  -3.7963179e+00
   2.5410000e+01  -4.3363808e+00
   2.5420000e+01  -4.4952586e+00
   2.5430000e+01  -3.5312087e+00
   2.5440000e+01  -2.0714495e+00
   2.5450000e+01  -1.1860864e+00
   2.5460000e+01  -8.3787245e-01
   2.5470000e+01  -2.9104122e-01
   2.5480000e+01   3.6201116e-01
   2.5490000e+01   2.9271539e-01
   2.5500000e+01  -5.5708918e-01
   2.5510000e+01  -1.2306516e+00
   2.5520000e+01  -1.1557855e+00
   2.5530000e+01  -8.0382996e-01
   2.5540000e+01  -7.4404074e-01
   2.5550000e+01  -8.8234386e-01
   2.5560000e+01  -8.9374093e-01
   2.5570000e+01  -7.6460512e-01
   2.5580000e+01  -6.7368500e-01
   2.5590000e+01  -7.0919167e-01
