   0.0000000e+00   3.7860053e-02
   1.0000000e-02   2.9008194e-01
   2.0000000e-02   9.5215506e-01
   3.0000000e-02   1.8401127e+00
   4.0000000e-02   2.7131461e+00
   5.0000000e-02   4.2498150e+00
   6.0000000e-02   7.2035342e+00
   7.0000000e-02   9.8041917e+00
   8.0000000e-02   8.2206803e+00
   9.0000000e-02   1.6072530e+00
   1.0000000e-01  -5.0704792e+00
   1.1000000e-01  -6.0110861e+00
   1.2000000e-01  -1.4011633e+00
   1.3000000e-01   3.6059043e+00
   1.4000000e-01   5.7458118e+00
   1.5000000e-01   6.0030177e+00
   1.6000000e-01   5.8308968e+00
   1.7000000e-01   5.0330033e+00
   1.8000000e-01   3.7668678e+00
   1.9000000e-01   3.2542115e+00
   2.0000000e-01   3.5721867e+00
   2.1000000e-01   3.2369853e+00
   2.2000000e-01   1.8115662e+00
   2.3000000e-01   8.1143983e-01
   2.4000000e-01   1.2210021e+00
   2.5000000e-01   2.0016507e+00
   2.6000000e-01   1.9091964e+00
   2.7000000e-01   1.2065964e+00
   2.8000000e-01   8.0576007e-01
   2.9000000e-01   9.9052550e-01
   3.0000000e-01   1.6240637e+00
   3.1000000e-01   2.6759595e+00
   3.2000000e-01   4.1136432e+00
   3.3000000e-01   5.8399740e+00
   3.4000000e-01   7.7336549e+00
   3.5000000e-01   9.2541983e+00
   3.6000000e-01   9.4034379e+00
   3.7000000e-01   7.8255404e+00
   3.8000000e-01   5.5614879e+00
   3.9000000e-01   4.0210610e+00
   4.0000000e-01   3.6447894e+00
   4.1000000e-01   3.9831719e+00
   4.2000000e-01   4.2595288e+00
   4.3000000e-01   3.5458618e+00
   4.4000000e-01   1.6286848e+00
   4.5000000e-01   9.7539452e-03
   4.6000000e-01   4.5892478e-01
   4.7000000e-01   2.2808899e+00
   4.8000000e-01   2.9874207e+00
   4.9000000e-01   2.0110097e+00
   5.0000000e-01   1.3906974e+00
   5.1000000e-01   2.2602986e+00
   5.2000000e-01   3.2216543e+00
   5.3000000e-01   3.0086245e+00
   5.4000000e-01   2.3664943e+00
   5.5000000e-01   2.3036562e+00
   5.6000000e-01   2.3958759e+00
   5.7000000e-01   1.6715178e+00
   5.8000000e-01  -2.0274367e-01
   5.9000000e-01  -2.9656828e+00
   6.0000000e-01  -5.8260880e+00
   6.1000000e-01  -7.6046690e+00
   6.2000000e-01  -7.8952574e+00
   6.3000000e-01  -7.6635115e+00
   6.4000000e-01  -7.8218684e+00
   6.5000000e-01  -8.0265127e+00
   6.6000000e-01  -7.6394570e+00
   6.7000000e-01  -6.7592365e+00
   6.8000000e-01  -5.6261820e+00
   6.9000000e-01  -4.2637131e+00
   7.0000000e-01  -3.1594320e+00
   7.1000000e-01  -2.8656785e+00
   7.2000000e-01  -2.7251978e+00
   7.3000000e-01  -1.7293903e+00
   7.4000000e-01  -6.8704275e-01
   7.5000000e-01  -1.4058879e+00
   7.6000000e-01  -3.5581125e+00
   7.7000000e-01  -4.7171409e+00
   7.8000000e-01  -3.8689570e+00
   7.9000000e-01  -2.4940805e+00
   8.0000000e-01  -1.7124507e+00
   8.1000000e-01  -8.5677736e-01
   8.2000000e-01   4.0104823e-01
   8.3000000e-01   9.6323521e-01
   8.4000000e-01   3.7488922e-01
   8.5000000e-01  -1.7281871e-01
   8.6000000e-01   4.2515897e-02
   8.7000000e-01   1.6265066e-01
   8.8000000e-01  -1.9594699e-01
   8.9000000e-01   1.8341813e-01
   9.0000000e-01   1.8319939e+00
   9.1000000e-01   2.9438208e+00
   9.2000000e-01   1.5534900e+00
   9.3000000e-01  -1.8243106e+00
   9.4000000e-01  -4.9381585e+00
   9.5000000e-01  -6.2649174e+00
   9.6000000e-01  -5.9811296e+00
   9.7000000e-01  -5.3293376e+00
   9.8000000e-01  -5.4083143e+00
   9.9000000e-01  -5.9223196e+00
   1.0000000e+00  -5.3829515e+00
   1.0100000e+00  -3.3534143e+00
   1.0200000e+00  -1.6497524e+00
   1.0300000e+00  -2.1197991e+00
   1.0400000e+00  -4.3332022e+00
   1.0500000e+00  -6.8305970e+00
   1.0600000e+00  -9.1483844e+00
   1.0700000e+00  -1.0952783e+01
   1.0800000e+00  -1.0929890e+01
   1.0900000e+00  -8.4353572e+00
   1.1000000e+00  -4.5602846e+00
   1.1100000e+00  -2.0274048e-02
   1.1200000e+00   5.8704919e+00
   1.1300000e+00   1.2628961e+01
   1.1400000e+00   1.7607777e+01
   1.1500000e+00   1.9375626e+01
   1.1600000e+00   1.9523728e+01
   1.1700000e+00   1.9277637e+01
   1.1800000e+00   1.7007049e+01
   1.1900000e+00   1.1169857e+01
   1.2000000e+00   3.2552772e+00
   1.2100000e+00  -4.2609248e+00
   1.2200000e+00  -1.0790571e+01
   1.2300000e+00  -1.6756438e+01
   1.2400000e+00  -2.1809980e+01
   1.2500000e+00  -2.5612087e+01
   1.2600000e+00  -2.9053190e+01
   1.2700000e+00  -3.3332104e+01
   1.2800000e+00  -3.8352804e+01
   1.2900000e+00  -4.2447491e+01
   1.3000000e+00  -4.3300256e+01
   1.3100000e+00  -3.9481655e+01
   1.3200000e+00  -3.1669308e+01
   1.3300000e+00  -2.1971546e+01
   1.3400000e+00  -1.2113601e+01
   1.3500000e+00  -3.4689231e+00
   1.3600000e+00   1.6721478e+00
   1.3700000e+00   1.5717002e+00
   1.3800000e+00  -1.7953884e+00
   1.3900000e+00  -3.8390393e+00
   1.4000000e+00  -2.3917469e+00
   1.4100000e+00   8.7311380e-01
   1.4200000e+00   4.2595576e+00
   1.4300000e+00   7.9505310e+00
   1.4400000e+00   1.1537850e+01
   1.4500000e+00   1.3384807e+01
   1.4600000e+00   1.3779691e+01
   1.4700000e+00   1.5495332e+01
   1.4800000e+00   1.9630879e+01
   1.4900000e+00   2.3366441e+01
   1.5000000e+00   2.3134470e+01
   1.5100000e+00   1.8106021e+01
   1.5200000e+00   9.7045439e+00
   1.5300000e+00  -6.3666672e-01
   1.5400000e+00  -1.2255934e+01
   1.5500000e+00  -2.4451188e+01
   1.5600000e+00  -3.5372700e+01
   1.5700000e+00  -4.2289809e+01
   1.5800000e+00  -4.4040450e+01
   1.5900000e+00  -4.2776358e+01
   1.6000000e+00  -4.1302701e+01
   1.6100000e+00  -3.8812128e+01
   1.6200000e+00  -3.1705477e+01
   1.6300000e+00  -1.8916880e+01
   1.6400000e+00  -4.0301076e+00
   1.6500000e+00   8.2730790e+00
   1.6600000e+00   1.5646411e+01
   1.6700000e+00   1.7684294e+01
   1.6800000e+00   1.4524300e+01
   1.6900000e+00   7.0026182e+00
   1.7000000e+00  -2.9551442e+00
   1.7100000e+00  -1.2971238e+01
   1.7200000e+00  -2.1425424e+01
   1.7300000e+00  -2.8675217e+01
   1.7400000e+00  -3.6851014e+01
   1.7500000e+00  -4.6850889e+01
   1.7600000e+00  -5.5655350e+01
   1.7700000e+00  -5.8830446e+01
   1.7800000e+00  -5.5721229e+01
   1.7900000e+00  -4.9557757e+01
   1.8000000e+00  -4.2226267e+01
   1.8100000e+00  -3.2000169e+01
   1.8200000e+00  -1.7354303e+01
   1.8300000e+00  -2.0366348e-01
   1.8400000e+00   1.5937888e+01
   1.8500000e+00   2.8651345e+01
   1.8600000e+00   3.6380507e+01
   1.8700000e+00   3.7991687e+01
   1.8800000e+00   3.4022518e+01
   1.8900000e+00   2.6687193e+01
   1.9000000e+00   1.7765275e+01
   1.9100000e+00   7.7185547e+00
   1.9200000e+00  -3.1086408e+00
   1.9300000e+00  -1.3726060e+01
   1.9400000e+00  -2.2490512e+01
   1.9500000e+00  -2.6888822e+01
   1.9600000e+00  -2.4908476e+01
   1.9700000e+00  -1.8206585e+01
   1.9800000e+00  -1.1747571e+01
   1.9900000e+00  -8.0319433e+00
   2.0000000e+00  -4.2299062e+00
   2.0100000e+00   2.0824044e+00
   2.0200000e+00   7.5804272e+00
   2.0300000e+00   8.1095565e+00
   2.0400000e+00   6.5040265e+00
   2.0500000e+00   9.9618966e+00
   2.0600000e+00   2.0240407e+01
   2.0700000e+00   3.1159334e+01
   2.0800000e+00   3.5932024e+01
   2.0900000e+00   3.3293638e+01
   2.1000000e+00   2.6318269e+01
   2.1100000e+00   1.8458580e+01
   2.1200000e+00   1.1359502e+01
   2.1300000e+00   4.3686735e+00
   2.1400000e+00  -4.4791584e+00
   2.1500000e+00  -1.5918629e+01
   2.1600000e+00  -2.7646408e+01
   2.1700000e+00  -3.5487210e+01
   2.1800000e+00  -3.6315502e+01
   2.1900000e+00  -3.0067996e+01
   2.2000000e+00  -1.9632674e+01
   2.2100000e+00  -8.6987726e+00
   2.2200000e+00   9.3935505e-01
   2.2300000e+00   9.9737383e+00
   2.2400000e+00   1.9660844e+01
   2.2500000e+00   3.0254885e+01
   2.2600000e+00   4.1253479e+01
   2.2700000e+00   5.1688715e+01
   2.2800000e+00   5.9951020e+01
   2.2900000e+00   6.4728263e+01
   2.3000000e+00   6.6243629e+01
   2.3100000e+00   6.5469746e+01
   2.3200000e+00   6.2588531e+01
   2.3300000e+00   5.7418018e+01
   2.3400000e+00   5.0644144e+01
   2.3500000e+00   4.3612431e+01
   2.3600000e+00   3.7718971e+01
   2.3700000e+00   3.4163462e+01
   2.3800000e+00   3.2447077e+01
   2.3900000e+00   2.9121006e+01
   2.4000000e+00   2.0817928e+01
   2.4100000e+00   8.7438561e+00
   2.4200000e+00  -2.9056750e+00
   2.4300000e+00  -1.2495639e+01
   2.4400000e+00  -2.0454915e+01
   2.4500000e+00  -2.3672472e+01
   2.4600000e+00  -1.6792177e+01
   2.4700000e+00  -1.0083078e+00
   2.4800000e+00   1.4088427e+01
   2.4900000e+00   2.0420743e+01
   2.5000000e+00   1.8714350e+01
   2.5100000e+00   1.3084623e+01
   2.5200000e+00   3.1633828e+00
   2.5300000e+00  -1.3639230e+01
   2.5400000e+00  -3.4674593e+01
   2.5500000e+00  -5.1758750e+01
   2.5600000e+00  -5.8167567e+01
   2.5700000e+00  -5.3165283e+01
   2.5800000e+00  -4.0098051e+01
   2.5900000e+00  -2.2848338e+01
   2.6000000e+00  -4.6110950e+00
   2.6100000e+00   1.1996527e+01
   2.6200000e+00   2.4831172e+01
   2.6300000e+00   3.1854022e+01
   2.6400000e+00   3.1384818e+01
   2.6500000e+00   2.4133108e+01
   2.6600000e+00   1.4698023e+01
   2.6700000e+00   9.2815736e+00
   2.6800000e+00   1.1473364e+01
   2.6900000e+00   2.1091625e+01
   2.7000000e+00   3.6398022e+01
   2.7100000e+00   5.5446686e+01
   2.7200000e+00   7.5417713e+01
   2.7300000e+00   9.2814858e+01
   2.7400000e+00   1.0488050e+02
   2.7500000e+00   1.0971199e+02
   2.7600000e+00   1.0576111e+02
   2.7700000e+00   9.3573029e+01
   2.7800000e+00   7.7950569e+01
   2.7900000e+00   6.5789518e+01
   2.8000000e+00   6.0574202e+01
   2.8100000e+00   6.0231729e+01
   2.8200000e+00   6.1106892e+01
   2.8300000e+00   6.2755139e+01
   2.8400000e+00   6.7465574e+01
   2.8500000e+00   7.5604803e+01
   2.8600000e+00   8.3358217e+01
   2.8700000e+00   8.6286060e+01
   2.8800000e+00   8.4232341e+01
   2.8900000e+00   8.0807148e+01
   2.9000000e+00   7.7883162e+01
   2.9100000e+00   7.2886476e+01
   2.9200000e+00   6.2778999e+01
   2.9300000e+00   4.8538840e+01
   2.9400000e+00   3.3365477e+01
   2.9500000e+00   1.7779630e+01
   2.9600000e+00  -7.2515893e-01
   2.9700000e+00  -2.3446873e+01
   2.9800000e+00  -4.8528757e+01
   2.9900000e+00  -7.3613099e+01
   3.0000000e+00  -9.7436101e+01
   3.0100000e+00  -1.1680257e+02
   3.0200000e+00  -1.2456602e+02
   3.0300000e+00  -1.1471982e+02
   3.0400000e+00  -8.9596230e+01
   3.0500000e+00  -5.8872832e+01
   3.0600000e+00  -3.0987293e+01
   3.0700000e+00  -8.3043760e+00
   3.0800000e+00   9.6484873e+00
   3.0900000e+00   2.3008837e+01
   3.1000000e+00   3.3228453e+01
   3.1100000e+00   4.3572180e+01
   3.1200000e+00   5.5500174e+01
   3.1300000e+00   6.7312393e+01
   3.1400000e+00   7.7384122e+01
   3.1500000e+00   8.5447781e+01
   3.1600000e+00   9.0392371e+01
   3.1700000e+00   9.1184576e+01
   3.1800000e+00   9.0533456e+01
   3.1900000e+00   9.2846981e+01
   3.2000000e+00   9.7860144e+01
   3.2100000e+00   1.0120089e+02
   3.2200000e+00   1.0160858e+02
   3.2300000e+00   1.0210541e+02
   3.2400000e+00   1.0359741e+02
   3.2500000e+00   1.0316951e+02
   3.2600000e+00   9.9785838e+01
   3.2700000e+00   9.6521452e+01
   3.2800000e+00   9.6032201e+01
   3.2900000e+00   9.8051140e+01
   3.3000000e+00   1.0181236e+02
   3.3100000e+00   1.0676364e+02
   3.3200000e+00   1.1026776e+02
   3.3300000e+00   1.0799946e+02
   3.3400000e+00   9.7074273e+01
   3.3500000e+00   7.6754654e+01
   3.3600000e+00   4.7332927e+01
   3.3700000e+00   1.1126522e+01
   3.3800000e+00  -2.6621041e+01
   3.3900000e+00  -6.1033415e+01
   3.4000000e+00  -9.1882502e+01
   3.4100000e+00  -1.2298430e+02
   3.4200000e+00  -1.5763613e+02
   3.4300000e+00  -1.9544068e+02
   3.4400000e+00  -2.3281587e+02
   3.4500000e+00  -2.6598591e+02
   3.4600000e+00  -2.9391291e+02
   3.4700000e+00  -3.1773195e+02
   3.4800000e+00  -3.3618570e+02
   3.4900000e+00  -3.4305260e+02
   3.5000000e+00  -3.3210798e+02
   3.5100000e+00  -3.0456693e+02
   3.5200000e+00  -2.6818281e+02
   3.5300000e+00  -2.2756743e+02
   3.5400000e+00  -1.7862658e+02
   3.5500000e+00  -1.1581902e+02
   3.5600000e+00  -4.3386980e+01
   3.5700000e+00   2.4468459e+01
   3.5800000e+00   7.4859953e+01
   3.5900000e+00   1.0433639e+02
   3.6000000e+00   1.1510686e+02
   3.6100000e+00   1.0784661e+02
   3.6200000e+00   8.2121277e+01
   3.6300000e+00   4.1362507e+01
   3.6400000e+00  -7.3397194e+00
   3.6500000e+00  -5.8239304e+01
   3.6600000e+00  -1.0841922e+02
   3.6700000e+00  -1.5446162e+02
   3.6800000e+00  -1.9139045e+02
   3.6900000e+00  -2.1647593e+02
   3.7000000e+00  -2.3167866e+02
   3.7100000e+00  -2.4047696e+02
   3.7200000e+00  -2.4376362e+02
   3.7300000e+00  -2.4043361e+02
   3.7400000e+00  -2.3050759e+02
   3.7500000e+00  -2.1556539e+02
   3.7600000e+00  -1.9694574e+02
   3.7700000e+00  -1.7550448e+02
   3.7800000e+00  -1.5216336e+02
   3.7900000e+00  -1.2592032e+02
   3.8000000e+00  -9.1690782e+01
   3.8100000e+00  -4.3578987e+01
   3.8200000e+00   1.8365569e+01
   3.8300000e+00   8.6366902e+01
   3.8400000e+00   1.5015277e+02
   3.8500000e+00   2.0226657e+02
   3.8600000e+00   2.3908910e+02
   3.8700000e+00   2.6025348e+02
   3.8800000e+00   2.6830508e+02
   3.8900000e+00   2.6687374e+02
   3.9000000e+00   2.5796443e+02
   3.9100000e+00   2.4144803e+02
   3.9200000e+00   2.1662144e+02
   3.9300000e+00   1.8347985e+02
   3.9400000e+00   1.4359840e+02
   3.9500000e+00   1.0059939e+02
   3.9600000e+00   5.8179560e+01
   3.9700000e+00   1.7042690e+01
   3.9800000e+00  -2.3820458e+01
   3.9900000e+00  -6.2022051e+01
   4.0000000e+00  -9.1390248e+01
   4.0100000e+00  -1.0863187e+02
   4.0200000e+00  -1.1702839e+02
   4.0300000e+00  -1.2084007e+02
   4.0400000e+00  -1.1932407e+02
   4.0500000e+00  -1.1016029e+02
   4.0600000e+00  -9.6451689e+01
   4.0700000e+00  -8.5321646e+01
   4.0800000e+00  -7.9555688e+01
   4.0900000e+00  -7.4700670e+01
   4.1000000e+00  -6.5351305e+01
   4.1100000e+00  -5.0685842e+01
   4.1200000e+00  -3.2004589e+01
   4.1300000e+00  -8.2266663e+00
   4.1400000e+00   2.2530715e+01
   4.1500000e+00   5.8219784e+01
   4.1600000e+00   9.3458173e+01
   4.1700000e+00   1.2537093e+02
   4.1800000e+00   1.5598445e+02
   4.1900000e+00   1.8736196e+02
   4.2000000e+00   2.1619710e+02
   4.2100000e+00   2.3478062e+02
   4.2200000e+00   2.3624570e+02
   4.2300000e+00   2.1819504e+02
   4.2400000e+00   1.8343587e+02
   4.2500000e+00   1.3933376e+02
   4.2600000e+00   9.5051410e+01
   4.2700000e+00   5.6476291e+01
   4.2800000e+00   2.3356732e+01
   4.2900000e+00  -7.3386321e+00
   4.3000000e+00  -3.5984939e+01
   4.3100000e+00  -6.0323211e+01
   4.3200000e+00  -8.0050967e+01
   4.3300000e+00  -9.8054633e+01
   4.3400000e+00  -1.1649105e+02
   4.3500000e+00  -1.3412825e+02
   4.3600000e+00  -1.4798690e+02
   4.3700000e+00  -1.5551342e+02
   4.3800000e+00  -1.5541355e+02
   4.3900000e+00  -1.4909120e+02
   4.4000000e+00  -1.4127356e+02
   4.4100000e+00  -1.3632777e+02
   4.4200000e+00  -1.3350419e+02
   4.4300000e+00  -1.2803383e+02
   4.4400000e+00  -1.1679253e+02
   4.4500000e+00  -1.0082807e+02
   4.4600000e+00  -8.3342867e+01
   4.4700000e+00  -6.7937597e+01
   4.4800000e+00  -5.7844638e+01
   4.4900000e+00  -5.3928849e+01
   4.5000000e+00  -5.3895965e+01
   4.5100000e+00  -5.5257092e+01
   4.5200000e+00  -5.7657804e+01
   4.5300000e+00  -6.0904760e+01
   4.5400000e+00  -6.3449212e+01
   4.5500000e+00  -6.5062434e+01
   4.5600000e+00  -6.8354393e+01
   4.5700000e+00  -7.5376495e+01
   4.5800000e+00  -8.5111958e+01
   4.5900000e+00  -9.5746983e+01
   4.6000000e+00  -1.0629526e+02
   4.6100000e+00  -1.1465900e+02
   4.6200000e+00  -1.1776825e+02
   4.6300000e+00  -1.1535106e+02
   4.6400000e+00  -1.1020485e+02
   4.6500000e+00  -1.0344781e+02
   4.6600000e+00  -9.3121056e+01
   4.6700000e+00  -7.8688887e+01
   4.6800000e+00  -6.3051665e+01
   4.6900000e+00  -4.8509484e+01
   4.7000000e+00  -3.3990477e+01
   4.7100000e+00  -1.7574158e+01
   4.7200000e+00   1.0753856e+00
   4.7300000e+00   2.1640514e+01
   4.7400000e+00   4.3808580e+01
   4.7500000e+00   6.6221824e+01
   4.7600000e+00   8.6907281e+01
   4.7700000e+00   1.0506409e+02
   4.7800000e+00   1.2061109e+02
   4.7900000e+00   1.3232956e+02
   4.8000000e+00   1.3861025e+02
   4.8100000e+00   1.3958928e+02
   4.8200000e+00   1.3618799e+02
   4.8300000e+00   1.2748276e+02
   4.8400000e+00   1.1170423e+02
   4.8500000e+00   8.9868215e+01
   4.8600000e+00   6.5947577e+01
   4.8700000e+00   4.3246236e+01
   4.8800000e+00   2.2948002e+01
   4.8900000e+00   6.5150790e+00
   4.9000000e+00  -3.2964303e+00
   4.9100000e+00  -5.2523700e+00
   4.9200000e+00  -1.5237797e+00
   4.9300000e+00   4.6555863e+00
   4.9400000e+00   1.1415935e+01
   4.9500000e+00   1.7105966e+01
   4.9600000e+00   1.9533220e+01
   4.9700000e+00   1.9232007e+01
   4.9800000e+00   2.1506380e+01
   4.9900000e+00   3.1694965e+01
   5.0000000e+00   4.9304897e+01
   5.0100000e+00   6.9741561e+01
   5.0200000e+00   9.0387328e+01
   5.0300000e+00   1.1122325e+02
   5.0400000e+00   1.3057705e+02
   5.0500000e+00   1.4484116e+02
   5.0600000e+00   1.5259103e+02
   5.0700000e+00   1.5533029e+02
   5.0800000e+00   1.5429313e+02
   5.0900000e+00   1.5012617e+02
   5.1000000e+00   1.4548982e+02
   5.1100000e+00   1.4414473e+02
   5.1200000e+00   1.4712270e+02
   5.1300000e+00   1.5271082e+02
   5.1400000e+00   1.5979721e+02
   5.1500000e+00   1.6809684e+02
   5.1600000e+00   1.7575961e+02
   5.1700000e+00   1.8033996e+02
   5.1800000e+00   1.8198554e+02
   5.1900000e+00   1.8267737e+02
   5.2000000e+00   1.8265343e+02
   5.2100000e+00   1.8020779e+02
   5.2200000e+00   1.7443240e+02
   5.2300000e+00   1.6567809e+02
   5.2400000e+00   1.5384568e+02
   5.2500000e+00   1.3829342e+02
   5.2600000e+00   1.1884255e+02
   5.2700000e+00   9.5308243e+01
   5.2800000e+00   6.6979327e+01
   5.2900000e+00   3.4048452e+01
   5.3000000e+00  -1.3429291e+00
   5.3100000e+00  -3.6599498e+01
   5.3200000e+00  -7.0104614e+01
   5.3300000e+00  -1.0018950e+02
   5.3400000e+00  -1.2398836e+02
   5.3500000e+00  -1.3862089e+02
   5.3600000e+00  -1.4292007e+02
   5.3700000e+00  -1.3745026e+02
   5.3800000e+00  -1.2356422e+02
   5.3900000e+00  -1.0289818e+02
   5.4000000e+00  -7.7486943e+01
   5.4100000e+00  -5.0274795e+01
   5.4200000e+00  -2.5127406e+01
   5.4300000e+00  -5.2574639e+00
   5.4400000e+00   8.6385379e+00
   5.4500000e+00   1.7983677e+01
   5.4600000e+00   2.4504715e+01
   5.4700000e+00   3.0090037e+01
   5.4800000e+00   3.7552336e+01
   5.4900000e+00   4.8888756e+01
   5.5000000e+00   6.2648838e+01
   5.5100000e+00   7.5482570e+01
   5.5200000e+00   8.6372146e+01
   5.5300000e+00   9.6583307e+01
   5.5400000e+00   1.0547702e+02
   5.5500000e+00   1.0997542e+02
   5.5600000e+00   1.0897093e+02
   5.5700000e+00   1.0473588e+02
   5.5800000e+00   9.8638778e+01
   5.5900000e+00   8.8635029e+01
   5.6000000e+00   7.2537222e+01
   5.6100000e+00   5.0997466e+01
   5.6200000e+00   2.5865700e+01
   5.6300000e+00  -1.6915493e+00
   5.6400000e+00  -3.0063911e+01
   5.6500000e+00  -5.6759988e+01
   5.6600000e+00  -8.0412087e+01
   5.6700000e+00  -1.0112580e+02
   5.6800000e+00  -1.1838452e+02
   5.6900000e+00  -1.3116088e+02
   5.7000000e+00  -1.4015630e+02
   5.7100000e+00  -1.4671032e+02
   5.7200000e+00  -1.4936759e+02
   5.7300000e+00  -1.4507742e+02
   5.7400000e+00  -1.3396615e+02
   5.7500000e+00  -1.1937408e+02
   5.7600000e+00  -1.0345519e+02
   5.7700000e+00  -8.6715172e+01
   5.7800000e+00  -7.1356441e+01
   5.7900000e+00  -6.0315283e+01
   5.8000000e+00  -5.2749804e+01
   5.8100000e+00  -4.4765005e+01
   5.8200000e+00  -3.4643887e+01
   5.8300000e+00  -2.3157413e+01
   5.8400000e+00  -9.2733877e+00
   5.8500000e+00   9.0806909e+00
   5.8600000e+00   2.9518918e+01
   5.8700000e+00   4.5641422e+01
   5.8800000e+00   5.4297078e+01
   5.8900000e+00   5.8243088e+01
   5.9000000e+00   6.0458897e+01
   5.9100000e+00   5.9956782e+01
   5.9200000e+00   5.5054172e+01
   5.9300000e+00   4.7384652e+01
   5.9400000e+00   4.0274585e+01
   5.9500000e+00   3.5156459e+01
   5.9600000e+00   3.1507321e+01
   5.9700000e+00   2.9009660e+01
   5.9800000e+00   2.8010377e+01
   5.9900000e+00   2.8187328e+01
   6.0000000e+00   2.7856104e+01
   6.0100000e+00   2.4843494e+01
   6.0200000e+00   1.8000697e+01
   6.0300000e+00   8.1438992e+00
   6.0400000e+00  -2.4096944e+00
   6.0500000e+00  -1.1578269e+01
   6.0600000e+00  -1.8970357e+01
   6.0700000e+00  -2.5529612e+01
   6.0800000e+00  -3.1917859e+01
   6.0900000e+00  -3.7703456e+01
   6.1000000e+00  -4.2255249e+01
   6.1100000e+00  -4.5862435e+01
   6.1200000e+00  -4.9304133e+01
   6.1300000e+00  -5.2664097e+01
   6.1400000e+00  -5.5730132e+01
   6.1500000e+00  -5.9492524e+01
   6.1600000e+00  -6.5488093e+01
   6.1700000e+00  -7.3119452e+01
   6.1800000e+00  -7.9540290e+01
   6.1900000e+00  -8.3043706e+01
   6.2000000e+00  -8.4454403e+01
   6.2100000e+00  -8.4135472e+01
   6.2200000e+00  -8.0181706e+01
   6.2300000e+00  -7.1331566e+01
   6.2400000e+00  -5.9420172e+01
   6.2500000e+00  -4.7101017e+01
   6.2600000e+00  -3.5172901e+01
   6.2700000e+00  -2.3734677e+01
   6.2800000e+00  -1.3699287e+01
   6.2900000e+00  -5.3967588e+00
   6.3000000e+00   2.3876872e+00
   6.3100000e+00   1.0590822e+01
   6.3200000e+00   1.8840701e+01
   6.3300000e+00   2.6988124e+01
   6.3400000e+00   3.5562129e+01
   6.3500000e+00   4.3992165e+01
   6.3600000e+00   5.0445215e+01
   6.3700000e+00   5.4153363e+01
   6.3800000e+00   5.6199232e+01
   6.3900000e+00   5.7450504e+01
   6.4000000e+00   5.6981099e+01
   6.4100000e+00   5.2726292e+01
   6.4200000e+00   4.2806728e+01
   6.4300000e+00   2.6607257e+01
   6.4400000e+00   5.6761210e+00
   6.4500000e+00  -1.6715154e+01
   6.4600000e+00  -3.7804763e+01
   6.4700000e+00  -5.6872185e+01
   6.4800000e+00  -7.3977650e+01
   6.4900000e+00  -8.7863934e+01
   6.5000000e+00  -9.6250215e+01
   6.5100000e+00  -9.8103671e+01
   6.5200000e+00  -9.4447405e+01
   6.5300000e+00  -8.6485684e+01
   6.5400000e+00  -7.4099995e+01
   6.5500000e+00  -5.7334327e+01
   6.5600000e+00  -3.8541393e+01
   6.5700000e+00  -2.1543784e+01
   6.5800000e+00  -9.1241976e+00
   6.5900000e+00  -2.6492515e+00
   6.6000000e+00  -3.1137357e+00
   6.6100000e+00  -1.0314539e+01
   6.6200000e+00  -2.1403799e+01
   6.6300000e+00  -3.2408624e+01
   6.6400000e+00  -4.1199129e+01
   6.6500000e+00  -4.7583946e+01
   6.6600000e+00  -5.1200499e+01
   6.6700000e+00  -5.1156780e+01
   6.6800000e+00  -4.7390896e+01
   6.6900000e+00  -4.0893986e+01
   6.7000000e+00  -3.2985622e+01
   6.7100000e+00  -2.5432315e+01
   6.7200000e+00  -2.0560540e+01
   6.7300000e+00  -2.0133842e+01
   6.7400000e+00  -2.4341661e+01
   6.7500000e+00  -3.2102344e+01
   6.7600000e+00  -4.1836674e+01
   6.7700000e+00  -5.2103763e+01
   6.7800000e+00  -6.2208514e+01
   6.7900000e+00  -7.2116154e+01
   6.8000000e+00  -8.1515924e+01
   6.8100000e+00  -8.9490391e+01
   6.8200000e+00  -9.5208789e+01
   6.8300000e+00  -9.8157978e+01
   6.8400000e+00  -9.7885417e+01
   6.8500000e+00  -9.4742736e+01
   6.8600000e+00  -9.0576864e+01
   6.8700000e+00  -8.7121570e+01
   6.8800000e+00  -8.4005767e+01
   6.8900000e+00  -7.9962735e+01
   6.9000000e+00  -7.5468953e+01
   6.9100000e+00  -7.2254872e+01
   6.9200000e+00  -7.0515935e+01
   6.9300000e+00  -6.8480166e+01
   6.9400000e+00  -6.4696666e+01
   6.9500000e+00  -5.9204602e+01
   6.9600000e+00  -5.2374445e+01
   6.9700000e+00  -4.3901707e+01
   6.9800000e+00  -3.3278658e+01
   6.9900000e+00  -2.0584346e+01
   7.0000000e+00  -6.7273277e+00
   7.0100000e+00   6.7233874e+00
   7.0200000e+00   1.8202551e+01
   7.0300000e+00   2.7169974e+01
   7.0400000e+00   3.4482519e+01
   7.0500000e+00   4.1500877e+01
   7.0600000e+00   4.8784054e+01
   7.0700000e+00   5.5834896e+01
   7.0800000e+00   6.2148887e+01
   7.0900000e+00   6.7983796e+01
   7.1000000e+00   7.3535948e+01
   7.1100000e+00   7.7807353e+01
   7.1200000e+00   7.9203277e+01
   7.1300000e+00   7.6960580e+01
   7.1400000e+00   7.0940955e+01
   7.1500000e+00   6.0428110e+01
   7.1600000e+00   4.4756081e+01
   7.1700000e+00   2.5276217e+01
   7.1800000e+00   5.2068352e+00
   7.1900000e+00  -1.2900286e+01
   7.2000000e+00  -2.8500287e+01
   7.2100000e+00  -4.1750690e+01
   7.2200000e+00  -5.2045955e+01
   7.2300000e+00  -5.8173152e+01
   7.2400000e+00  -5.8987464e+01
   7.2500000e+00  -5.3640320e+01
   7.2600000e+00  -4.2021470e+01
   7.2700000e+00  -2.5484843e+01
   7.2800000e+00  -6.6473084e+00
   7.2900000e+00   1.1964571e+01
   7.3000000e+00   2.8920531e+01
   7.3100000e+00   4.3543262e+01
   7.3200000e+00   5.5165430e+01
   7.3300000e+00   6.3275063e+01
   7.3400000e+00   6.8082027e+01
   7.3500000e+00   7.0207636e+01
   7.3600000e+00   6.9886519e+01
   7.3700000e+00   6.7204394e+01
   7.3800000e+00   6.3031988e+01
   7.3900000e+00   5.8775979e+01
   7.4000000e+00   5.5083988e+01
   7.4100000e+00   5.1651539e+01
   7.4200000e+00   4.8382533e+01
   7.4300000e+00   4.5962601e+01
   7.4400000e+00   4.5373514e+01
   7.4500000e+00   4.7459238e+01
   7.4600000e+00   5.2461285e+01
   7.4700000e+00   5.9259502e+01
   7.4800000e+00   6.5737306e+01
   7.4900000e+00   7.0495336e+01
   7.5000000e+00   7.3387006e+01
   7.5100000e+00   7.4187654e+01
   7.5200000e+00   7.2214360e+01
   7.5300000e+00   6.7631110e+01
   7.5400000e+00   6.1522250e+01
   7.5500000e+00   5.4388152e+01
   7.5600000e+00   4.6363279e+01
   7.5700000e+00   3.9049076e+01
   7.5800000e+00   3.4884282e+01
   7.5900000e+00   3.4244680e+01
   7.6000000e+00   3.5343949e+01
   7.6100000e+00   3.7536072e+01
   7.6200000e+00   4.2570334e+01
   7.6300000e+00   5.1779751e+01
   7.6400000e+00   6.3783753e+01
   7.6500000e+00   7.5908964e+01
   7.6600000e+00   8.6656813e+01
   7.6700000e+00   9.5811201e+01
   7.6800000e+00   1.0286780e+02
   7.6900000e+00   1.0657924e+02
   7.7000000e+00   1.0624901e+02
   7.7100000e+00   1.0252521e+02
   7.7200000e+00   9.6095114e+01
   7.7300000e+00   8.6250214e+01
   7.7400000e+00   7.1979019e+01
   7.7500000e+00   5.4091047e+01
   7.7600000e+00   3.4809903e+01
   7.7700000e+00   1.5495935e+01
   7.7800000e+00  -3.7332562e+00
   7.7900000e+00  -2.2452140e+01
   7.8000000e+00  -3.9700358e+01
   7.8100000e+00  -5.5118388e+01
   7.8200000e+00  -6.8832038e+01
   7.8300000e+00  -8.0552238e+01
   7.8400000e+00  -8.9989438e+01
   7.8500000e+00  -9.7403944e+01
   7.8600000e+00  -1.0267887e+02
   7.8700000e+00  -1.0504693e+02
   7.8800000e+00  -1.0465829e+02
   7.8900000e+00  -1.0258924e+02
   7.9000000e+00  -9.8361261e+01
   7.9100000e+00  -9.0044898e+01
   7.9200000e+00  -7.8242933e+01
   7.9300000e+00  -6.7107120e+01
   7.9400000e+00  -5.9466993e+01
   7.9500000e+00  -5.3468647e+01
   7.9600000e+00  -4.5921088e+01
   7.9700000e+00  -3.6562481e+01
   7.9800000e+00  -2.7139612e+01
   7.9900000e+00  -1.8689382e+01
   8.0000000e+00  -1.1894041e+01
   8.0100000e+00  -8.0220775e+00
   8.0200000e+00  -7.1935011e+00
   8.0300000e+00  -7.1305676e+00
   8.0400000e+00  -5.4326826e+00
   8.0500000e+00  -1.8774022e+00
   8.0600000e+00   2.9090911e+00
   8.0700000e+00   9.6635894e+00
   8.0800000e+00   1.9566970e+01
   8.0900000e+00   3.1854635e+01
   8.1000000e+00   4.4146511e+01
   8.1100000e+00   5.5105200e+01
   8.1200000e+00   6.5310496e+01
   8.1300000e+00   7.5267938e+01
   8.1400000e+00   8.3942372e+01
   8.1500000e+00   9.0035136e+01
   8.1600000e+00   9.3577038e+01
   8.1700000e+00   9.4967290e+01
   8.1800000e+00   9.3321119e+01
   8.1900000e+00   8.7608832e+01
   8.2000000e+00   7.8891538e+01
   8.2100000e+00   6.9330423e+01
   8.2200000e+00   5.9400291e+01
   8.2300000e+00   4.8361805e+01
   8.2400000e+00   3.7056092e+01
   8.2500000e+00   2.7695491e+01
   8.2600000e+00   2.1137897e+01
   8.2700000e+00   1.6793562e+01
   8.2800000e+00   1.4815389e+01
   8.2900000e+00   1.5900604e+01
   8.3000000e+00   1.9381464e+01
   8.3100000e+00   2.3681160e+01
   8.3200000e+00   2.7707251e+01
   8.3300000e+00   2.9819147e+01
   8.3400000e+00   2.7181776e+01
   8.3500000e+00   1.8564031e+01
   8.3600000e+00   6.0404702e+00
   8.3700000e+00  -8.1189007e+00
   8.3800000e+00  -2.3962409e+01
   8.3900000e+00  -4.1413453e+01
   8.4000000e+00  -5.8243492e+01
   8.4100000e+00  -7.2576761e+01
   8.4200000e+00  -8.4589972e+01
   8.4300000e+00  -9.4034579e+01
   8.4400000e+00  -9.9148344e+01
   8.4500000e+00  -9.9677699e+01
   8.4600000e+00  -9.8135235e+01
   8.4700000e+00  -9.6670864e+01
   8.4800000e+00  -9.5093521e+01
   8.4900000e+00  -9.2575674e+01
   8.5000000e+00  -8.8734146e+01
   8.5100000e+00  -8.2840728e+01
   8.5200000e+00  -7.4609524e+01
   8.5300000e+00  -6.5609019e+01
   8.5400000e+00  -5.7406186e+01
   8.5500000e+00  -4.9155683e+01
   8.5600000e+00  -3.9701299e+01
   8.5700000e+00  -3.0656235e+01
   8.5800000e+00  -2.4247745e+01
   8.5900000e+00  -1.9606529e+01
   8.6000000e+00  -1.4667155e+01
   8.6100000e+00  -1.0268293e+01
   8.6200000e+00  -8.5171131e+00
   8.6300000e+00  -8.3848457e+00
   8.6400000e+00  -7.2804287e+00
   8.6500000e+00  -6.2344650e+00
   8.6600000e+00  -8.8036101e+00
   8.6700000e+00  -1.4793934e+01
   8.6800000e+00  -1.9728831e+01
   8.6900000e+00  -2.1223998e+01
   8.7000000e+00  -2.1524485e+01
   8.7100000e+00  -2.2634588e+01
   8.7200000e+00  -2.3041944e+01
   8.7300000e+00  -2.0905360e+01
   8.7400000e+00  -1.7088549e+01
   8.7500000e+00  -1.3250970e+01
   8.7600000e+00  -9.5757339e+00
   8.7700000e+00  -5.9627143e+00
   8.7800000e+00  -3.3684084e+00
   8.7900000e+00  -2.5533410e+00
   8.8000000e+00  -2.8507073e+00
   8.8100000e+00  -3.0147628e+00
   8.8200000e+00  -2.4529163e+00
   8.8300000e+00  -1.4326836e+00
   8.8400000e+00  -5.9670474e-01
   8.8500000e+00  -1.5410481e-02
   8.8600000e+00   1.2480862e+00
   8.8700000e+00   3.7569415e+00
   8.8800000e+00   6.5379714e+00
   8.8900000e+00   9.0631686e+00
   8.9000000e+00   1.3468453e+01
   8.9100000e+00   2.2240764e+01
   8.9200000e+00   3.4483347e+01
   8.9300000e+00   4.7324658e+01
   8.9400000e+00   6.0174773e+01
   8.9500000e+00   7.4298883e+01
   8.9600000e+00   8.8867033e+01
   8.9700000e+00   1.0106503e+02
   8.9800000e+00   1.0993703e+02
   8.9900000e+00   1.1685106e+02
   9.0000000e+00   1.2234920e+02
   9.0100000e+00   1.2536862e+02
   9.0200000e+00   1.2521013e+02
   9.0300000e+00   1.2201908e+02
   9.0400000e+00   1.1607947e+02
   9.0500000e+00   1.0839737e+02
   9.0600000e+00   1.0069193e+02
   9.0700000e+00   9.3298595e+01
   9.0800000e+00   8.4884912e+01
   9.0900000e+00   7.5623263e+01
   9.1000000e+00   6.8225533e+01
   9.1100000e+00   6.4225315e+01
   9.1200000e+00   6.1933209e+01
   9.1300000e+00   5.9685162e+01
   9.1400000e+00   5.7898483e+01
   9.1500000e+00   5.6014264e+01
   9.1600000e+00   5.1072490e+01
   9.1700000e+00   4.1946837e+01
   9.1800000e+00   3.1634562e+01
   9.1900000e+00   2.2603464e+01
   9.2000000e+00   1.3312786e+01
   9.2100000e+00   2.4965150e+00
   9.2200000e+00  -6.5650368e+00
   9.2300000e+00  -9.9226388e+00
   9.2400000e+00  -8.4026199e+00
   9.2500000e+00  -5.4937413e+00
   9.2600000e+00  -2.4027012e+00
   9.2700000e+00   8.3505939e-01
   9.2800000e+00   1.5583887e+00
   9.2900000e+00  -3.7893928e+00
   9.3000000e+00  -1.5077303e+01
   9.3100000e+00  -2.9085214e+01
   9.3200000e+00  -4.3795725e+01
   9.3300000e+00  -5.9105852e+01
   9.3400000e+00  -7.4321371e+01
   9.3500000e+00  -8.8021799e+01
   9.3600000e+00  -9.9947478e+01
   9.3700000e+00  -1.1065756e+02
   9.3800000e+00  -1.1966047e+02
   9.3900000e+00  -1.2551302e+02
   9.4000000e+00  -1.2729344e+02
   9.4100000e+00  -1.2493135e+02
   9.4200000e+00  -1.1892246e+02
   9.4300000e+00  -1.1068918e+02
   9.4400000e+00  -1.0240721e+02
   9.4500000e+00  -9.5673092e+01
   9.4600000e+00  -9.0911966e+01
   9.4700000e+00  -8.8178288e+01
   9.4800000e+00  -8.7466262e+01
   9.4900000e+00  -8.8175833e+01
   9.5000000e+00  -8.9474241e+01
   9.5100000e+00  -9.1290612e+01
   9.5200000e+00  -9.3962413e+01
   9.5300000e+00  -9.6972374e+01
   9.5400000e+00  -9.8884332e+01
   9.5500000e+00  -9.8406320e+01
   9.5600000e+00  -9.5002769e+01
   9.5700000e+00  -8.8795106e+01
   9.5800000e+00  -8.0264493e+01
   9.5900000e+00  -6.9751688e+01
   9.6000000e+00  -5.7086312e+01
   9.6100000e+00  -4.2014694e+01
   9.6200000e+00  -2.4888730e+01
   9.6300000e+00  -6.5725940e+00
   9.6400000e+00   1.1844414e+01
   9.6500000e+00   2.8579536e+01
   9.6600000e+00   4.1165841e+01
   9.6700000e+00   4.8114777e+01
   9.6800000e+00   5.0130697e+01
   9.6900000e+00   4.8787237e+01
   9.7000000e+00   4.4895718e+01
   9.7100000e+00   3.9398769e+01
   9.7200000e+00   3.4812041e+01
   9.7300000e+00   3.3778592e+01
   9.7400000e+00   3.6214264e+01
   9.7500000e+00   3.9331196e+01
   9.7600000e+00   4.0658693e+01
   9.7700000e+00   3.9925232e+01
   9.7800000e+00   3.7871844e+01
   9.7900000e+00   3.4605062e+01
   9.8000000e+00   2.9956199e+01
   9.8100000e+00   2.4714804e+01
   9.8200000e+00   2.0518503e+01
   9.8300000e+00   1.8499691e+01
   9.8400000e+00   1.8464385e+01
   9.8500000e+00   1.9355887e+01
   9.8600000e+00   2.0071870e+01
   9.8700000e+00   1.9854524e+01
   9.8800000e+00   1.8733130e+01
   9.8900000e+00   1.8083536e+01
   9.9000000e+00   1.9889557e+01
   9.9100000e+00   2.4510373e+01
   9.9200000e+00   2.9762787e+01
   9.9300000e+00   3.3212898e+01
   9.9400000e+00   3.4752930e+01
   9.9500000e+00   3.5595650e+01
   9.9600000e+00   3.5407565e+01
   9.9700000e+00   3.2524899e+01
   9.9800000e+00   2.6953108e+01
   9.9900000e+00   2.0910475e+01
   1.0000000e+01   1.5945324e+01
   1.0010000e+01   1.1433200e+01
   1.0020000e+01   6.3533704e+00
   1.0030000e+01   7.6289872e-01
   1.0040000e+01  -4.7832191e+00
   1.0050000e+01  -9.3285445e+00
   1.0060000e+01  -1.0653282e+01
   1.0070000e+01  -6.4814128e+00
   1.0080000e+01   2.6990712e+00
   1.0090000e+01   1.3995926e+01
   1.0100000e+01   2.5943075e+01
   1.0110000e+01   3.9778257e+01
   1.0120000e+01   5.6015997e+01
   1.0130000e+01   7.2062965e+01
   1.0140000e+01   8.4782638e+01
   1.0150000e+01   9.3758424e+01
   1.0160000e+01   1.0033737e+02
   1.0170000e+01   1.0451906e+02
   1.0180000e+01   1.0453572e+02
   1.0190000e+01   9.9285416e+01
   1.0200000e+01   8.9912822e+01
   1.0210000e+01   7.8653585e+01
   1.0220000e+01   6.6638555e+01
   1.0230000e+01   5.3252096e+01
   1.0240000e+01   3.7825367e+01
   1.0250000e+01   2.1852265e+01
   1.0260000e+01   8.8979650e+00
   1.0270000e+01   1.7892672e+00
   1.0280000e+01   3.3442394e-01
   1.0290000e+01   2.4570922e+00
   1.0300000e+01   7.0468025e+00
   1.0310000e+01   1.4642608e+01
   1.0320000e+01   2.5547668e+01
   1.0330000e+01   3.8450593e+01
   1.0340000e+01   5.0950295e+01
   1.0350000e+01   6.0452242e+01
   1.0360000e+01   6.4780503e+01
   1.0370000e+01   6.3275634e+01
   1.0380000e+01   5.7281030e+01
   1.0390000e+01   4.8314480e+01
   1.0400000e+01   3.6054360e+01
   1.0410000e+01   1.9501607e+01
   1.0420000e+01  -6.2495836e-01
   1.0430000e+01  -2.2708756e+01
   1.0440000e+01  -4.6740000e+01
   1.0450000e+01  -7.3323779e+01
   1.0460000e+01  -1.0039278e+02
   1.0470000e+01  -1.2374708e+02
   1.0480000e+01  -1.4125140e+02
   1.0490000e+01  -1.5414358e+02
   1.0500000e+01  -1.6396745e+02
   1.0510000e+01  -1.7063820e+02
   1.0520000e+01  -1.7393029e+02
   1.0530000e+01  -1.7448709e+02
   1.0540000e+01  -1.7251142e+02
   1.0550000e+01  -1.6721475e+02
   1.0560000e+01  -1.5847891e+02
   1.0570000e+01  -1.4797655e+02
   1.0580000e+01  -1.3780670e+02
   1.0590000e+01  -1.2853690e+02
   1.0600000e+01  -1.1938869e+02
   1.0610000e+01  -1.1025209e+02
   1.0620000e+01  -1.0246015e+02
   1.0630000e+01  -9.6915728e+01
   1.0640000e+01  -9.2434760e+01
   1.0650000e+01  -8.7252889e+01
   1.0660000e+01  -8.1496028e+01
   1.0670000e+01  -7.6549124e+01
   1.0680000e+01  -7.2566639e+01
   1.0690000e+01  -6.8493914e+01
   1.0700000e+01  -6.3870956e+01
   1.0710000e+01  -5.8373678e+01
   1.0720000e+01  -5.0366652e+01
   1.0730000e+01  -3.8453242e+01
   1.0740000e+01  -2.3650965e+01
   1.0750000e+01  -7.6719746e+00
   1.0760000e+01   9.5229195e+00
   1.0770000e+01   2.7799839e+01
   1.0780000e+01   4.4291624e+01
   1.0790000e+01   5.5913126e+01
   1.0800000e+01   6.2857448e+01
   1.0810000e+01   6.6528345e+01
   1.0820000e+01   6.5744639e+01
   1.0830000e+01   5.8375869e+01
   1.0840000e+01   4.5418965e+01
   1.0850000e+01   3.0319524e+01
   1.0860000e+01   1.5269111e+01
   1.0870000e+01   7.4274337e-01
   1.0880000e+01  -1.2430270e+01
   1.0890000e+01  -2.3105103e+01
   1.0900000e+01  -3.1515827e+01
   1.0910000e+01  -3.9199652e+01
   1.0920000e+01  -4.7144197e+01
   1.0930000e+01  -5.4342212e+01
   1.0940000e+01  -5.7824165e+01
   1.0950000e+01  -5.4529163e+01
   1.0960000e+01  -4.4064526e+01
   1.0970000e+01  -2.9276732e+01
   1.0980000e+01  -1.3528212e+01
   1.0990000e+01   1.7338640e+00
   1.1000000e+01   1.6230821e+01
   1.1010000e+01   2.9184617e+01
   1.1020000e+01   3.9560833e+01
   1.1030000e+01   4.7089984e+01
   1.1040000e+01   5.2236542e+01
   1.1050000e+01   5.5694873e+01
   1.1060000e+01   5.7876870e+01
   1.1070000e+01   5.8096528e+01
   1.1080000e+01   5.5010551e+01
   1.1090000e+01   4.9185765e+01
   1.1100000e+01   4.4019131e+01
   1.1110000e+01   4.2187393e+01
   1.1120000e+01   4.2497458e+01
   1.1130000e+01   4.2603215e+01
   1.1140000e+01   4.3439502e+01
   1.1150000e+01   4.7882939e+01
   1.1160000e+01   5.5864083e+01
   1.1170000e+01   6.4257475e+01
   1.1180000e+01   7.1579823e+01
   1.1190000e+01   7.9433579e+01
   1.1200000e+01   8.8591181e+01
   1.1210000e+01   9.6611228e+01
   1.1220000e+01   1.0070509e+02
   1.1230000e+01   1.0092882e+02
   1.1240000e+01   9.9165659e+01
   1.1250000e+01   9.6315264e+01
   1.1260000e+01   9.1820841e+01
   1.1270000e+01   8.5421627e+01
   1.1280000e+01   7.8433635e+01
   1.1290000e+01   7.3064533e+01
   1.1300000e+01   7.0423515e+01
   1.1310000e+01   6.9449608e+01
   1.1320000e+01   6.8405567e+01
   1.1330000e+01   6.7100724e+01
   1.1340000e+01   6.6325203e+01
   1.1350000e+01   6.5310015e+01
   1.1360000e+01   6.1983976e+01
   1.1370000e+01   5.6350195e+01
   1.1380000e+01   5.1208647e+01
   1.1390000e+01   4.8430907e+01
   1.1400000e+01   4.6968050e+01
   1.1410000e+01   4.5919197e+01
   1.1420000e+01   4.6907138e+01
   1.1430000e+01   5.1441078e+01
   1.1440000e+01   5.8232847e+01
   1.1450000e+01   6.5214648e+01
   1.1460000e+01   7.2115028e+01
   1.1470000e+01   7.8918262e+01
   1.1480000e+01   8.3797993e+01
   1.1490000e+01   8.4910024e+01
   1.1500000e+01   8.2658428e+01
   1.1510000e+01   7.8209605e+01
   1.1520000e+01   7.1468835e+01
   1.1530000e+01   6.2595495e+01
   1.1540000e+01   5.3915432e+01
   1.1550000e+01   4.8036361e+01
   1.1560000e+01   4.4912860e+01
   1.1570000e+01   4.2285664e+01
   1.1580000e+01   3.8085371e+01
   1.1590000e+01   3.1352595e+01
   1.1600000e+01   2.2004439e+01
   1.1610000e+01   1.0882711e+01
   1.1620000e+01  -5.4838304e-01
   1.1630000e+01  -1.0900931e+01
   1.1640000e+01  -1.8687829e+01
   1.1650000e+01  -2.2042138e+01
   1.1660000e+01  -2.0022172e+01
   1.1670000e+01  -1.3800165e+01
   1.1680000e+01  -5.1928555e+00
   1.1690000e+01   5.2963760e+00
   1.1700000e+01   1.7489601e+01
   1.1710000e+01   2.9683401e+01
   1.1720000e+01   3.9768403e+01
   1.1730000e+01   4.7305259e+01
   1.1740000e+01   5.2501892e+01
   1.1750000e+01   5.4087450e+01
   1.1760000e+01   5.0489699e+01
   1.1770000e+01   4.2634853e+01
   1.1780000e+01   3.3591923e+01
   1.1790000e+01   2.5729943e+01
   1.1800000e+01   1.9683578e+01
   1.1810000e+01   1.5425349e+01
   1.1820000e+01   1.2638198e+01
   1.1830000e+01   1.0377137e+01
   1.1840000e+01   7.7620719e+00
   1.1850000e+01   4.7194658e+00
   1.1860000e+01   1.0410329e+00
   1.1870000e+01  -4.6630532e+00
   1.1880000e+01  -1.4002777e+01
   1.1890000e+01  -2.7397553e+01
   1.1900000e+01  -4.4428892e+01
   1.1910000e+01  -6.4654806e+01
   1.1920000e+01  -8.7132703e+01
   1.1930000e+01  -1.1016233e+02
   1.1940000e+01  -1.3255969e+02
   1.1950000e+01  -1.5432365e+02
   1.1960000e+01  -1.7529554e+02
   1.1970000e+01  -1.9420444e+02
   1.1980000e+01  -2.0954467e+02
   1.1990000e+01  -2.2003267e+02
   1.2000000e+01  -2.2383866e+02
   1.2010000e+01  -2.1924927e+02
   1.2020000e+01  -2.0681497e+02
   1.2030000e+01  -1.8910008e+02
   1.2040000e+01  -1.6789923e+02
   1.2050000e+01  -1.4385688e+02
   1.2060000e+01  -1.1912248e+02
   1.2070000e+01  -9.7474349e+01
   1.2080000e+01  -8.0755062e+01
   1.2090000e+01  -6.7677872e+01
   1.2100000e+01  -5.7193649e+01
   1.2110000e+01  -5.0671041e+01
   1.2120000e+01  -4.9626218e+01
   1.2130000e+01  -5.3398382e+01
   1.2140000e+01  -6.0144692e+01
   1.2150000e+01  -6.8372410e+01
   1.2160000e+01  -7.6806476e+01
   1.2170000e+01  -8.4450087e+01
   1.2180000e+01  -9.1109780e+01
   1.2190000e+01  -9.6340874e+01
   1.2200000e+01  -9.8380139e+01
   1.2210000e+01  -9.6222595e+01
   1.2220000e+01  -9.2056211e+01
   1.2230000e+01  -8.9009167e+01
   1.2240000e+01  -8.6937327e+01
   1.2250000e+01  -8.3210874e+01
   1.2260000e+01  -7.7304175e+01
   1.2270000e+01  -7.1550194e+01
   1.2280000e+01  -6.7367955e+01
   1.2290000e+01  -6.3792089e+01
   1.2300000e+01  -6.0000009e+01
   1.2310000e+01  -5.6484849e+01
   1.2320000e+01  -5.3327222e+01
   1.2330000e+01  -4.9678254e+01
   1.2340000e+01  -4.5210479e+01
   1.2350000e+01  -4.0030300e+01
   1.2360000e+01  -3.3056319e+01
   1.2370000e+01  -2.2394721e+01
   1.2380000e+01  -7.6452473e+00
   1.2390000e+01   9.4510822e+00
   1.2400000e+01   2.6710591e+01
   1.2410000e+01   4.2833153e+01
   1.2420000e+01   5.7222303e+01
   1.2430000e+01   6.9546499e+01
   1.2440000e+01   7.9623175e+01
   1.2450000e+01   8.7308392e+01
   1.2460000e+01   9.2495019e+01
   1.2470000e+01   9.5186545e+01
   1.2480000e+01   9.5482172e+01
   1.2490000e+01   9.3845830e+01
   1.2500000e+01   9.1302841e+01
   1.2510000e+01   8.8592676e+01
   1.2520000e+01   8.5460289e+01
   1.2530000e+01   8.1995400e+01
   1.2540000e+01   7.9997115e+01
   1.2550000e+01   8.1035035e+01
   1.2560000e+01   8.3571514e+01
   1.2570000e+01   8.4292602e+01
   1.2580000e+01   8.2110872e+01
   1.2590000e+01   7.8511182e+01
   1.2600000e+01   7.4210713e+01
   1.2610000e+01   6.8218685e+01
   1.2620000e+01   6.0302131e+01
   1.2630000e+01   5.1732308e+01
   1.2640000e+01   4.3199014e+01
   1.2650000e+01   3.4106805e+01
   1.2660000e+01   2.4160017e+01
   1.2670000e+01   1.3915335e+01
   1.2680000e+01   3.7716464e+00
   1.2690000e+01  -6.1057870e+00
   1.2700000e+01  -1.4877386e+01
   1.2710000e+01  -2.1086026e+01
   1.2720000e+01  -2.3585539e+01
   1.2730000e+01  -2.1964863e+01
   1.2740000e+01  -1.6278807e+01
   1.2750000e+01  -6.4338571e+00
   1.2760000e+01   8.2773778e+00
   1.2770000e+01   2.8284375e+01
   1.2780000e+01   5.1808180e+01
   1.2790000e+01   7.4905807e+01
   1.2800000e+01   9.4337090e+01
   1.2810000e+01   1.0927398e+02
   1.2820000e+01   1.1965572e+02
   1.2830000e+01   1.2494385e+02
   1.2840000e+01   1.2555831e+02
   1.2850000e+01   1.2318846e+02
   1.2860000e+01   1.1837208e+02
   1.2870000e+01   1.1018801e+02
   1.2880000e+01   9.9469725e+01
   1.2890000e+01   8.9374270e+01
   1.2900000e+01   8.1408441e+01
   1.2910000e+01   7.4127258e+01
   1.2920000e+01   6.7358048e+01
   1.2930000e+01   6.4093566e+01
   1.2940000e+01   6.5898982e+01
   1.2950000e+01   6.9872729e+01
   1.2960000e+01   7.3091392e+01
   1.2970000e+01   7.7190042e+01
   1.2980000e+01   8.5148948e+01
   1.2990000e+01   9.5705978e+01
   1.3000000e+01   1.0472516e+02
   1.3010000e+01   1.1083448e+02
   1.3020000e+01   1.1580484e+02
   1.3030000e+01   1.1983701e+02
   1.3040000e+01   1.2060977e+02
   1.3050000e+01   1.1768021e+02
   1.3060000e+01   1.1403450e+02
   1.3070000e+01   1.1166710e+02
   1.3080000e+01   1.0886574e+02
   1.3090000e+01   1.0399935e+02
   1.3100000e+01   9.8817437e+01
   1.3110000e+01   9.4866756e+01
   1.3120000e+01   8.9244130e+01
   1.3130000e+01   7.7712213e+01
   1.3140000e+01   6.0337995e+01
   1.3150000e+01   4.0406029e+01
   1.3160000e+01   1.9188921e+01
   1.3170000e+01  -4.3317457e+00
   1.3180000e+01  -2.9295814e+01
   1.3190000e+01  -5.2323583e+01
   1.3200000e+01  -7.1313357e+01
   1.3210000e+01  -8.7009087e+01
   1.3220000e+01  -1.0032073e+02
   1.3230000e+01  -1.1042910e+02
   1.3240000e+01  -1.1631509e+02
   1.3250000e+01  -1.1852073e+02
   1.3260000e+01  -1.1855574e+02
   1.3270000e+01  -1.1754888e+02
   1.3280000e+01  -1.1622618e+02
   1.3290000e+01  -1.1574266e+02
   1.3300000e+01  -1.1785379e+02
   1.3310000e+01  -1.2401877e+02
   1.3320000e+01  -1.3427289e+02
   1.3330000e+01  -1.4706278e+02
   1.3340000e+01  -1.6047808e+02
   1.3350000e+01  -1.7369095e+02
   1.3360000e+01  -1.8673768e+02
   1.3370000e+01  -1.9874055e+02
   1.3380000e+01  -2.0728576e+02
   1.3390000e+01  -2.1056738e+02
   1.3400000e+01  -2.0945147e+02
   1.3410000e+01  -2.0586881e+02
   1.3420000e+01  -1.9968576e+02
   1.3430000e+01  -1.8939632e+02
   1.3440000e+01  -1.7584660e+02
   1.3450000e+01  -1.6249937e+02
   1.3460000e+01  -1.5121467e+02
   1.3470000e+01  -1.4014523e+02
   1.3480000e+01  -1.2649680e+02
   1.3490000e+01  -1.0886873e+02
   1.3500000e+01  -8.6353150e+01
   1.3510000e+01  -5.8653763e+01
   1.3520000e+01  -2.8631758e+01
   1.3530000e+01  -1.7519407e+00
   1.3540000e+01   1.8991289e+01
   1.3550000e+01   3.5249517e+01
   1.3560000e+01   4.8796760e+01
   1.3570000e+01   5.7546233e+01
   1.3580000e+01   5.8491303e+01
   1.3590000e+01   5.2491211e+01
   1.3600000e+01   4.3263249e+01
   1.3610000e+01   3.2805319e+01
   1.3620000e+01   2.0560373e+01
   1.3630000e+01   6.4827823e+00
   1.3640000e+01  -7.8417412e+00
   1.3650000e+01  -2.1310507e+01
   1.3660000e+01  -3.4339948e+01
   1.3670000e+01  -4.7327225e+01
   1.3680000e+01  -5.9646519e+01
   1.3690000e+01  -7.0372208e+01
   1.3700000e+01  -7.8477912e+01
   1.3710000e+01  -8.2065058e+01
   1.3720000e+01  -7.8792460e+01
   1.3730000e+01  -6.7597482e+01
   1.3740000e+01  -4.9383840e+01
   1.3750000e+01  -2.6282637e+01
   1.3760000e+01  -1.0993505e+00
   1.3770000e+01   2.3094928e+01
   1.3780000e+01   4.4169510e+01
   1.3790000e+01   6.1670277e+01
   1.3800000e+01   7.5717417e+01
   1.3810000e+01   8.5710590e+01
   1.3820000e+01   9.0627565e+01
   1.3830000e+01   8.9908636e+01
   1.3840000e+01   8.3846088e+01
   1.3850000e+01   7.4009261e+01
   1.3860000e+01   6.3258898e+01
   1.3870000e+01   5.4235283e+01
   1.3880000e+01   4.7864864e+01
   1.3890000e+01   4.4204929e+01
   1.3900000e+01   4.3984602e+01
   1.3910000e+01   4.7755564e+01
   1.3920000e+01   5.4175553e+01
   1.3930000e+01   6.1009628e+01
   1.3940000e+01   6.7569991e+01
   1.3950000e+01   7.4603427e+01
   1.3960000e+01   8.2119749e+01
   1.3970000e+01   8.8911479e+01
   1.3980000e+01   9.4195730e+01
   1.3990000e+01   9.8454208e+01
   1.4000000e+01   1.0232945e+02
   1.4010000e+01   1.0547856e+02
   1.4020000e+01   1.0704052e+02
   1.4030000e+01   1.0698699e+02
   1.4040000e+01   1.0644375e+02
   1.4050000e+01   1.0628308e+02
   1.4060000e+01   1.0557986e+02
   1.4070000e+01   1.0216971e+02
   1.4080000e+01   9.4978978e+01
   1.4090000e+01   8.5017071e+01
   1.4100000e+01   7.3554055e+01
   1.4110000e+01   6.0131225e+01
   1.4120000e+01   4.3179364e+01
   1.4130000e+01   2.2061068e+01
   1.4140000e+01  -2.2803262e+00
   1.4150000e+01  -2.8188856e+01
   1.4160000e+01  -5.3790949e+01
   1.4170000e+01  -7.6877569e+01
   1.4180000e+01  -9.5575017e+01
   1.4190000e+01  -1.0950937e+02
   1.4200000e+01  -1.1941363e+02
   1.4210000e+01  -1.2522861e+02
   1.4220000e+01  -1.2554657e+02
   1.4230000e+01  -1.1962053e+02
   1.4240000e+01  -1.0921507e+02
   1.4250000e+01  -9.7513295e+01
   1.4260000e+01  -8.6311941e+01
   1.4270000e+01  -7.4896423e+01
   1.4280000e+01  -6.1528029e+01
   1.4290000e+01  -4.5333076e+01
   1.4300000e+01  -2.6676796e+01
   1.4310000e+01  -6.5726162e+00
   1.4320000e+01   1.3526477e+01
   1.4330000e+01   3.1700267e+01
   1.4340000e+01   4.6188425e+01
   1.4350000e+01   5.6180739e+01
   1.4360000e+01   6.1603309e+01
   1.4370000e+01   6.2475689e+01
   1.4380000e+01   5.9155199e+01
   1.4390000e+01   5.2626668e+01
   1.4400000e+01   4.3402008e+01
   1.4410000e+01   3.0624234e+01
   1.4420000e+01   1.3685665e+01
   1.4430000e+01  -5.6055740e+00
   1.4440000e+01  -2.4047181e+01
   1.4450000e+01  -4.0144340e+01
   1.4460000e+01  -5.4777519e+01
   1.4470000e+01  -6.8830394e+01
   1.4480000e+01  -8.1444517e+01
   1.4490000e+01  -9.0648019e+01
   1.4500000e+01  -9.4730939e+01
   1.4510000e+01  -9.3125376e+01
   1.4520000e+01  -8.6791185e+01
   1.4530000e+01  -7.7672515e+01
   1.4540000e+01  -6.7308215e+01
   1.4550000e+01  -5.6252410e+01
   1.4560000e+01  -4.5050283e+01
   1.4570000e+01  -3.5085789e+01
   1.4580000e+01  -2.7920049e+01
   1.4590000e+01  -2.4063346e+01
   1.4600000e+01  -2.2633185e+01
   1.4610000e+01  -2.2071346e+01
   1.4620000e+01  -2.1234732e+01
   1.4630000e+01  -1.9919053e+01
   1.4640000e+01  -1.8289079e+01
   1.4650000e+01  -1.6163090e+01
   1.4660000e+01  -1.3480709e+01
   1.4670000e+01  -1.1098467e+01
   1.4680000e+01  -1.0026265e+01
   1.4690000e+01  -1.0017600e+01
   1.4700000e+01  -1.0110956e+01
   1.4710000e+01  -1.0340636e+01
   1.4720000e+01  -1.1315211e+01
   1.4730000e+01  -1.2161427e+01
   1.4740000e+01  -1.0835570e+01
   1.4750000e+01  -6.8072613e+00
   1.4760000e+01  -1.5239259e+00
   1.4770000e+01   4.1872162e+00
   1.4780000e+01   1.1127220e+01
   1.4790000e+01   1.9527938e+01
   1.4800000e+01   2.7911741e+01
   1.4810000e+01   3.5132070e+01
   1.4820000e+01   4.2002069e+01
   1.4830000e+01   5.0131252e+01
   1.4840000e+01   6.0434355e+01
   1.4850000e+01   7.3117828e+01
   1.4860000e+01   8.7708312e+01
   1.4870000e+01   1.0284065e+02
   1.4880000e+01   1.1723415e+02
   1.4890000e+01   1.3078300e+02
   1.4900000e+01   1.4368820e+02
   1.4910000e+01   1.5523931e+02
   1.4920000e+01   1.6464750e+02
   1.4930000e+01   1.7213014e+02
   1.4940000e+01   1.7794131e+02
   1.4950000e+01   1.8139643e+02
   1.4960000e+01   1.8207835e+02
   1.4970000e+01   1.8105022e+02
   1.4980000e+01   1.7993625e+02
   1.4990000e+01   1.7958554e+02
   1.5000000e+01   1.7980208e+02
   1.5010000e+01   1.7921831e+02
   1.5020000e+01   1.7570562e+02
   1.5030000e+01   1.6839157e+02
   1.5040000e+01   1.5879249e+02
   1.5050000e+01   1.4859711e+02
   1.5060000e+01   1.3739653e+02
   1.5070000e+01   1.2414582e+02
   1.5080000e+01   1.0954778e+02
   1.5090000e+01   9.5348628e+01
   1.5100000e+01   8.2548514e+01
   1.5110000e+01   7.1643763e+01
   1.5120000e+01   6.3139704e+01
   1.5130000e+01   5.6586220e+01
   1.5140000e+01   5.0520313e+01
   1.5150000e+01   4.4170630e+01
   1.5160000e+01   3.7833759e+01
   1.5170000e+01   3.1483915e+01
   1.5180000e+01   2.4867611e+01
   1.5190000e+01   1.8840675e+01
   1.5200000e+01   1.4539295e+01
   1.5210000e+01   1.1374631e+01
   1.5220000e+01   7.7310416e+00
   1.5230000e+01   3.2607867e+00
   1.5240000e+01  -1.3396875e+00
   1.5250000e+01  -6.3460679e+00
   1.5260000e+01  -1.2979152e+01
   1.5270000e+01  -2.1592749e+01
   1.5280000e+01  -3.1232865e+01
   1.5290000e+01  -4.0739236e+01
   1.5300000e+01  -4.9430317e+01
   1.5310000e+01  -5.7231720e+01
   1.5320000e+01  -6.4702663e+01
   1.5330000e+01  -7.2225353e+01
   1.5340000e+01  -7.8954069e+01
   1.5350000e+01  -8.3577054e+01
   1.5360000e+01  -8.6094054e+01
   1.5370000e+01  -8.7444420e+01
   1.5380000e+01  -8.7349576e+01
   1.5390000e+01  -8.4228322e+01
   1.5400000e+01  -7.7743009e+01
   1.5410000e+01  -7.0014732e+01
   1.5420000e+01  -6.3689802e+01
   1.5430000e+01  -5.9932763e+01
   1.5440000e+01  -5.8866891e+01
   1.5450000e+01  -6.0829104e+01
   1.5460000e+01  -6.6343661e+01
   1.5470000e+01  -7.5389914e+01
   1.5480000e+01  -8.7052272e+01
   1.5490000e+01  -9.9674139e+01
   1.5500000e+01  -1.1175994e+02
   1.5510000e+01  -1.2298591e+02
   1.5520000e+01  -1.3326834e+02
   1.5530000e+01  -1.4049733e+02
   1.5540000e+01  -1.4115438e+02
   1.5550000e+01  -1.3441269e+02
   1.5560000e+01  -1.2375426e+02
   1.5570000e+01  -1.1301640e+02
   1.5580000e+01  -1.0280816e+02
   1.5590000e+01  -9.2450553e+01
   1.5600000e+01  -8.2979438e+01
   1.5610000e+01  -7.5963777e+01
   1.5620000e+01  -7.1576025e+01
   1.5630000e+01  -6.9967565e+01
   1.5640000e+01  -7.2179656e+01
   1.5650000e+01  -7.7536659e+01
   1.5660000e+01  -8.2463781e+01
   1.5670000e+01  -8.3889524e+01
   1.5680000e+01  -8.1647381e+01
   1.5690000e+01  -7.6205902e+01
   1.5700000e+01  -6.7011680e+01
   1.5710000e+01  -5.4765499e+01
   1.5720000e+01  -4.2398132e+01
   1.5730000e+01  -3.2131482e+01
   1.5740000e+01  -2.4141087e+01
   1.5750000e+01  -1.8866636e+01
   1.5760000e+01  -1.7501348e+01
   1.5770000e+01  -1.9596348e+01
   1.5780000e+01  -2.3356248e+01
   1.5790000e+01  -2.8613036e+01
   1.5800000e+01  -3.6446894e+01
   1.5810000e+01  -4.6060238e+01
   1.5820000e+01  -5.5174779e+01
   1.5830000e+01  -6.2920239e+01
   1.5840000e+01  -6.9139097e+01
   1.5850000e+01  -7.2105177e+01
   1.5860000e+01  -7.0684843e+01
   1.5870000e+01  -6.7370196e+01
   1.5880000e+01  -6.5215462e+01
   1.5890000e+01  -6.3324972e+01
   1.5900000e+01  -5.9472244e+01
   1.5910000e+01  -5.5343183e+01
   1.5920000e+01  -5.4498906e+01
   1.5930000e+01  -5.6525841e+01
   1.5940000e+01  -5.7983505e+01
   1.5950000e+01  -5.8297224e+01
   1.5960000e+01  -6.0054342e+01
   1.5970000e+01  -6.3655083e+01
   1.5980000e+01  -6.5890075e+01
   1.5990000e+01  -6.4277335e+01
   1.6000000e+01  -5.9430288e+01
   1.6010000e+01  -5.2606928e+01
   1.6020000e+01  -4.3925001e+01
   1.6030000e+01  -3.3766712e+01
   1.6040000e+01  -2.3310890e+01
   1.6050000e+01  -1.2655484e+01
   1.6060000e+01  -5.3368808e-01
   1.6070000e+01   1.3160841e+01
   1.6080000e+01   2.6422483e+01
   1.6090000e+01   3.7497770e+01
   1.6100000e+01   4.6197272e+01
   1.6110000e+01   5.1813120e+01
   1.6120000e+01   5.2022614e+01
   1.6130000e+01   4.5818195e+01
   1.6140000e+01   3.5680162e+01
   1.6150000e+01   2.4426512e+01
   1.6160000e+01   1.1457922e+01
   1.6170000e+01  -5.0027561e+00
   1.6180000e+01  -2.3182362e+01
   1.6190000e+01  -3.8691628e+01
   1.6200000e+01  -4.9666877e+01
   1.6210000e+01  -5.7422625e+01
   1.6220000e+01  -6.1929211e+01
   1.6230000e+01  -6.0592983e+01
   1.6240000e+01  -5.2772644e+01
   1.6250000e+01  -4.1819280e+01
   1.6260000e+01  -3.0402364e+01
   1.6270000e+01  -1.6907384e+01
   1.6280000e+01   6.8637228e-01
   1.6290000e+01   1.9929354e+01
   1.6300000e+01   3.6283390e+01
   1.6310000e+01   4.8451004e+01
   1.6320000e+01   5.7716494e+01
   1.6330000e+01   6.3538077e+01
   1.6340000e+01   6.4027442e+01
   1.6350000e+01   6.0229473e+01
   1.6360000e+01   5.5642982e+01
   1.6370000e+01   5.1166012e+01
   1.6380000e+01   4.4446509e+01
   1.6390000e+01   3.4965980e+01
   1.6400000e+01   2.5832071e+01
   1.6410000e+01   1.9248074e+01
   1.6420000e+01   1.3959757e+01
   1.6430000e+01   8.9016796e+00
   1.6440000e+01   5.8896386e+00
   1.6450000e+01   6.5746633e+00
   1.6460000e+01   9.6114175e+00
   1.6470000e+01   1.3055177e+01
   1.6480000e+01   1.7280261e+01
   1.6490000e+01   2.3419830e+01
   1.6500000e+01   3.0712275e+01
   1.6510000e+01   3.7293249e+01
   1.6520000e+01   4.2299259e+01
   1.6530000e+01   4.5869321e+01
   1.6540000e+01   4.8295243e+01
   1.6550000e+01   4.9928920e+01
   1.6560000e+01   5.0640400e+01
   1.6570000e+01   4.9181634e+01
   1.6580000e+01   4.4566419e+01
   1.6590000e+01   3.7733699e+01
   1.6600000e+01   3.0072842e+01
   1.6610000e+01   2.1165292e+01
   1.6620000e+01   1.0288787e+01
   1.6630000e+01  -9.1118905e-01
   1.6640000e+01  -9.9256306e+00
   1.6650000e+01  -1.6407743e+01
   1.6660000e+01  -2.0961639e+01
   1.6670000e+01  -2.2392175e+01
   1.6680000e+01  -1.9263074e+01
   1.6690000e+01  -1.2820831e+01
   1.6700000e+01  -5.2603619e+00
   1.6710000e+01   3.5933806e+00
   1.6720000e+01   1.4849984e+01
   1.6730000e+01   2.7140016e+01
   1.6740000e+01   3.7644460e+01
   1.6750000e+01   4.5507510e+01
   1.6760000e+01   5.1765766e+01
   1.6770000e+01   5.6967513e+01
   1.6780000e+01   6.0892533e+01
   1.6790000e+01   6.3656180e+01
   1.6800000e+01   6.5707396e+01
   1.6810000e+01   6.7585185e+01
   1.6820000e+01   7.0199662e+01
   1.6830000e+01   7.4336842e+01
   1.6840000e+01   7.9776103e+01
   1.6850000e+01   8.5641468e+01
   1.6860000e+01   9.1115628e+01
   1.6870000e+01   9.5255038e+01
   1.6880000e+01   9.7129935e+01
   1.6890000e+01   9.6479750e+01
   1.6900000e+01   9.2937721e+01
   1.6910000e+01   8.5097697e+01
   1.6920000e+01   7.2634661e+01
   1.6930000e+01   5.8615746e+01
   1.6940000e+01   4.6740533e+01
   1.6950000e+01   3.7243610e+01
   1.6960000e+01   2.8907412e+01
   1.6970000e+01   2.3628627e+01
   1.6980000e+01   2.4620471e+01
   1.6990000e+01   3.1081972e+01
   1.7000000e+01   3.8931416e+01
   1.7010000e+01   4.6015044e+01
   1.7020000e+01   5.2817240e+01
   1.7030000e+01   5.9191349e+01
   1.7040000e+01   6.4112195e+01
   1.7050000e+01   6.7702952e+01
   1.7060000e+01   7.0524304e+01
   1.7070000e+01   7.1998670e+01
   1.7080000e+01   7.1734516e+01
   1.7090000e+01   7.0818487e+01
   1.7100000e+01   7.0083459e+01
   1.7110000e+01   6.8964169e+01
   1.7120000e+01   6.7320602e+01
   1.7130000e+01   6.6262728e+01
   1.7140000e+01   6.6151390e+01
   1.7150000e+01   6.5921830e+01
   1.7160000e+01   6.5139143e+01
   1.7170000e+01   6.4680369e+01
   1.7180000e+01   6.4945370e+01
   1.7190000e+01   6.5326642e+01
   1.7200000e+01   6.5592255e+01
   1.7210000e+01   6.5993883e+01
   1.7220000e+01   6.6054741e+01
   1.7230000e+01   6.4810481e+01
   1.7240000e+01   6.2141452e+01
   1.7250000e+01   5.8804973e+01
   1.7260000e+01   5.5476756e+01
   1.7270000e+01   5.2346520e+01
   1.7280000e+01   4.9039883e+01
   1.7290000e+01   4.4755514e+01
   1.7300000e+01   3.9413010e+01
   1.7310000e+01   3.4503370e+01
   1.7320000e+01   3.1535180e+01
   1.7330000e+01   2.9988702e+01
   1.7340000e+01   2.8264592e+01
   1.7350000e+01   2.6083841e+01
   1.7360000e+01   2.4172374e+01
   1.7370000e+01   2.2084427e+01
   1.7380000e+01   1.8335557e+01
   1.7390000e+01   1.2510744e+01
   1.7400000e+01   5.4577736e+00
   1.7410000e+01  -2.4688052e+00
   1.7420000e+01  -1.1747337e+01
   1.7430000e+01  -2.2361530e+01
   1.7440000e+01  -3.3442063e+01
   1.7450000e+01  -4.4137908e+01
   1.7460000e+01  -5.3811318e+01
   1.7470000e+01  -6.1473369e+01
   1.7480000e+01  -6.5925421e+01
   1.7490000e+01  -6.6647447e+01
   1.7500000e+01  -6.4175440e+01
   1.7510000e+01  -5.9515798e+01
   1.7520000e+01  -5.3334473e+01
   1.7530000e+01  -4.5849974e+01
   1.7540000e+01  -3.7524217e+01
   1.7550000e+01  -2.9439191e+01
   1.7560000e+01  -2.2595271e+01
   1.7570000e+01  -1.7349296e+01
   1.7580000e+01  -1.4155797e+01
   1.7590000e+01  -1.4090205e+01
   1.7600000e+01  -1.7569657e+01
   1.7610000e+01  -2.3258722e+01
   1.7620000e+01  -2.9536262e+01
   1.7630000e+01  -3.6366240e+01
   1.7640000e+01  -4.4325310e+01
   1.7650000e+01  -5.2665246e+01
   1.7660000e+01  -6.0103746e+01
   1.7670000e+01  -6.6805012e+01
   1.7680000e+01  -7.3718602e+01
   1.7690000e+01  -8.0455021e+01
   1.7700000e+01  -8.5508677e+01
   1.7710000e+01  -8.8255607e+01
   1.7720000e+01  -8.9315813e+01
   1.7730000e+01  -8.9185279e+01
   1.7740000e+01  -8.7689551e+01
   1.7750000e+01  -8.4740667e+01
   1.7760000e+01  -8.0933505e+01
   1.7770000e+01  -7.7354100e+01
   1.7780000e+01  -7.4771405e+01
   1.7790000e+01  -7.2733950e+01
   1.7800000e+01  -6.9945567e+01
   1.7810000e+01  -6.6115480e+01
   1.7820000e+01  -6.2618883e+01
   1.7830000e+01  -6.0531885e+01
   1.7840000e+01  -5.9172450e+01
   1.7850000e+01  -5.7658265e+01
   1.7860000e+01  -5.6516005e+01
   1.7870000e+01  -5.6362695e+01
   1.7880000e+01  -5.6357583e+01
   1.7890000e+01  -5.5372261e+01
   1.7900000e+01  -5.3368801e+01
   1.7910000e+01  -5.0421423e+01
   1.7920000e+01  -4.5883961e+01
   1.7930000e+01  -3.9737816e+01
   1.7940000e+01  -3.3392999e+01
   1.7950000e+01  -2.8191198e+01
   1.7960000e+01  -2.4342869e+01
   1.7970000e+01  -2.1829509e+01
   1.7980000e+01  -2.0963356e+01
   1.7990000e+01  -2.1782045e+01
   1.8000000e+01  -2.4228223e+01
   1.8010000e+01  -2.8806238e+01
   1.8020000e+01  -3.5683020e+01
   1.8030000e+01  -4.3587608e+01
   1.8040000e+01  -5.1011758e+01
   1.8050000e+01  -5.7872415e+01
   1.8060000e+01  -6.4723195e+01
   1.8070000e+01  -7.1221170e+01
   1.8080000e+01  -7.6631105e+01
   1.8090000e+01  -8.0896511e+01
   1.8100000e+01  -8.4109904e+01
   1.8110000e+01  -8.5995329e+01
   1.8120000e+01  -8.6848035e+01
   1.8130000e+01  -8.7681712e+01
   1.8140000e+01  -8.8569496e+01
   1.8150000e+01  -8.8312804e+01
   1.8160000e+01  -8.6571434e+01
   1.8170000e+01  -8.4684971e+01
   1.8180000e+01  -8.3496389e+01
   1.8190000e+01  -8.2016773e+01
   1.8200000e+01  -7.9267697e+01
   1.8210000e+01  -7.5905404e+01
   1.8220000e+01  -7.2877104e+01
   1.8230000e+01  -6.9838392e+01
   1.8240000e+01  -6.6102284e+01
   1.8250000e+01  -6.1951125e+01
   1.8260000e+01  -5.7859240e+01
   1.8270000e+01  -5.3590765e+01
   1.8280000e+01  -4.9212415e+01
   1.8290000e+01  -4.5780089e+01
   1.8300000e+01  -4.3706238e+01
   1.8310000e+01  -4.1585468e+01
   1.8320000e+01  -3.8115456e+01
   1.8330000e+01  -3.4199604e+01
   1.8340000e+01  -3.1632339e+01
   1.8350000e+01  -3.0537343e+01
   1.8360000e+01  -2.9530513e+01
   1.8370000e+01  -2.7660804e+01
   1.8380000e+01  -2.4886523e+01
   1.8390000e+01  -2.1335946e+01
   1.8400000e+01  -1.7309572e+01
   1.8410000e+01  -1.3415337e+01
   1.8420000e+01  -9.6658759e+00
   1.8430000e+01  -5.0334889e+00
   1.8440000e+01   1.1931931e+00
   1.8450000e+01   8.1730295e+00
   1.8460000e+01   1.4426865e+01
   1.8470000e+01   1.9537844e+01
   1.8480000e+01   2.4261582e+01
   1.8490000e+01   2.9166366e+01
   1.8500000e+01   3.3682951e+01
   1.8510000e+01   3.6677804e+01
   1.8520000e+01   3.7943802e+01
   1.8530000e+01   3.8799627e+01
   1.8540000e+01   4.0718539e+01
   1.8550000e+01   4.3689890e+01
   1.8560000e+01   4.6844028e+01
   1.8570000e+01   5.0331079e+01
   1.8580000e+01   5.5207547e+01
   1.8590000e+01   6.1633164e+01
   1.8600000e+01   6.8717548e+01
   1.8610000e+01   7.6144248e+01
   1.8620000e+01   8.4395194e+01
   1.8630000e+01   9.3207348e+01
   1.8640000e+01   1.0123522e+02
   1.8650000e+01   1.0757392e+02
   1.8660000e+01   1.1258309e+02
   1.8670000e+01   1.1702170e+02
   1.8680000e+01   1.2108316e+02
   1.8690000e+01   1.2422564e+02
   1.8700000e+01   1.2553025e+02
   1.8710000e+01   1.2453799e+02
   1.8720000e+01   1.2183971e+02
   1.8730000e+01   1.1829277e+02
   1.8740000e+01   1.1398429e+02
   1.8750000e+01   1.0888189e+02
   1.8760000e+01   1.0374051e+02
   1.8770000e+01   9.8903318e+01
   1.8780000e+01   9.3208303e+01
   1.8790000e+01   8.6051488e+01
   1.8800000e+01   7.9407455e+01
   1.8810000e+01   7.5400486e+01
   1.8820000e+01   7.3036241e+01
   1.8830000e+01   7.0057898e+01
   1.8840000e+01   6.6774039e+01
   1.8850000e+01   6.4889281e+01
   1.8860000e+01   6.3708474e+01
   1.8870000e+01   6.1117358e+01
   1.8880000e+01   5.7691822e+01
   1.8890000e+01   5.6277518e+01
   1.8900000e+01   5.7698960e+01
   1.8910000e+01   6.0028851e+01
   1.8920000e+01   6.1971852e+01
   1.8930000e+01   6.4144688e+01
   1.8940000e+01   6.7080301e+01
   1.8950000e+01   7.0429086e+01
   1.8960000e+01   7.4122616e+01
   1.8970000e+01   7.8325185e+01
   1.8980000e+01   8.2251656e+01
   1.8990000e+01   8.4499224e+01
   1.9000000e+01   8.4411201e+01
   1.9010000e+01   8.2244093e+01
   1.9020000e+01   7.8557541e+01
   1.9030000e+01   7.4037127e+01
   1.9040000e+01   6.8997226e+01
   1.9050000e+01   6.2678919e+01
   1.9060000e+01   5.4302243e+01
   1.9070000e+01   4.4949887e+01
   1.9080000e+01   3.6659042e+01
   1.9090000e+01   2.9509936e+01
   1.9100000e+01   2.1702216e+01
   1.9110000e+01   1.2734965e+01
   1.9120000e+01   4.1813373e+00
   1.9130000e+01  -3.1110989e+00
   1.9140000e+01  -1.0170666e+01
   1.9150000e+01  -1.7591185e+01
   1.9160000e+01  -2.4355795e+01
   1.9170000e+01  -2.9711328e+01
   1.9180000e+01  -3.4133220e+01
   1.9190000e+01  -3.7824661e+01
   1.9200000e+01  -4.0280817e+01
   1.9210000e+01  -4.1798578e+01
   1.9220000e+01  -4.3391419e+01
   1.9230000e+01  -4.4871544e+01
   1.9240000e+01  -4.5136794e+01
   1.9250000e+01  -4.4654065e+01
   1.9260000e+01  -4.5361256e+01
   1.9270000e+01  -4.7685377e+01
   1.9280000e+01  -5.0001979e+01
   1.9290000e+01  -5.1594167e+01
   1.9300000e+01  -5.3796032e+01
   1.9310000e+01  -5.7381741e+01
   1.9320000e+01  -6.0987846e+01
   1.9330000e+01  -6.3339432e+01
   1.9340000e+01  -6.5329470e+01
   1.9350000e+01  -6.8417387e+01
   1.9360000e+01  -7.2213964e+01
   1.9370000e+01  -7.5298800e+01
   1.9380000e+01  -7.7594798e+01
   1.9390000e+01  -8.0123912e+01
   1.9400000e+01  -8.2756676e+01
   1.9410000e+01  -8.4117770e+01
   1.9420000e+01  -8.4011135e+01
   1.9430000e+01  -8.4110133e+01
   1.9440000e+01  -8.5359562e+01
   1.9450000e+01  -8.6277806e+01
   1.9460000e+01  -8.5037705e+01
   1.9470000e+01  -8.1773719e+01
   1.9480000e+01  -7.7477544e+01
   1.9490000e+01  -7.2158584e+01
   1.9500000e+01  -6.5743733e+01
   1.9510000e+01  -5.9363988e+01
   1.9520000e+01  -5.3991830e+01
   1.9530000e+01  -4.9061846e+01
   1.9540000e+01  -4.4013331e+01
   1.9550000e+01  -3.9777376e+01
   1.9560000e+01  -3.7142416e+01
   1.9570000e+01  -3.5218058e+01
   1.9580000e+01  -3.3231444e+01
   1.9590000e+01  -3.2201544e+01
   1.9600000e+01  -3.2967508e+01
   1.9610000e+01  -3.4147691e+01
   1.9620000e+01  -3.4014882e+01
   1.9630000e+01  -3.2972146e+01
   1.9640000e+01  -3.2253706e+01
   1.9650000e+01  -3.1483095e+01
   1.9660000e+01  -2.9445898e+01
   1.9670000e+01  -2.6210648e+01
   1.9680000e+01  -2.2655929e+01
   1.9690000e+01  -1.8728485e+01
   1.9700000e+01  -1.3807665e+01
   1.9710000e+01  -8.1269794e+00
   1.9720000e+01  -2.4262369e+00
   1.9730000e+01   3.1776223e+00
   1.9740000e+01   8.7615913e+00
   1.9750000e+01   1.3783642e+01
   1.9760000e+01   1.7879045e+01
   1.9770000e+01   2.1661876e+01
   1.9780000e+01   2.5544787e+01
   1.9790000e+01   2.8633744e+01
   1.9800000e+01   3.0101232e+01
   1.9810000e+01   3.0817966e+01
   1.9820000e+01   3.2174594e+01
   1.9830000e+01   3.3974131e+01
   1.9840000e+01   3.4971606e+01
   1.9850000e+01   3.4955631e+01
   1.9860000e+01   3.4892759e+01
   1.9870000e+01   3.5434317e+01
   1.9880000e+01   3.6456343e+01
   1.9890000e+01   3.7679377e+01
   1.9900000e+01   3.8778250e+01
   1.9910000e+01   3.9215654e+01
   1.9920000e+01   3.8737408e+01
   1.9930000e+01   3.7848092e+01
   1.9940000e+01   3.7346499e+01
   1.9950000e+01   3.7536968e+01
   1.9960000e+01   3.8082667e+01
   1.9970000e+01   3.8540374e+01
   1.9980000e+01   3.9095530e+01
   1.9990000e+01   4.0661678e+01
   2.0000000e+01   4.3754180e+01
   2.0010000e+01   4.7512065e+01
   2.0020000e+01   5.0806253e+01
   2.0030000e+01   5.3952344e+01
   2.0040000e+01   5.7901096e+01
   2.0050000e+01   6.2196911e+01
   2.0060000e+01   6.5597415e+01
   2.0070000e+01   6.8252045e+01
   2.0080000e+01   7.1092951e+01
   2.0090000e+01   7.3463242e+01
   2.0100000e+01   7.3674150e+01
   2.0110000e+01   7.1583237e+01
   2.0120000e+01   6.8330345e+01
   2.0130000e+01   6.3961495e+01
   2.0140000e+01   5.7642261e+01
   2.0150000e+01   4.9727920e+01
   2.0160000e+01   4.1366785e+01
   2.0170000e+01   3.2595722e+01
   2.0180000e+01   2.2868198e+01
   2.0190000e+01   1.2830742e+01
   2.0200000e+01   3.8103481e+00
   2.0210000e+01  -3.7412221e+00
   2.0220000e+01  -9.9391682e+00
   2.0230000e+01  -1.4574342e+01
   2.0240000e+01  -1.7678460e+01
   2.0250000e+01  -2.0017572e+01
   2.0260000e+01  -2.2253968e+01
   2.0270000e+01  -2.4541454e+01
   2.0280000e+01  -2.7083991e+01
   2.0290000e+01  -2.9848039e+01
   2.0300000e+01  -3.1957011e+01
   2.0310000e+01  -3.2930806e+01
   2.0320000e+01  -3.4079253e+01
   2.0330000e+01  -3.6872875e+01
   2.0340000e+01  -4.0517114e+01
   2.0350000e+01  -4.3140453e+01
   2.0360000e+01  -4.4802754e+01
   2.0370000e+01  -4.7174294e+01
   2.0380000e+01  -5.0572392e+01
   2.0390000e+01  -5.3359167e+01
   2.0400000e+01  -5.4260069e+01
   2.0410000e+01  -5.3625005e+01
   2.0420000e+01  -5.2248955e+01
   2.0430000e+01  -5.0225529e+01
   2.0440000e+01  -4.7312862e+01
   2.0450000e+01  -4.3692924e+01
   2.0460000e+01  -3.9979513e+01
   2.0470000e+01  -3.6595617e+01
   2.0480000e+01  -3.3288011e+01
   2.0490000e+01  -2.9542805e+01
   2.0500000e+01  -2.5611123e+01
   2.0510000e+01  -2.2574023e+01
   2.0520000e+01  -2.0973521e+01
   2.0530000e+01  -2.0007832e+01
   2.0540000e+01  -1.8707675e+01
   2.0550000e+01  -1.7345657e+01
   2.0560000e+01  -1.6953451e+01
   2.0570000e+01  -1.7815193e+01
   2.0580000e+01  -1.9145207e+01
   2.0590000e+01  -2.0144249e+01
   2.0600000e+01  -2.0777952e+01
   2.0610000e+01  -2.1322366e+01
   2.0620000e+01  -2.1528652e+01
   2.0630000e+01  -2.0738936e+01
   2.0640000e+01  -1.8867145e+01
   2.0650000e+01  -1.6766530e+01
   2.0660000e+01  -1.5318973e+01
   2.0670000e+01  -1.4589165e+01
   2.0680000e+01  -1.4250847e+01
   2.0690000e+01  -1.4244762e+01
   2.0700000e+01  -1.4437731e+01
   2.0710000e+01  -1.4391870e+01
   2.0720000e+01  -1.4259155e+01
   2.0730000e+01  -1.5014797e+01
   2.0740000e+01  -1.6825691e+01
   2.0750000e+01  -1.8131392e+01
   2.0760000e+01  -1.7481898e+01
   2.0770000e+01  -1.5454599e+01
   2.0780000e+01  -1.3664737e+01
   2.0790000e+01  -1.2703951e+01
   2.0800000e+01  -1.2120830e+01
   2.0810000e+01  -1.1625371e+01
   2.0820000e+01  -1.1221848e+01
   2.0830000e+01  -1.0775328e+01
   2.0840000e+01  -1.0320462e+01
   2.0850000e+01  -1.0263759e+01
   2.0860000e+01  -1.0700782e+01
   2.0870000e+01  -1.1070202e+01
   2.0880000e+01  -1.0778695e+01
   2.0890000e+01  -9.5895186e+00
   2.0900000e+01  -7.3812867e+00
   2.0910000e+01  -4.2739678e+00
   2.0920000e+01  -9.3911974e-01
   2.0930000e+01   1.9811048e+00
   2.0940000e+01   4.6263758e+00
   2.0950000e+01   7.4557916e+00
   2.0960000e+01   1.0465371e+01
   2.0970000e+01   1.3532808e+01
   2.0980000e+01   1.6859366e+01
   2.0990000e+01   2.0250475e+01
   2.1000000e+01   2.2691879e+01
   2.1010000e+01   2.3594717e+01
   2.1020000e+01   2.3865399e+01
   2.1030000e+01   2.4729518e+01
   2.1040000e+01   2.5853189e+01
   2.1050000e+01   2.5672717e+01
   2.1060000e+01   2.3634337e+01
   2.1070000e+01   2.1230217e+01
   2.1080000e+01   2.0358066e+01
   2.1090000e+01   2.1135004e+01
   2.1100000e+01   2.2012113e+01
   2.1110000e+01   2.1967908e+01
   2.1120000e+01   2.1687200e+01
   2.1130000e+01   2.2126073e+01
   2.1140000e+01   2.2881900e+01
   2.1150000e+01   2.2982598e+01
   2.1160000e+01   2.2534438e+01
   2.1170000e+01   2.2367037e+01
   2.1180000e+01   2.2600883e+01
   2.1190000e+01   2.2741711e+01
   2.1200000e+01   2.2669027e+01
   2.1210000e+01   2.2389943e+01
   2.1220000e+01   2.1285766e+01
   2.1230000e+01   1.8733861e+01
   2.1240000e+01   1.5239977e+01
   2.1250000e+01   1.2036427e+01
   2.1260000e+01   9.6549811e+00
   2.1270000e+01   7.5898122e+00
   2.1280000e+01   5.3322111e+00
   2.1290000e+01   3.1300082e+00
   2.1300000e+01   1.4992910e+00
   2.1310000e+01   3.9797296e-01
   2.1320000e+01  -5.2131793e-01
   2.1330000e+01  -9.5788386e-01
   2.1340000e+01  -3.1903081e-01
   2.1350000e+01   7.1375726e-01
   2.1360000e+01   5.4268051e-01
   2.1370000e+01  -6.7154149e-01
   2.1380000e+01  -6.9065075e-01
   2.1390000e+01   1.1837971e+00
   2.1400000e+01   2.5550530e+00
   2.1410000e+01   1.8077053e+00
   2.1420000e+01   8.7449814e-01
   2.1430000e+01   1.7308303e+00
   2.1440000e+01   2.8873040e+00
   2.1450000e+01   2.3016217e+00
   2.1460000e+01   1.2035721e+00
   2.1470000e+01   1.8254424e+00
   2.1480000e+01   3.5138597e+00
   2.1490000e+01   4.1695425e+00
   2.1500000e+01   3.7208524e+00
   2.1510000e+01   3.4701487e+00
   2.1520000e+01   3.5735479e+00
   2.1530000e+01   3.3789210e+00
   2.1540000e+01   2.8629517e+00
   2.1550000e+01   2.1243861e+00
   2.1560000e+01   7.9870808e-01
   2.1570000e+01  -1.0475175e+00
   2.1580000e+01  -2.8446742e+00
   2.1590000e+01  -4.7064553e+00
   2.1600000e+01  -7.0875169e+00
   2.1610000e+01  -9.3057929e+00
   2.1620000e+01  -1.0234353e+01
   2.1630000e+01  -1.0301815e+01
   2.1640000e+01  -1.0944288e+01
   2.1650000e+01  -1.2258647e+01
   2.1660000e+01  -1.2992154e+01
   2.1670000e+01  -1.2686150e+01
   2.1680000e+01  -1.2139129e+01
   2.1690000e+01  -1.1831815e+01
   2.1700000e+01  -1.1404500e+01
   2.1710000e+01  -1.0702593e+01
   2.1720000e+01  -1.0040229e+01
   2.1730000e+01  -9.2950417e+00
   2.1740000e+01  -7.7660174e+00
   2.1750000e+01  -5.1906882e+00
   2.1760000e+01  -2.2216560e+00
   2.1770000e+01   3.5686452e-01
   2.1780000e+01   2.3446386e+00
   2.1790000e+01   3.7823767e+00
   2.1800000e+01   4.4891044e+00
   2.1810000e+01   4.4887309e+00
   2.1820000e+01   4.4424774e+00
   2.1830000e+01   4.9374219e+00
   2.1840000e+01   5.5444741e+00
   2.1850000e+01   5.2338690e+00
   2.1860000e+01   3.6293526e+00
   2.1870000e+01   1.2548356e+00
   2.1880000e+01  -1.3344774e+00
   2.1890000e+01  -3.9427649e+00
   2.1900000e+01  -6.3125401e+00
   2.1910000e+01  -8.1457002e+00
   2.1920000e+01  -9.6993464e+00
   2.1930000e+01  -1.1659305e+01
   2.1940000e+01  -1.4154172e+01
   2.1950000e+01  -1.6390777e+01
   2.1960000e+01  -1.7543106e+01
   2.1970000e+01  -1.7559256e+01
   2.1980000e+01  -1.6704679e+01
   2.1990000e+01  -1.4799485e+01
   2.2000000e+01  -1.1630644e+01
   2.2010000e+01  -7.8567221e+00
   2.2020000e+01  -4.6463318e+00
   2.2030000e+01  -2.3974631e+00
   2.2040000e+01  -5.5406177e-01
   2.2050000e+01   1.2526839e+00
   2.2060000e+01   2.7156742e+00
   2.2070000e+01   3.7201749e+00
   2.2080000e+01   4.7732332e+00
   2.2090000e+01   6.0759854e+00
   2.2100000e+01   6.9761796e+00
   2.2110000e+01   6.9470211e+00
   2.2120000e+01   6.4744901e+00
   2.2130000e+01   6.3597100e+00
   2.2140000e+01   6.5527091e+00
   2.2150000e+01   6.2181372e+00
   2.2160000e+01   4.8285835e+00
   2.2170000e+01   2.8811170e+00
   2.2180000e+01   1.4759190e+00
   2.2190000e+01   1.2094329e+00
   2.2200000e+01   1.5746935e+00
   2.2210000e+01   1.6651785e+00
   2.2220000e+01   1.3952583e+00
   2.2230000e+01   1.5600272e+00
   2.2240000e+01   2.6280674e+00
   2.2250000e+01   4.1516564e+00
   2.2260000e+01   5.6819331e+00
   2.2270000e+01   7.5213030e+00
   2.2280000e+01   1.0028184e+01
   2.2290000e+01   1.2865060e+01
   2.2300000e+01   1.5559580e+01
   2.2310000e+01   1.8144595e+01
   2.2320000e+01   2.0599252e+01
   2.2330000e+01   2.2387170e+01
   2.2340000e+01   2.3281880e+01
   2.2350000e+01   2.3894855e+01
   2.2360000e+01   2.4574749e+01
   2.2370000e+01   2.4615480e+01
   2.2380000e+01   2.3544971e+01
   2.2390000e+01   2.2353558e+01
   2.2400000e+01   2.2204039e+01
   2.2410000e+01   2.2561413e+01
   2.2420000e+01   2.1920816e+01
   2.2430000e+01   2.0058871e+01
   2.2440000e+01   1.8438771e+01
   2.2450000e+01   1.8456538e+01
   2.2460000e+01   1.9963459e+01
   2.2470000e+01   2.1457109e+01
   2.2480000e+01   2.1446189e+01
   2.2490000e+01   1.9765346e+01
   2.2500000e+01   1.7453139e+01
   2.2510000e+01   1.5100124e+01
   2.2520000e+01   1.1956969e+01
   2.2530000e+01   7.4252819e+00
   2.2540000e+01   2.6237646e+00
   2.2550000e+01  -7.9943354e-01
   2.2560000e+01  -2.8585614e+00
   2.2570000e+01  -4.9027357e+00
   2.2580000e+01  -7.5007005e+00
   2.2590000e+01  -9.9250989e+00
   2.2600000e+01  -1.1465725e+01
   2.2610000e+01  -1.2096071e+01
   2.2620000e+01  -1.2018319e+01
   2.2630000e+01  -1.1550319e+01
   2.2640000e+01  -1.1343786e+01
   2.2650000e+01  -1.1915829e+01
   2.2660000e+01  -1.3068889e+01
   2.2670000e+01  -1.4307856e+01
   2.2680000e+01  -1.5603210e+01
   2.2690000e+01  -1.7308150e+01
   2.2700000e+01  -1.9539517e+01
   2.2710000e+01  -2.1994739e+01
   2.2720000e+01  -2.4269027e+01
   2.2730000e+01  -2.6099729e+01
   2.2740000e+01  -2.7309299e+01
   2.2750000e+01  -2.7752443e+01
   2.2760000e+01  -2.7536053e+01
   2.2770000e+01  -2.7132659e+01
   2.2780000e+01  -2.6840762e+01
   2.2790000e+01  -2.6185542e+01
   2.2800000e+01  -2.4514642e+01
   2.2810000e+01  -2.2243301e+01
   2.2820000e+01  -2.0557378e+01
   2.2830000e+01  -1.9615993e+01
   2.2840000e+01  -1.8236498e+01
   2.2850000e+01  -1.5874249e+01
   2.2860000e+01  -1.3578767e+01
   2.2870000e+01  -1.2222340e+01
   2.2880000e+01  -1.1100109e+01
   2.2890000e+01  -9.1732988e+00
   2.2900000e+01  -6.4687058e+00
   2.2910000e+01  -3.3829338e+00
   2.2920000e+01   2.1501272e-01
   2.2930000e+01   4.3581293e+00
   2.2940000e+01   8.4892687e+00
   2.2950000e+01   1.2188148e+01
   2.2960000e+01   1.5468662e+01
   2.2970000e+01   1.8181617e+01
   2.2980000e+01   2.0169511e+01
   2.2990000e+01   2.1807143e+01
   2.3000000e+01   2.3068976e+01
   2.3010000e+01   2.2566618e+01
   2.3020000e+01   1.9287789e+01
   2.3030000e+01   1.4787921e+01
   2.3040000e+01   1.1583798e+01
   2.3050000e+01   9.7978609e+00
   2.3060000e+01   7.5906317e+00
   2.3070000e+01   4.4978431e+00
   2.3080000e+01   1.9695945e+00
   2.3090000e+01   7.8655487e-01
   2.3100000e+01   2.2482079e-01
   2.3110000e+01  -1.7220493e-01
   2.3120000e+01   1.0274936e-02
   2.3130000e+01   8.0796611e-01
   2.3140000e+01   1.7452237e+00
   2.3150000e+01   2.9799261e+00
   2.3160000e+01   5.0760139e+00
   2.3170000e+01   7.6973153e+00
   2.3180000e+01   9.8733588e+00
   2.3190000e+01   1.1451616e+01
   2.3200000e+01   1.3072472e+01
   2.3210000e+01   1.4793172e+01
   2.3220000e+01   1.5790734e+01
   2.3230000e+01   1.5422157e+01
   2.3240000e+01   1.3846599e+01
   2.3250000e+01   1.1702045e+01
   2.3260000e+01   9.6633898e+00
   2.3270000e+01   8.0995425e+00
   2.3280000e+01   6.8469282e+00
   2.3290000e+01   5.6250224e+00
   2.3300000e+01   4.7899221e+00
   2.3310000e+01   5.1360915e+00
   2.3320000e+01   6.7934300e+00
   2.3330000e+01   8.9996766e+00
   2.3340000e+01   1.1229621e+01
   2.3350000e+01   1.3725246e+01
   2.3360000e+01   1.6423306e+01
   2.3370000e+01   1.8294285e+01
   2.3380000e+01   1.8611939e+01
   2.3390000e+01   1.8110262e+01
   2.3400000e+01   1.7817010e+01
   2.3410000e+01   1.7333829e+01
   2.3420000e+01   1.5486181e+01
   2.3430000e+01   1.2291619e+01
   2.3440000e+01   8.9645679e+00
   2.3450000e+01   6.1003169e+00
   2.3460000e+01   3.2240887e+00
   2.3470000e+01   2.7991812e-01
   2.3480000e+01  -1.8365225e+00
   2.3490000e+01  -2.7106812e+00
   2.3500000e+01  -3.1761304e+00
   2.3510000e+01  -4.0573898e+00
   2.3520000e+01  -5.1509680e+00
   2.3530000e+01  -6.0276843e+00
   2.3540000e+01  -6.9118468e+00
   2.3550000e+01  -8.0808269e+00
   2.3560000e+01  -9.1293648e+00
   2.3570000e+01  -9.6053118e+00
   2.3580000e+01  -9.9104588e+00
   2.3590000e+01  -1.0814152e+01
   2.3600000e+01  -1.2347079e+01
   2.3610000e+01  -1.3929764e+01
   2.3620000e+01  -1.5500938e+01
   2.3630000e+01  -1.7681186e+01
   2.3640000e+01  -2.0528997e+01
   2.3650000e+01  -2.2907368e+01
   2.3660000e+01  -2.3849154e+01
   2.3670000e+01  -2.4060931e+01
   2.3680000e+01  -2.4987779e+01
   2.3690000e+01  -2.6649003e+01
   2.3700000e+01  -2.7796499e+01
   2.3710000e+01  -2.8149560e+01
   2.3720000e+01  -2.8712063e+01
   2.3730000e+01  -2.9641436e+01
   2.3740000e+01  -2.9820122e+01
   2.3750000e+01  -2.9097784e+01
   2.3760000e+01  -2.8822925e+01
   2.3770000e+01  -2.9354877e+01
   2.3780000e+01  -2.9237003e+01
   2.3790000e+01  -2.7758351e+01
   2.3800000e+01  -2.6127692e+01
   2.3810000e+01  -2.5199106e+01
   2.3820000e+01  -2.4307108e+01
   2.3830000e+01  -2.3234966e+01
   2.3840000e+01  -2.3010948e+01
   2.3850000e+01  -2.3836188e+01
   2.3860000e+01  -2.4416908e+01
   2.3870000e+01  -2.4148291e+01
   2.3880000e+01  -2.3894325e+01
   2.3890000e+01  -2.4042735e+01
   2.3900000e+01  -2.3822266e+01
   2.3910000e+01  -2.2949755e+01
   2.3920000e+01  -2.2058134e+01
   2.3930000e+01  -2.1247702e+01
   2.3940000e+01  -1.9862361e+01
   2.3950000e+01  -1.7809606e+01
   2.3960000e+01  -1.5816570e+01
   2.3970000e+01  -1.4427945e+01
   2.3980000e+01  -1.3578715e+01
   2.3990000e+01  -1.2795677e+01
   2.4000000e+01  -1.1368391e+01
   2.4010000e+01  -9.0993708e+00
   2.4020000e+01  -7.0839782e+00
   2.4030000e+01  -6.4911665e+00
   2.4040000e+01  -6.4318706e+00
   2.4050000e+01  -4.6917775e+00
   2.4060000e+01  -8.8310653e-01
   2.4070000e+01   2.8996463e+00
   2.4080000e+01   5.0216745e+00
   2.4090000e+01   6.1472661e+00
   2.4100000e+01   7.4782057e+00
   2.4110000e+01   8.8542502e+00
   2.4120000e+01   9.7107448e+00
   2.4130000e+01   1.0643622e+01
   2.4140000e+01   1.2602488e+01
   2.4150000e+01   1.5148065e+01
   2.4160000e+01   1.6898319e+01
   2.4170000e+01   1.7650278e+01
   2.4180000e+01   1.8878075e+01
   2.4190000e+01   2.1773480e+01
   2.4200000e+01   2.5703326e+01
   2.4210000e+01   2.9203318e+01
   2.4220000e+01   3.1835408e+01
   2.4230000e+01   3.4298931e+01
   2.4240000e+01   3.7060093e+01
   2.4250000e+01   3.9645370e+01
   2.4260000e+01   4.1259368e+01
   2.4270000e+01   4.1578869e+01
   2.4280000e+01   4.0895302e+01
   2.4290000e+01   3.9778857e+01
   2.4300000e+01   3.8614947e+01
   2.4310000e+01   3.7316213e+01
   2.4320000e+01   3.5492879e+01
   2.4330000e+01   3.2884431e+01
   2.4340000e+01   2.9554691e+01
   2.4350000e+01   2.5806252e+01
   2.4360000e+01   2.2052570e+01
   2.4370000e+01   1.8618178e+01
   2.4380000e+01   1.5517774e+01
   2.4390000e+01   1.2563462e+01
   2.4400000e+01   9.7403023e+00
   2.4410000e+01   7.2932988e+00
   2.4420000e+01   5.4227952e+00
   2.4430000e+01   4.1279611e+00
   2.4440000e+01   3.4231425e+00
   2.4450000e+01   3.4613838e+00
   2.4460000e+01   4.2818285e+00
   2.4470000e+01   5.6216981e+00
   2.4480000e+01   7.1358059e+00
   2.4490000e+01   8.6116077e+00
   2.4500000e+01   9.8345524e+00
   2.4510000e+01   1.0489838e+01
   2.4520000e+01   1.0372289e+01
   2.4530000e+01   9.4818649e+00
   2.4540000e+01   7.7726361e+00
   2.4550000e+01   5.1008738e+00
   2.4560000e+01   1.6822512e+00
   2.4570000e+01  -1.7589755e+00
   2.4580000e+01  -4.7820847e+00
   2.4590000e+01  -7.7990789e+00
   2.4600000e+01  -1.1121951e+01
   2.4610000e+01  -1.3794743e+01
   2.4620000e+01  -1.4445809e+01
   2.4630000e+01  -1.3278948e+01
   2.4640000e+01  -1.2035488e+01
   2.4650000e+01  -1.1550887e+01
   2.4660000e+01  -1.0440544e+01
   2.4670000e+01  -7.0979118e+00
   2.4680000e+01  -2.1733185e+00
   2.4690000e+01   2.1059645e+00
   2.4700000e+01   4.5663646e+00
   2.4710000e+01   5.7803199e+00
   2.4720000e+01   6.4494644e+00
   2.4730000e+01   6.5393054e+00
   2.4740000e+01   6.1386824e+00
   2.4750000e+01   5.7793985e+00
   2.4760000e+01   5.4257891e+00
   2.4770000e+01   4.3471259e+00
   2.4780000e+01   2.5388994e+00
   2.4790000e+01   1.1011159e+00
   2.4800000e+01   5.1843798e-01
   2.4810000e+01  -4.0619155e-01
   2.4820000e+01  -3.0309438e+00
   2.4830000e+01  -6.9267198e+00
   2.4840000e+01  -1.0315186e+01
   2.4850000e+01  -1.2213098e+01
   2.4860000e+01  -1.3403683e+01
   2.4870000e+01  -1.5156920e+01
   2.4880000e+01  -1.7484526e+01
   2.4890000e+01  -1.9144517e+01
   2.4900000e+01  -1.9340595e+01
   2.4910000e+01  -1.8779059e+01
   2.4920000e+01  -1.8596723e+01
   2.4930000e+01  -1.8812334e+01
   2.4940000e+01  -1.8573072e+01
   2.4950000e+01  -1.7552825e+01
   2.4960000e+01  -1.6315554e+01
   2.4970000e+01  -1.5429881e+01
   2.4980000e+01  -1.4835581e+01
   2.4990000e+01  -1.4093705e+01
   2.5000000e+01  -1.2920881e+01
   2.5010000e+01  -1.1475093e+01
   2.5020000e+01  -1.0223851e+01
   2.5030000e+01  -9.4513221e+00
   2.5040000e+01  -8.9905167e+00
   2.5050000e+01  -8.6452256e+00
   2.5060000e+01  -8.5860475e+00
   2.5070000e+01  -8.9338236e+00
   2.5080000e+01  -9.2976111e+00
   2.5090000e+01  -9.2094754e+00
   2.5100000e+01  -8.6940892e+00
   2.5110000e+01  -8.0007260e+00
   2.5120000e+01  -7.1269918e+00
   2.5130000e+01  -5.9412425e+00
   2.5140000e+01  -4.4432568e+00
   2.5150000e+01  -2.6811913e+00
   2.5160000e+01  -7.0123860e-01
   2.5170000e+01   1.3572175e+00
   2.5180000e+01   3.4201007e+00
   2.5190000e+01   5.6425615e+00
   2.5200000e+01   8.0513915e+00
   2.5210000e+01   1.0246604e+01
   2.5220000e+01   1.1915906e+01
   2.5230000e+01   1.3359897e+01
   2.5240000e+01   1.5028942e+01
   2.5250000e+01   1.6885200e+01
   2.5260000e+01   1.8695281e+01
   2.5270000e+01   2.0567696e+01
   2.5280000e+01   2.2720691e+01
   2.5290000e+01   2.5054379e+01
   2.5300000e+01   2.7344107e+01
   2.5310000e+01   2.9571573e+01
   2.5320000e+01   3.1846674e+01
   2.5330000e+01   3.4230677e+01
   2.5340000e+01   3.6520294e+01
   2.5350000e+01   3.7942503e+01
   2.5360000e+01   3.7622436e+01
   2.5370000e+01   3.5870320e+01
   2.5380000e+01   3.4178112e+01
   2.5390000e+01   3.3195448e+01
   2.5400000e+01   3.1754893e+01
   2.5410000e+01   2.8873278e+01
   2.5420000e+01   2.5454953e+01
   2.5430000e+01   2.2775538e+01
   2.5440000e+01   2.0660390e+01
   2.5450000e+01   1.8537916e+01
   2.5460000e+01   1.6788079e+01
   2.5470000e+01   1.5632526e+01
   2.5480000e+01   1.4328106e+01
   2.5490000e+01   1.2827864e+01
   2.5500000e+01   1.2407123e+01
   2.5510000e+01   1.3285374e+01
   2.5520000e+01   1.3663409e+01
   2.5530000e+01   1.2560037e+01
   2.5540000e+01   1.1483769e+01
   2.5550000e+01   1.1811427e+01
   2.5560000e+01   1.2618994e+01
   2.5570000e+01   1.2530112e+01
   2.5580000e+01   1.1647526e+01
   2.5590000e+01   1.0321073e+01
   2.5600000e+01   7.9653525e+00
   2.5610000e+01   4.3943004e+00
   2.5620000e+01   6.9680403e-01
   2.5630000e+01  -2.2889424e+00
   2.5640000e+01  -5.0521919e+00
   2.5650000e+01  -8.2370748e+00
   2.5660000e+01  -1.1574733e+01
   2.5670000e+01  -1.4482321e+01
   2.5680000e+01  -1.6776757e+01
   2.5690000e+01  -1.8573459e+01
   2.5700000e+01  -2.0133156e+01
   2.5710000e+01  -2.1622885e+01
   2.5720000e+01  -2.2582200e+01
   2.5730000e+01  -2.2256738e+01
   2.5740000e+01  -2.0873937e+01
   2.5750000e+01  -1.9649541e+01
   2.5760000e+01  -1.9098475e+01
   2.5770000e+01  -1.8491473e+01
   2.5780000e+01  -1.7429927e+01
   2.5790000e+01  -1.6599424e+01
   2.5800000e+01  -1.6431185e+01
   2.5810000e+01  -1.6443717e+01
   2.5820000e+01  -1.6453552e+01
   2.5830000e+01  -1.7005812e+01
   2.5840000e+01  -1.8118139e+01
   2.5850000e+01  -1.9062543e+01
   2.5860000e+01  -1.9860981e+01
   2.5870000e+01  -2.1498630e+01
   2.5880000e+01  -2.4133422e+01
   2.5890000e+01  -2.6557992e+01
   2.5900000e+01  -2.7996894e+01
   2.5910000e+01  -2.9051974e+01
   2.5920000e+01  -3.0309409e+01
   2.5930000e+01  -3.1300965e+01
   2.5940000e+01  -3.1443653e+01
   2.5950000e+01  -3.0975885e+01
   2.5960000e+01  -3.0445209e+01
   2.5970000e+01  -3.0015816e+01
   2.5980000e+01  -2.9578276e+01
   2.5990000e+01  -2.8946614e+01
   2.6000000e+01  -2.7886232e+01
   2.6010000e+01  -2.6511710e+01
   2.6020000e+01  -2.5469690e+01
   2.6030000e+01  -2.5020929e+01
   2.6040000e+01  -2.4283663e+01
   2.6050000e+01  -2.2374559e+01
   2.6060000e+01  -2.0015385e+01
   2.6070000e+01  -1.8761539e+01
   2.6080000e+01  -1.8694675e+01
   2.6090000e+01  -1.8292960e+01
   2.6100000e+01  -1.6871768e+01
   2.6110000e+01  -1.5698204e+01
   2.6120000e+01  -1.5978905e+01
   2.6130000e+01  -1.7035747e+01
   2.6140000e+01  -1.7534890e+01
   2.6150000e+01  -1.7515386e+01
   2.6160000e+01  -1.7908475e+01
   2.6170000e+01  -1.8683012e+01
   2.6180000e+01  -1.8806125e+01
   2.6190000e+01  -1.7804496e+01
   2.6200000e+01  -1.6221760e+01
   2.6210000e+01  -1.4524201e+01
   2.6220000e+01  -1.2464757e+01
   2.6230000e+01  -9.7325553e+00
   2.6240000e+01  -6.6003664e+00
   2.6250000e+01  -3.5979307e+00
   2.6260000e+01  -8.8608314e-01
   2.6270000e+01   1.6799514e+00
   2.6280000e+01   3.9923129e+00
   2.6290000e+01   5.6120211e+00
   2.6300000e+01   6.3594246e+00
   2.6310000e+01   6.5764005e+00
   2.6320000e+01   6.5306184e+00
   2.6330000e+01   6.0037990e+00
   2.6340000e+01   4.8921856e+00
   2.6350000e+01   3.7234512e+00
   2.6360000e+01   2.9951191e+00
   2.6370000e+01   2.4655804e+00
   2.6380000e+01   1.7442201e+00
   2.6390000e+01   1.1292233e+00
   2.6400000e+01   1.1982660e+00
   2.6410000e+01   1.9609423e+00
   2.6420000e+01   2.9377075e+00
   2.6430000e+01   3.6810157e+00
   2.6440000e+01   3.9614458e+00
   2.6450000e+01   3.9946292e+00
   2.6460000e+01   4.5700596e+00
   2.6470000e+01   6.2747043e+00
   2.6480000e+01   8.6314467e+00
   2.6490000e+01   1.0717126e+01
   2.6500000e+01   1.2345512e+01
   2.6510000e+01   1.3782398e+01
   2.6520000e+01   1.4788116e+01
   2.6530000e+01   1.5056595e+01
   2.6540000e+01   1.5121738e+01
   2.6550000e+01   1.5648686e+01
   2.6560000e+01   1.6273678e+01
   2.6570000e+01   1.6236988e+01
   2.6580000e+01   1.5680526e+01
   2.6590000e+01   1.5310467e+01
   2.6600000e+01   1.5243741e+01
   2.6610000e+01   1.5077382e+01
   2.6620000e+01   1.4719018e+01
   2.6630000e+01   1.4493741e+01
   2.6640000e+01   1.4722402e+01
   2.6650000e+01   1.5446079e+01
   2.6660000e+01   1.6166550e+01
   2.6670000e+01   1.5981605e+01
   2.6680000e+01   1.4645645e+01
   2.6690000e+01   1.3185077e+01
   2.6700000e+01   1.2555718e+01
   2.6710000e+01   1.2080101e+01
   2.6720000e+01   1.0346898e+01
   2.6730000e+01   7.3429228e+00
   2.6740000e+01   4.4165490e+00
   2.6750000e+01   2.2533795e+00
   2.6760000e+01   2.0275862e-01
   2.6770000e+01  -2.2314125e+00
   2.6780000e+01  -4.3841764e+00
   2.6790000e+01  -5.2897268e+00
   2.6800000e+01  -4.7737862e+00
   2.6810000e+01  -3.3704173e+00
   2.6820000e+01  -1.6414317e+00
   2.6830000e+01   2.2492108e-01
   2.6840000e+01   2.4091146e+00
   2.6850000e+01   5.0944234e+00
   2.6860000e+01   7.9643023e+00
   2.6870000e+01   1.0234256e+01
   2.6880000e+01   1.1436715e+01
   2.6890000e+01   1.1982716e+01
   2.6900000e+01   1.2578825e+01
   2.6910000e+01   1.3251064e+01
   2.6920000e+01   1.3442234e+01
   2.6930000e+01   1.3007371e+01
   2.6940000e+01   1.2504209e+01
   2.6950000e+01   1.2356218e+01
   2.6960000e+01   1.2312343e+01
   2.6970000e+01   1.2107089e+01
   2.6980000e+01   1.2219201e+01
   2.6990000e+01   1.3381296e+01
   2.7000000e+01   1.5446706e+01
   2.7010000e+01   1.7335769e+01
   2.7020000e+01   1.8210213e+01
   2.7030000e+01   1.8169902e+01
   2.7040000e+01   1.7661369e+01
   2.7050000e+01   1.6883464e+01
   2.7060000e+01   1.6095521e+01
   2.7070000e+01   1.5757020e+01
   2.7080000e+01   1.5761362e+01
   2.7090000e+01   1.5124362e+01
   2.7100000e+01   1.3139871e+01
   2.7110000e+01   1.0391945e+01
   2.7120000e+01   7.9306868e+00
   2.7130000e+01   5.9681143e+00
   2.7140000e+01   4.1946609e+00
   2.7150000e+01   2.7467048e+00
   2.7160000e+01   1.8076297e+00
   2.7170000e+01   8.3904422e-01
   2.7180000e+01  -6.3729442e-01
   2.7190000e+01  -2.0327425e+00
   2.7200000e+01  -2.6154435e+00
   2.7210000e+01  -2.8620188e+00
   2.7220000e+01  -3.6682145e+00
   2.7230000e+01  -4.7589642e+00
   2.7240000e+01  -5.1693432e+00
   2.7250000e+01  -4.8623656e+00
   2.7260000e+01  -4.6290240e+00
   2.7270000e+01  -4.7555330e+00
   2.7280000e+01  -4.8700904e+00
   2.7290000e+01  -4.7097810e+00
   2.7300000e+01  -4.1847653e+00
   2.7310000e+01  -3.2450320e+00
   2.7320000e+01  -2.3255585e+00
   2.7330000e+01  -2.0795168e+00
   2.7340000e+01  -2.1640746e+00
   2.7350000e+01  -1.5013815e+00
   2.7360000e+01  -2.4878187e-01
   2.7370000e+01   9.1185789e-02
   2.7380000e+01  -7.8155296e-01
   2.7390000e+01  -1.1445387e+00
   2.7400000e+01   6.3825164e-02
   2.7410000e+01   1.6121554e+00
   2.7420000e+01   2.1651374e+00
   2.7430000e+01   2.2784536e+00
   2.7440000e+01   2.9725919e+00
   2.7450000e+01   4.0687040e+00
   2.7460000e+01   5.2026179e+00
   2.7470000e+01   6.8113800e+00
   2.7480000e+01   8.8851428e+00
   2.7490000e+01   1.0366734e+01
   2.7500000e+01   1.0929450e+01
   2.7510000e+01   1.1716809e+01
   2.7520000e+01   1.3252548e+01
   2.7530000e+01   1.4308984e+01
   2.7540000e+01   1.3952109e+01
   2.7550000e+01   1.3073920e+01
   2.7560000e+01   1.2787659e+01
   2.7570000e+01   1.2813545e+01
   2.7580000e+01   1.2498211e+01
   2.7590000e+01   1.2053384e+01
   2.7600000e+01   1.1842908e+01
   2.7610000e+01   1.1642559e+01
   2.7620000e+01   1.1287764e+01
   2.7630000e+01   1.0924271e+01
   2.7640000e+01   1.0265991e+01
   2.7650000e+01   8.8283588e+00
   2.7660000e+01   6.9856778e+00
   2.7670000e+01   5.4252336e+00
   2.7680000e+01   3.6858812e+00
   2.7690000e+01   8.3070528e-01
   2.7700000e+01  -2.6546907e+00
   2.7710000e+01  -5.3989828e+00
   2.7720000e+01  -7.3359182e+00
   2.7730000e+01  -9.5118127e+00
   2.7740000e+01  -1.1939794e+01
   2.7750000e+01  -1.3540614e+01
   2.7760000e+01  -1.4070375e+01
   2.7770000e+01  -1.4311335e+01
   2.7780000e+01  -1.4458555e+01
   2.7790000e+01  -1.3918503e+01
   2.7800000e+01  -1.2598842e+01
   2.7810000e+01  -1.1100850e+01
   2.7820000e+01  -9.7994547e+00
   2.7830000e+01  -8.6485886e+00
   2.7840000e+01  -7.6289006e+00
   2.7850000e+01  -6.8623662e+00
   2.7860000e+01  -6.6332970e+00
   2.7870000e+01  -7.3732519e+00
   2.7880000e+01  -9.0747830e+00
   2.7890000e+01  -1.0911165e+01
   2.7900000e+01  -1.2119113e+01
   2.7910000e+01  -1.2969565e+01
   2.7920000e+01  -1.4259041e+01
   2.7930000e+01  -1.6225988e+01
   2.7940000e+01  -1.8406056e+01
   2.7950000e+01  -2.0163637e+01
