   0.0000000e+00   3.6606129e-02
   1.0000000e-02   2.3391170e-01
   2.0000000e-02   6.7909698e-01
   3.0000000e-02   1.1833249e+00
   4.0000000e-02   1.3663615e+00
   5.0000000e-02   1.0570978e+00
   6.0000000e-02   3.2369706e-01
   7.0000000e-02  -9.2887076e-01
   8.0000000e-02  -2.6011313e+00
   9.0000000e-02  -3.4069683e+00
   1.0000000e-01  -1.9106726e+00
   1.1000000e-01   6.8583259e-01
   1.2000000e-01   1.2891731e+00
   1.3000000e-01  -4.4893423e-01
   1.4000000e-01  -1.5889679e+00
   1.5000000e-01  -1.1734690e+00
   1.6000000e-01  -1.7161485e+00
   1.7000000e-01  -3.9580152e+00
   1.8000000e-01  -5.0291586e+00
   1.9000000e-01  -3.6222596e+00
   2.0000000e-01  -1.9630264e+00
   2.1000000e-01  -1.0765939e+00
   2.2000000e-01   3.2033584e-01
   2.3000000e-01   1.0918228e+00
   2.4000000e-01  -1.5658442e+00
   2.5000000e-01  -5.7672520e+00
   2.6000000e-01  -6.4810911e+00
   2.7000000e-01  -3.6878417e+00
   2.8000000e-01  -1.6773789e+00
   2.9000000e-01  -1.1970195e+00
   3.0000000e-01  -1.1392486e-01
   3.1000000e-01   1.3960011e-01
   3.2000000e-01  -2.7557787e+00
   3.3000000e-01  -5.4037552e+00
   3.4000000e-01  -3.4159463e+00
   3.5000000e-01   2.2849726e-01
   3.6000000e-01   1.4071461e-01
   3.7000000e-01  -1.7577879e+00
   3.8000000e-01  -2.7956372e-01
   3.9000000e-01   2.9866725e+00
   4.0000000e-01   2.5722171e+00
   4.1000000e-01  -1.0619590e+00
   4.2000000e-01  -2.7707249e+00
   4.3000000e-01  -1.1657628e+00
   4.4000000e-01   1.1386370e+00
   4.5000000e-01   3.1620754e+00
   4.6000000e-01   5.4185242e+00
   4.7000000e-01   6.5000178e+00
   4.8000000e-01   4.9020178e+00
   4.9000000e-01   2.2635065e+00
   5.0000000e-01   9.7535422e-01
   5.1000000e-01   8.8953812e-01
   5.2000000e-01   1.5364422e+00
   5.3000000e-01   4.5458115e+00
   5.4000000e-01   1.0013986e+01
   5.5000000e-01   1.3190838e+01
   5.6000000e-01   9.4908052e+00
   5.7000000e-01   1.5379661e+00
   5.8000000e-01  -3.1529774e+00
   5.9000000e-01  -1.3834153e+00
   6.0000000e-01   2.3603497e+00
   6.1000000e-01   2.2720686e+00
   6.2000000e-01  -1.6948563e+00
   6.3000000e-01  -4.3020405e+00
   6.4000000e-01  -1.3507689e+00
   6.5000000e-01   5.1571383e+00
   6.6000000e-01   7.8025671e+00
   6.7000000e-01   6.0241159e-01
   6.8000000e-01  -1.3594835e+01
   6.9000000e-01  -2.3929449e+01
   7.0000000e-01  -2.1780413e+01
   7.1000000e-01  -9.2152083e+00
   7.2000000e-01   3.9182434e+00
   7.3000000e-01   9.2558003e+00
   7.4000000e-01   5.1216085e+00
   7.5000000e-01  -4.3422013e+00
   7.6000000e-01  -1.2359312e+01
   7.7000000e-01  -1.3514852e+01
   7.8000000e-01  -7.5491577e+00
   7.9000000e-01   7.5995459e-01
   8.0000000e-01   6.4424203e+00
   8.1000000e-01   8.1302900e+00
   8.2000000e-01   6.6443324e+00
   8.3000000e-01   2.3922117e+00
   8.4000000e-01  -3.6989537e+00
   8.5000000e-01  -8.1926940e+00
   8.6000000e-01  -6.7815608e+00
   8.7000000e-01   1.2887716e+00
   8.8000000e-01   1.1145971e+01
   8.9000000e-01   1.5673258e+01
   9.0000000e-01   1.1720284e+01
   9.1000000e-01   2.9552750e+00
   9.2000000e-01  -3.7235185e+00
   9.3000000e-01  -4.4043313e+00
   9.4000000e-01  -7.8837957e-01
   9.5000000e-01   2.4228859e+00
   9.6000000e-01   1.7499914e+00
   9.7000000e-01  -3.0165094e+00
   9.8000000e-01  -9.0987029e+00
   9.9000000e-01  -1.1903151e+01
   1.0000000e+00  -7.6499851e+00
   1.0100000e+00   2.3386509e+00
   1.0200000e+00   1.0348934e+01
   1.0300000e+00   8.7171575e+00
   1.0400000e+00  -8.7887562e-01
   1.0500000e+00  -7.0551501e+00
   1.0600000e+00  -4.6421640e-01
   1.0700000e+00   1.4869647e+01
   1.0800000e+00   2.4759426e+01
   1.0900000e+00   1.9710355e+01
   1.1000000e+00   4.2485013e+00
   1.1100000e+00  -9.1192652e+00
   1.1200000e+00  -1.2485753e+01
   1.1300000e+00  -7.1144408e+00
   1.1400000e+00   1.6973360e+00
   1.1500000e+00   9.0969632e+00
   1.1600000e+00   1.0129207e+01
   1.1700000e+00   1.5703152e+00
   1.1800000e+00  -1.2227265e+01
   1.1900000e+00  -2.0813019e+01
   1.2000000e+00  -1.8819264e+01
   1.2100000e+00  -1.0448918e+01
   1.2200000e+00  -9.8103553e-02
   1.2300000e+00   1.3080277e+01
   1.2400000e+00   2.6082280e+01
   1.2500000e+00   2.7857279e+01
   1.2600000e+00   1.4065532e+01
   1.2700000e+00  -1.8698953e+00
   1.2800000e+00  -3.6011281e+00
   1.2900000e+00   8.0215920e+00
   1.3000000e+00   1.9761138e+01
   1.3100000e+00   2.4644622e+01
   1.3200000e+00   2.4920768e+01
   1.3300000e+00   2.2245340e+01
   1.3400000e+00   1.6971649e+01
   1.3500000e+00   1.3629872e+01
   1.3600000e+00   1.6128837e+01
   1.3700000e+00   1.9899628e+01
   1.3800000e+00   1.7999433e+01
   1.3900000e+00   1.2394982e+01
   1.4000000e+00   1.0865706e+01
   1.4100000e+00   1.5148768e+01
   1.4200000e+00   1.9420350e+01
   1.4300000e+00   1.8445167e+01
   1.4400000e+00   1.1519373e+01
   1.4500000e+00   8.1971133e-01
   1.4600000e+00  -9.1717944e+00
   1.4700000e+00  -1.3003919e+01
   1.4800000e+00  -9.3622917e+00
   1.4900000e+00  -3.1748268e+00
   1.5000000e+00   1.3299742e-01
   1.5100000e+00   7.9582396e-01
   1.5200000e+00   3.4844737e+00
   1.5300000e+00   1.1414230e+01
   1.5400000e+00   2.2327412e+01
   1.5500000e+00   2.9169857e+01
   1.5600000e+00   2.5145010e+01
   1.5700000e+00   9.9158684e+00
   1.5800000e+00  -8.4273731e+00
   1.5900000e+00  -1.7914493e+01
   1.6000000e+00  -1.1263253e+01
   1.6100000e+00   6.0066473e+00
   1.6200000e+00   1.5744920e+01
   1.6300000e+00   2.3929968e+00
   1.6400000e+00  -2.8293539e+01
   1.6500000e+00  -5.2444798e+01
   1.6600000e+00  -5.3196457e+01
   1.6700000e+00  -3.3879842e+01
   1.6800000e+00  -4.4282364e+00
   1.6900000e+00   2.9906172e+01
   1.7000000e+00   5.8807133e+01
   1.7100000e+00   6.2847492e+01
   1.7200000e+00   3.4723643e+01
   1.7300000e+00  -4.4212166e+00
   1.7400000e+00  -2.4286841e+01
   1.7500000e+00  -1.7604738e+01
   1.7600000e+00  -3.6722213e+00
   1.7700000e+00  -2.6640158e+00
   1.7800000e+00  -1.3905323e+01
   1.7900000e+00  -1.9782569e+01
   1.8000000e+00  -8.3119881e+00
   1.8100000e+00   1.0407170e+01
   1.8200000e+00   1.4086221e+01
   1.8300000e+00  -5.7195084e+00
   1.8400000e+00  -3.4881965e+01
   1.8500000e+00  -5.5497978e+01
   1.8600000e+00  -6.4109957e+01
   1.8700000e+00  -6.7329509e+01
   1.8800000e+00  -6.7981572e+01
   1.8900000e+00  -6.2239245e+01
   1.9000000e+00  -4.7640234e+01
   1.9100000e+00  -3.0769073e+01
   1.9200000e+00  -2.6399559e+01
   1.9300000e+00  -4.5424327e+01
   1.9400000e+00  -8.1282845e+01
   1.9500000e+00  -1.1235312e+02
   1.9600000e+00  -1.1905810e+02
   1.9700000e+00  -9.4769964e+01
   1.9800000e+00  -4.4782976e+01
   1.9900000e+00   1.4286414e+01
   2.0000000e+00   5.7307598e+01
   2.0100000e+00   6.6627085e+01
   2.0200000e+00   4.6822528e+01
   2.0300000e+00   1.7388451e+01
   2.0400000e+00  -3.9621296e+00
   2.0500000e+00  -4.9922683e+00
   2.0600000e+00   2.0643867e+01
   2.0700000e+00   6.1898559e+01
   2.0800000e+00   8.8148809e+01
   2.0900000e+00   7.4412968e+01
   2.1000000e+00   2.6276957e+01
   2.1100000e+00  -2.6860853e+01
   2.1200000e+00  -5.5677713e+01
   2.1300000e+00  -4.5324310e+01
   2.1400000e+00  -2.3991955e+00
   2.1500000e+00   4.2827545e+01
   2.1600000e+00   5.5221168e+01
   2.1700000e+00   2.8504087e+01
   2.1800000e+00  -6.7328399e+00
   2.1900000e+00  -1.5867404e+01
   2.2000000e+00   5.8909693e+00
   2.2100000e+00   3.6746961e+01
   2.2200000e+00   5.5558973e+01
   2.2300000e+00   5.7682945e+01
   2.2400000e+00   4.9552818e+01
   2.2500000e+00   3.7255106e+01
   2.2600000e+00   2.2674816e+01
   2.2700000e+00   7.3062232e+00
   2.2800000e+00  -4.4463796e+00
   2.2900000e+00  -8.1240818e+00
   2.3000000e+00  -4.3955475e+00
   2.3100000e+00   7.6811389e-01
   2.3200000e+00   1.1624049e+00
   2.3300000e+00  -4.7863751e+00
   2.3400000e+00  -1.2906545e+01
   2.3500000e+00  -1.7029358e+01
   2.3600000e+00  -1.5694193e+01
   2.3700000e+00  -1.3936440e+01
   2.3800000e+00  -1.6132630e+01
   2.3900000e+00  -2.0855460e+01
   2.4000000e+00  -2.7088303e+01
   2.4100000e+00  -3.8731630e+01
   2.4200000e+00  -5.3366877e+01
   2.4300000e+00  -5.2751949e+01
   2.4400000e+00  -1.9733874e+01
   2.4500000e+00   3.5481787e+01
   2.4600000e+00   7.9825849e+01
   2.4700000e+00   9.0745411e+01
   2.4800000e+00   7.4681723e+01
   2.4900000e+00   5.1660819e+01
   2.5000000e+00   3.3439113e+01
   2.5100000e+00   2.0360405e+01
   2.5200000e+00   9.4941394e+00
   2.5300000e+00  -1.2392107e+00
   2.5400000e+00  -1.2778882e+01
   2.5500000e+00  -2.3388227e+01
   2.5600000e+00  -2.8505661e+01
   2.5700000e+00  -2.5083470e+01
   2.5800000e+00  -1.6126966e+01
   2.5900000e+00  -9.4698698e+00
   2.6000000e+00  -1.1074235e+01
   2.6100000e+00  -1.9335570e+01
   2.6200000e+00  -2.6342619e+01
   2.6300000e+00  -2.4589026e+01
   2.6400000e+00  -1.2290637e+01
   2.6500000e+00   5.8870454e+00
   2.6600000e+00   2.1133632e+01
   2.6700000e+00   2.5503748e+01
   2.6800000e+00   1.8486205e+01
   2.6900000e+00   8.3072441e+00
   2.7000000e+00   3.9410795e+00
   2.7100000e+00   6.4654188e+00
   2.7200000e+00   1.0463379e+01
   2.7300000e+00   1.1852113e+01
   2.7400000e+00   1.0863218e+01
   2.7500000e+00   8.9648159e+00
   2.7600000e+00   6.6550369e+00
   2.7700000e+00   3.8800590e+00
   2.7800000e+00   4.0346540e-01
   2.7900000e+00  -3.8059640e+00
   2.8000000e+00  -7.9461290e+00
   2.8100000e+00  -1.1184333e+01
   2.8200000e+00  -1.3414726e+01
   2.8300000e+00  -1.3384964e+01
   2.8400000e+00  -7.9759383e+00
   2.8500000e+00   2.9579430e+00
   2.8600000e+00   1.2454798e+01
   2.8700000e+00   1.2050915e+01
   2.8800000e+00   1.8666674e+00
   2.8900000e+00  -8.7956377e+00
   2.9000000e+00  -1.1739367e+01
   2.9100000e+00  -8.1324563e+00
   2.9200000e+00  -5.8845505e+00
   2.9300000e+00  -1.0401175e+01
   2.9400000e+00  -1.8934911e+01
   2.9500000e+00  -2.4759598e+01
   2.9600000e+00  -2.6300761e+01
   2.9700000e+00  -2.8275326e+01
   2.9800000e+00  -3.1877212e+01
   2.9900000e+00  -2.9533236e+01
   3.0000000e+00  -1.5201093e+01
   3.0100000e+00   4.4087084e+00
   3.0200000e+00   1.6281842e+01
   3.0300000e+00   1.6340671e+01
   3.0400000e+00   1.1409370e+01
   3.0500000e+00   8.2302489e+00
   3.0600000e+00   7.6277451e+00
   3.0700000e+00   8.4840192e+00
   3.0800000e+00   1.1031718e+01
   3.0900000e+00   1.5349209e+01
   3.1000000e+00   1.9744179e+01
   3.1100000e+00   2.0714623e+01
   3.1200000e+00   1.3867420e+01
   3.1300000e+00  -2.5719457e+00
   3.1400000e+00  -2.3397047e+01
   3.1500000e+00  -3.7599830e+01
   3.1600000e+00  -3.6028218e+01
   3.1700000e+00  -1.8253233e+01
   3.1800000e+00   7.2310488e+00
   3.1900000e+00   2.8840656e+01
   3.2000000e+00   3.9141350e+01
   3.2100000e+00   3.7565065e+01
   3.2200000e+00   2.7097335e+01
   3.2300000e+00   1.1221280e+01
   3.2400000e+00  -5.4880638e+00
   3.2500000e+00  -1.9175323e+01
   3.2600000e+00  -3.0911884e+01
   3.2700000e+00  -4.2097558e+01
   3.2800000e+00  -4.4282066e+01
   3.2900000e+00  -2.5585442e+01
   3.3000000e+00   6.8121576e+00
   3.3100000e+00   2.3963137e+01
   3.3200000e+00   6.4543553e+00
   3.3300000e+00  -3.0550092e+01
   3.3400000e+00  -5.4607882e+01
   3.3500000e+00  -5.1152202e+01
   3.3600000e+00  -3.1305476e+01
   3.3700000e+00  -1.1708217e+01
   3.3800000e+00   1.0653181e+00
   3.3900000e+00   7.6035700e+00
   3.4000000e+00   7.3085633e+00
   3.4100000e+00  -2.6616534e+00
   3.4200000e+00  -2.1599648e+01
   3.4300000e+00  -4.1020835e+01
   3.4400000e+00  -4.9338436e+01
   3.4500000e+00  -4.1732958e+01
   3.4600000e+00  -2.3066415e+01
   3.4700000e+00  -1.3362245e+00
   3.4800000e+00   1.7666646e+01
   3.4900000e+00   2.9872380e+01
   3.5000000e+00   3.3667854e+01
   3.5100000e+00   3.3239574e+01
   3.5200000e+00   3.6829915e+01
   3.5300000e+00   4.9648411e+01
   3.5400000e+00   6.9560608e+01
   3.5500000e+00   8.7923620e+01
   3.5600000e+00   9.3865608e+01
   3.5700000e+00   8.2915286e+01
   3.5800000e+00   6.3554917e+01
   3.5900000e+00   4.9142632e+01
   3.6000000e+00   4.1641842e+01
   3.6100000e+00   3.1390317e+01
   3.6200000e+00   1.4724089e+01
   3.6300000e+00   8.3998335e-01
   3.6400000e+00  -3.2207738e+00
   3.6500000e+00  -2.9104910e+00
   3.6600000e+00  -4.9299693e+00
   3.6700000e+00  -6.3477244e+00
   3.6800000e+00  -3.0293670e+00
   3.6900000e+00   2.4868756e-01
   3.7000000e+00  -2.5735862e+00
   3.7100000e+00  -7.3987211e+00
   3.7200000e+00  -5.1473400e+00
   3.7300000e+00   4.9796075e+00
   3.7400000e+00   1.4402637e+01
   3.7500000e+00   1.5284675e+01
   3.7600000e+00   6.9550266e+00
   3.7700000e+00  -5.1755261e+00
   3.7800000e+00  -1.2848197e+01
   3.7900000e+00  -1.0172830e+01
   3.8000000e+00  -4.5870349e-01
   3.8100000e+00   4.5259069e+00
   3.8200000e+00  -3.0187814e+00
   3.8300000e+00  -1.6902402e+01
   3.8400000e+00  -2.3948387e+01
   3.8500000e+00  -1.9368790e+01
   3.8600000e+00  -9.8542179e+00
   3.8700000e+00  -2.6003182e+00
   3.8800000e+00   1.8579142e+00
   3.8900000e+00   4.9777449e+00
   3.9000000e+00   5.3498349e+00
   3.9100000e+00   1.7413118e+00
   3.9200000e+00  -3.8615311e+00
   3.9300000e+00  -9.3841344e+00
   3.9400000e+00  -1.5165851e+01
   3.9500000e+00  -2.1029587e+01
   3.9600000e+00  -2.4556927e+01
   3.9700000e+00  -2.4500114e+01
   3.9800000e+00  -2.2446528e+01
   3.9900000e+00  -1.9361355e+01
   4.0000000e+00  -1.4380327e+01
   4.0100000e+00  -8.8083872e+00
   4.0200000e+00  -6.8696435e+00
   4.0300000e+00  -9.7400403e+00
   4.0400000e+00  -1.2563693e+01
   4.0500000e+00  -1.0482746e+01
   4.0600000e+00  -4.9903808e+00
   4.0700000e+00  -1.6824819e+00
   4.0800000e+00  -3.7871802e+00
   4.0900000e+00  -1.0047994e+01
   4.1000000e+00  -1.7009161e+01
   4.1100000e+00  -2.1030062e+01
   4.1200000e+00  -1.9361946e+01
   4.1300000e+00  -1.1857109e+01
   4.1400000e+00  -1.9685403e+00
   4.1500000e+00   5.0754953e+00
   4.1600000e+00   5.6458882e+00
   4.1700000e+00  -2.0369712e-01
   4.1800000e+00  -8.5769558e+00
   4.1900000e+00  -1.2910673e+01
   4.2000000e+00  -7.1802055e+00
   4.2100000e+00   9.0947633e+00
   4.2200000e+00   2.8459879e+01
   4.2300000e+00   4.0289949e+01
   4.2400000e+00   3.9495765e+01
   4.2500000e+00   2.9973240e+01
   4.2600000e+00   1.9393720e+01
   4.2700000e+00   1.2203945e+01
   4.2800000e+00   8.0129376e+00
   4.2900000e+00   4.5031205e+00
   4.3000000e+00   4.4795266e-01
   4.3100000e+00  -3.0052145e+00
   4.3200000e+00  -3.5031452e+00
   4.3300000e+00  -1.1816364e+00
   4.3400000e+00  -5.8900677e-01
   4.3500000e+00  -5.9909945e+00
   4.3600000e+00  -1.4556800e+01
   4.3700000e+00  -1.7685470e+01
   4.3800000e+00  -1.0375726e+01
   4.3900000e+00   3.4751962e+00
   4.4000000e+00   1.6140201e+01
   4.4100000e+00   2.3529735e+01
   4.4200000e+00   2.6242491e+01
   4.4300000e+00   2.6014141e+01
   4.4400000e+00   2.3615909e+01
   4.4500000e+00   1.9439981e+01
   4.4600000e+00   1.4576881e+01
   4.4700000e+00   1.0737120e+01
   4.4800000e+00   8.5687470e+00
   4.4900000e+00   6.2227312e+00
   4.5000000e+00   1.2696769e+00
   4.5100000e+00  -5.5440532e+00
   4.5200000e+00  -1.0646685e+01
   4.5300000e+00  -1.2326734e+01
   4.5400000e+00  -1.2203233e+01
   4.5500000e+00  -1.1176264e+01
   4.5600000e+00  -7.6111048e+00
   4.5700000e+00  -1.3973867e+00
   4.5800000e+00   3.6631442e+00
   4.5900000e+00   3.9608266e+00
   4.6000000e+00   1.6096960e-01
   4.6100000e+00  -4.4318838e+00
   4.6200000e+00  -7.3101571e+00
   4.6300000e+00  -7.5861257e+00
   4.6400000e+00  -5.8260316e+00
   4.6500000e+00  -3.9047197e+00
   4.6600000e+00  -3.1263722e+00
   4.6700000e+00  -2.5891358e+00
   4.6800000e+00  -1.1866535e+00
   4.6900000e+00   1.6612532e-01
   4.7000000e+00   8.5249067e-01
   4.7100000e+00   3.1595199e+00
   4.7200000e+00   9.1142545e+00
   4.7300000e+00   1.6115806e+01
   4.7400000e+00   1.9065557e+01
   4.7500000e+00   1.5920194e+01
   4.7600000e+00   8.6217931e+00
   4.7700000e+00  -6.0361925e-02
   4.7800000e+00  -8.0667593e+00
   4.7900000e+00  -1.3748320e+01
   4.8000000e+00  -1.6514933e+01
   4.8100000e+00  -1.7282665e+01
   4.8200000e+00  -1.7045143e+01
   4.8300000e+00  -1.5676276e+01
   4.8400000e+00  -1.2490100e+01
   4.8500000e+00  -6.9208207e+00
   4.8600000e+00   1.1482803e+00
   4.8700000e+00   1.0320439e+01
   4.8800000e+00   1.7543745e+01
   4.8900000e+00   2.0824751e+01
   4.9000000e+00   2.1430371e+01
   4.9100000e+00   2.1646386e+01
   4.9200000e+00   2.1446656e+01
   4.9300000e+00   1.9420045e+01
   4.9400000e+00   1.5655363e+01
   4.9500000e+00   1.1154620e+01
   4.9600000e+00   5.4013307e+00
   4.9700000e+00  -2.6581266e+00
   4.9800000e+00  -1.1457090e+01
   4.9900000e+00  -1.7107499e+01
   5.0000000e+00  -1.7277537e+01
   5.0100000e+00  -1.3334226e+01
   5.0200000e+00  -8.6998866e+00
   5.0300000e+00  -6.4783564e+00
   5.0400000e+00  -8.3922849e+00
   5.0500000e+00  -1.4062296e+01
   5.0600000e+00  -2.0611556e+01
   5.0700000e+00  -2.4370390e+01
   5.0800000e+00  -2.4266705e+01
   5.0900000e+00  -2.3137379e+01
   5.1000000e+00  -2.4660255e+01
   5.1100000e+00  -2.9149704e+01
   5.1200000e+00  -3.3340018e+01
   5.1300000e+00  -3.4057735e+01
   5.1400000e+00  -3.0776227e+01
   5.1500000e+00  -2.4658653e+01
   5.1600000e+00  -1.6994839e+01
   5.1700000e+00  -9.4003020e+00
   5.1800000e+00  -3.9246685e+00
   5.1900000e+00  -1.4992197e+00
   5.2000000e+00  -1.0616494e+00
   5.2100000e+00  -1.2462659e+00
   5.2200000e+00  -2.2194359e+00
   5.2300000e+00  -5.1290523e+00
   5.2400000e+00  -1.0534902e+01
   5.2500000e+00  -1.7809202e+01
   5.2600000e+00  -2.5139872e+01
   5.2700000e+00  -2.9940319e+01
   5.2800000e+00  -3.0544430e+01
   5.2900000e+00  -2.7879231e+01
   5.3000000e+00  -2.4296979e+01
   5.3100000e+00  -2.0598481e+01
   5.3200000e+00  -1.5682174e+01
   5.3300000e+00  -9.3678972e+00
   5.3400000e+00  -3.7029224e+00
   5.3500000e+00  -5.4887668e-01
   5.3600000e+00   7.2062540e-01
   5.3700000e+00   2.0270850e+00
   5.3800000e+00   3.9714162e+00
   5.3900000e+00   5.3264993e+00
   5.4000000e+00   4.6681247e+00
   5.4100000e+00   1.9400774e+00
   5.4200000e+00  -1.3532288e+00
   5.4300000e+00  -3.2823370e+00
   5.4400000e+00  -2.9138157e+00
   5.4500000e+00  -5.1608820e-01
   5.4600000e+00   3.4009560e+00
   5.4700000e+00   8.3148838e+00
   5.4800000e+00   1.2943754e+01
   5.4900000e+00   1.5918952e+01
   5.5000000e+00   1.7928910e+01
   5.5100000e+00   2.1425508e+01
   5.5200000e+00   2.7035350e+01
   5.5300000e+00   3.2022703e+01
   5.5400000e+00   3.3723713e+01
   5.5500000e+00   3.2787985e+01
   5.5600000e+00   3.1572237e+01
   5.5700000e+00   3.1210505e+01
   5.5800000e+00   3.1867618e+01
   5.5900000e+00   3.3804863e+01
   5.6000000e+00   3.6234581e+01
   5.6100000e+00   3.6990020e+01
   5.6200000e+00   3.5254407e+01
   5.6300000e+00   3.2916602e+01
   5.6400000e+00   3.1650730e+01
   5.6500000e+00   3.0569267e+01
   5.6600000e+00   2.8241116e+01
   5.6700000e+00   2.4966475e+01
   5.6800000e+00   2.1554606e+01
   5.6900000e+00   1.7833226e+01
   5.7000000e+00   1.3748218e+01
   5.7100000e+00   1.0101624e+01
   5.7200000e+00   7.0692742e+00
   5.7300000e+00   3.6945368e+00
   5.7400000e+00  -3.0758935e-01
   5.7500000e+00  -3.7941627e+00
   5.7600000e+00  -5.7384127e+00
   5.7700000e+00  -6.1982510e+00
   5.7800000e+00  -5.7513195e+00
   5.7900000e+00  -5.2417524e+00
   5.8000000e+00  -5.6358787e+00
   5.8100000e+00  -6.8694053e+00
   5.8200000e+00  -7.6766883e+00
   5.8300000e+00  -7.7209127e+00
   5.8400000e+00  -8.4835264e+00
   5.8500000e+00  -1.0673198e+01
   5.8600000e+00  -1.2454411e+01
   5.8700000e+00  -1.1846071e+01
   5.8800000e+00  -9.1608634e+00
   5.8900000e+00  -5.5170074e+00
   5.9000000e+00  -9.4909526e-01
   5.9100000e+00   4.0756009e+00
   5.9200000e+00   7.1884361e+00
   5.9300000e+00   6.5545430e+00
   5.9400000e+00   3.6566822e+00
   5.9500000e+00   1.6573131e+00
   5.9600000e+00   1.7013780e+00
   5.9700000e+00   2.3097954e+00
   5.9800000e+00   1.7356754e+00
   5.9900000e+00  -3.9925143e-01
   6.0000000e+00  -3.3576844e+00
   6.0100000e+00  -6.0895425e+00
   6.0200000e+00  -7.8993697e+00
   6.0300000e+00  -8.9074923e+00
   6.0400000e+00  -9.8306880e+00
   6.0500000e+00  -1.1152146e+01
   6.0600000e+00  -1.2576105e+01
   6.0700000e+00  -1.3215716e+01
   6.0800000e+00  -1.2343885e+01
   6.0900000e+00  -1.0422453e+01
   6.1000000e+00  -9.4644954e+00
   6.1100000e+00  -1.1589928e+01
   6.1200000e+00  -1.6690659e+01
   6.1300000e+00  -2.2018261e+01
   6.1400000e+00  -2.4639386e+01
   6.1500000e+00  -2.4122104e+01
   6.1600000e+00  -2.2594661e+01
   6.1700000e+00  -2.2466561e+01
   6.1800000e+00  -2.4234425e+01
   6.1900000e+00  -2.6179042e+01
   6.2000000e+00  -2.6065215e+01
   6.2100000e+00  -2.3340958e+01
   6.2200000e+00  -1.9682504e+01
   6.2300000e+00  -1.7331449e+01
   6.2400000e+00  -1.7124188e+01
   6.2500000e+00  -1.8172200e+01
   6.2600000e+00  -1.9031656e+01
   6.2700000e+00  -1.8960567e+01
   6.2800000e+00  -1.8233718e+01
   6.2900000e+00  -1.7374980e+01
   6.3000000e+00  -1.6358538e+01
   6.3100000e+00  -1.5126248e+01
   6.3200000e+00  -1.4632430e+01
   6.3300000e+00  -1.6011731e+01
   6.3400000e+00  -1.8339726e+01
   6.3500000e+00  -1.8803484e+01
   6.3600000e+00  -1.5972674e+01
   6.3700000e+00  -1.1364123e+01
   6.3800000e+00  -6.8046619e+00
   6.3900000e+00  -2.2182559e+00
   6.4000000e+00   2.4667886e+00
   6.4100000e+00   5.3767052e+00
   6.4200000e+00   5.0736459e+00
   6.4300000e+00   3.5962938e+00
   6.4400000e+00   4.7248737e+00
   6.4500000e+00   9.5479677e+00
   6.4600000e+00   1.5323363e+01
   6.4700000e+00   1.8666198e+01
   6.4800000e+00   1.9022086e+01
   6.4900000e+00   1.9014478e+01
   6.5000000e+00   2.1543240e+01
   6.5100000e+00   2.6470324e+01
   6.5200000e+00   3.0715632e+01
   6.5300000e+00   3.1915866e+01
   6.5400000e+00   3.0717366e+01
   6.5500000e+00   2.8756844e+01
   6.5600000e+00   2.6324197e+01
   6.5700000e+00   2.3547578e+01
   6.5800000e+00   2.1970381e+01
   6.5900000e+00   2.2829140e+01
   6.6000000e+00   2.4971683e+01
   6.6100000e+00   2.6140281e+01
   6.6200000e+00   2.5285600e+01
   6.6300000e+00   2.2689251e+01
   6.6400000e+00   1.9331270e+01
   6.6500000e+00   1.6871532e+01
   6.6600000e+00   1.6484840e+01
   6.6700000e+00   1.7165859e+01
   6.6800000e+00   1.6945995e+01
   6.6900000e+00   1.5788617e+01
   6.7000000e+00   1.5255656e+01
   6.7100000e+00   1.5753557e+01
   6.7200000e+00   1.6484187e+01
   6.7300000e+00   1.7399701e+01
   6.7400000e+00   1.8549733e+01
   6.7500000e+00   1.8450357e+01
   6.7600000e+00   1.6048938e+01
   6.7700000e+00   1.3256083e+01
   6.7800000e+00   1.2433921e+01
   6.7900000e+00   1.2540341e+01
   6.8000000e+00   1.1006568e+01
   6.8100000e+00   8.2038011e+00
   6.8200000e+00   6.5930651e+00
   6.8300000e+00   6.4401174e+00
   6.8400000e+00   5.7149273e+00
   6.8500000e+00   3.4773878e+00
   6.8600000e+00   4.3251667e-01
   6.8700000e+00  -3.0298229e+00
   6.8800000e+00  -6.6801296e+00
   6.8900000e+00  -9.2909884e+00
   6.9000000e+00  -1.0188991e+01
   6.9100000e+00  -1.1099087e+01
   6.9200000e+00  -1.4092702e+01
   6.9300000e+00  -1.8446180e+01
   6.9400000e+00  -2.1575032e+01
   6.9500000e+00  -2.2381489e+01
   6.9600000e+00  -2.2029223e+01
   6.9700000e+00  -2.2231167e+01
   6.9800000e+00  -2.4070305e+01
   6.9900000e+00  -2.7348318e+01
   7.0000000e+00  -2.9803596e+01
   7.0100000e+00  -2.8376502e+01
   7.0200000e+00  -2.2862753e+01
   7.0300000e+00  -1.7146104e+01
   7.0400000e+00  -1.5170913e+01
   7.0500000e+00  -1.6670657e+01
   7.0600000e+00  -1.8402156e+01
   7.0700000e+00  -1.8459828e+01
   7.0800000e+00  -1.7461254e+01
   7.0900000e+00  -1.6374462e+01
   7.1000000e+00  -1.5474317e+01
   7.1100000e+00  -1.5251037e+01
   7.1200000e+00  -1.6253882e+01
   7.1300000e+00  -1.7766959e+01
   7.1400000e+00  -1.8272953e+01
   7.1500000e+00  -1.7477884e+01
   7.1600000e+00  -1.6406318e+01
   7.1700000e+00  -1.5335896e+01
   7.1800000e+00  -1.3281835e+01
   7.1900000e+00  -9.9515329e+00
   7.2000000e+00  -6.6239160e+00
   7.2100000e+00  -4.3959371e+00
   7.2200000e+00  -2.8252545e+00
   7.2300000e+00  -9.7462447e-01
   7.2400000e+00   1.2185551e+00
   7.2500000e+00   3.0725478e+00
   7.2600000e+00   3.7356483e+00
   7.2700000e+00   2.4731433e+00
   7.2800000e+00  -4.8538093e-01
   7.2900000e+00  -3.2109390e+00
   7.3000000e+00  -3.4181104e+00
   7.3100000e+00  -9.0312981e-01
   7.3200000e+00   2.3455172e+00
   7.3300000e+00   4.7013326e+00
   7.3400000e+00   6.6001465e+00
   7.3500000e+00   9.4064206e+00
   7.3600000e+00   1.3392419e+01
   7.3700000e+00   1.7214019e+01
   7.3800000e+00   1.8993190e+01
   7.3900000e+00   1.7885043e+01
   7.4000000e+00   1.4970756e+01
   7.4100000e+00   1.2539692e+01
   7.4200000e+00   1.2184391e+01
   7.4300000e+00   1.3708065e+01
   7.4400000e+00   1.5853713e+01
   7.4500000e+00   1.7497889e+01
   7.4600000e+00   1.8047131e+01
   7.4700000e+00   1.7527748e+01
   7.4800000e+00   1.6737164e+01
   7.4900000e+00   1.6764438e+01
   7.5000000e+00   1.8021444e+01
   7.5100000e+00   2.0071566e+01
   7.5200000e+00   2.2327869e+01
   7.5300000e+00   2.4218308e+01
   7.5400000e+00   2.4695017e+01
   7.5500000e+00   2.2652903e+01
   7.5600000e+00   1.8338865e+01
   7.5700000e+00   1.3616981e+01
   7.5800000e+00   1.0331137e+01
   7.5900000e+00   8.8690562e+00
   7.6000000e+00   8.5208965e+00
   7.6100000e+00   8.5426227e+00
   7.6200000e+00   8.5195134e+00
   7.6300000e+00   8.3075825e+00
   7.6400000e+00   8.0677586e+00
   7.6500000e+00   7.9926095e+00
   7.6600000e+00   7.7178296e+00
   7.6700000e+00   6.3630298e+00
   7.6800000e+00   3.4614992e+00
   7.6900000e+00  -3.4621424e-01
   7.7000000e+00  -3.7506216e+00
   7.7100000e+00  -5.8594115e+00
   7.7200000e+00  -6.8489121e+00
   7.7300000e+00  -7.5196801e+00
   7.7400000e+00  -8.0575746e+00
   7.7500000e+00  -7.5104306e+00
   7.7600000e+00  -5.1804448e+00
   7.7700000e+00  -2.3771628e+00
   7.7800000e+00  -1.5884431e+00
   7.7900000e+00  -3.5115953e+00
   7.8000000e+00  -6.0192439e+00
   7.8100000e+00  -6.7118341e+00
   7.8200000e+00  -5.5392084e+00
   7.8300000e+00  -4.2252932e+00
   7.8400000e+00  -4.0743694e+00
   7.8500000e+00  -5.2101235e+00
   7.8600000e+00  -7.1659824e+00
   7.8700000e+00  -9.1913205e+00
   7.8800000e+00  -1.0384272e+01
   7.8900000e+00  -1.0388530e+01
   7.9000000e+00  -9.8187055e+00
   7.9100000e+00  -9.4833334e+00
   7.9200000e+00  -9.4160580e+00
   7.9300000e+00  -9.1009311e+00
   7.9400000e+00  -8.3343004e+00
   7.9500000e+00  -7.2993325e+00
   7.9600000e+00  -5.9679879e+00
   7.9700000e+00  -4.1052215e+00
   7.9800000e+00  -2.0411594e+00
   7.9900000e+00  -8.9612518e-01
   8.0000000e+00  -1.5135180e+00
   8.0100000e+00  -3.2722075e+00
   8.0200000e+00  -4.4051707e+00
   8.0300000e+00  -3.5991325e+00
   8.0400000e+00  -1.0559800e+00
   8.0500000e+00   1.9209757e+00
   8.0600000e+00   3.9436840e+00
   8.0700000e+00   4.1521459e+00
   8.0800000e+00   2.4641592e+00
   8.0900000e+00  -3.1689908e-01
   8.1000000e+00  -2.8551060e+00
   8.1100000e+00  -4.1627441e+00
   8.1200000e+00  -4.2526960e+00
   8.1300000e+00  -3.8722448e+00
   8.1400000e+00  -3.6611102e+00
   8.1500000e+00  -3.6840586e+00
   8.1600000e+00  -3.7012609e+00
   8.1700000e+00  -3.6159853e+00
   8.1800000e+00  -3.5183087e+00
   8.1900000e+00  -3.4717863e+00
   8.2000000e+00  -3.4276595e+00
   8.2100000e+00  -3.2169293e+00
   8.2200000e+00  -2.5342304e+00
   8.2300000e+00  -1.1925599e+00
   8.2400000e+00   4.4449265e-01
   8.2500000e+00   1.5784438e+00
   8.2600000e+00   1.6609404e+00
   8.2700000e+00   6.2179274e-01
   8.2800000e+00  -1.5147745e+00
   8.2900000e+00  -4.4536226e+00
   8.3000000e+00  -6.9027879e+00
   8.3100000e+00  -7.0144520e+00
   8.3200000e+00  -4.1787990e+00
   8.3300000e+00   7.5035514e-02
   8.3400000e+00   3.1852375e+00
   8.3500000e+00   3.2260191e+00
   8.3600000e+00  -1.7496769e-02
   8.3700000e+00  -4.5720660e+00
   8.3800000e+00  -7.2220782e+00
   8.3900000e+00  -6.2730860e+00
   8.4000000e+00  -3.3661772e+00
   8.4100000e+00  -1.5964246e+00
   8.4200000e+00  -2.2316999e+00
   8.4300000e+00  -4.2494807e+00
   8.4400000e+00  -6.2291331e+00
   8.4500000e+00  -7.2308786e+00
   8.4600000e+00  -6.5477227e+00
   8.4700000e+00  -4.2889217e+00
   8.4800000e+00  -1.9413667e+00
   8.4900000e+00  -1.0987885e+00
   8.5000000e+00  -1.9041542e+00
   8.5100000e+00  -3.4948775e+00
   8.5200000e+00  -5.2043542e+00
   8.5300000e+00  -6.5054969e+00
   8.5400000e+00  -6.7738076e+00
   8.5500000e+00  -6.1661235e+00
   8.5600000e+00  -5.9916725e+00
   8.5700000e+00  -7.2726316e+00
   8.5800000e+00  -9.3707489e+00
   8.5900000e+00  -1.0564334e+01
   8.6000000e+00  -9.5985047e+00
   8.6100000e+00  -6.5456656e+00
   8.6200000e+00  -2.7407851e+00
   8.6300000e+00   7.9330402e-02
   8.6400000e+00   1.1916178e+00
   8.6500000e+00   1.4538658e+00
   8.6600000e+00   2.0931588e+00
   8.6700000e+00   3.3696233e+00
   8.6800000e+00   4.9141374e+00
   8.6900000e+00   6.6064430e+00
   8.7000000e+00   8.2753450e+00
   8.7100000e+00   9.2326277e+00
   8.7200000e+00   9.1512466e+00
   8.7300000e+00   8.9815558e+00
   8.7400000e+00   1.0049445e+01
   8.7500000e+00   1.2453898e+01
   8.7600000e+00   1.4903311e+01
   8.7700000e+00   1.5728114e+01
   8.7800000e+00   1.3827975e+01
   8.7900000e+00   9.6358322e+00
   8.8000000e+00   5.6321958e+00
   8.8100000e+00   4.6055478e+00
   8.8200000e+00   6.5633366e+00
   8.8300000e+00   8.5804970e+00
   8.8400000e+00   8.4729483e+00
   8.8500000e+00   7.1326945e+00
   8.8600000e+00   6.3736311e+00
   8.8700000e+00   6.3945821e+00
   8.8800000e+00   6.7539033e+00
   8.8900000e+00   7.8814973e+00
   8.9000000e+00   9.7509463e+00
   8.9100000e+00   1.0744228e+01
   8.9200000e+00   9.8685360e+00
   8.9300000e+00   8.6808442e+00
   8.9400000e+00   9.0493083e+00
   8.9500000e+00   1.0319335e+01
   8.9600000e+00   1.0623180e+01
   8.9700000e+00   9.8196453e+00
   8.9800000e+00   9.2353433e+00
   8.9900000e+00   9.3519803e+00
   9.0000000e+00   9.4563435e+00
   9.0100000e+00   9.1226767e+00
   9.0200000e+00   8.7441206e+00
   9.0300000e+00   8.6975409e+00
   9.0400000e+00   8.6386672e+00
   9.0500000e+00   7.6223164e+00
   9.0600000e+00   4.9715683e+00
   9.0700000e+00   1.3416042e+00
   9.0800000e+00  -1.4381344e+00
   9.0900000e+00  -2.1452924e+00
   9.1000000e+00  -1.4018494e+00
   9.1100000e+00  -6.6221392e-01
   9.1200000e+00  -5.8089902e-01
   9.1300000e+00  -9.1105593e-01
   9.1400000e+00  -1.3134684e+00
   9.1500000e+00  -1.5998515e+00
   9.1600000e+00  -1.6360253e+00
   9.1700000e+00  -1.4954823e+00
   9.1800000e+00  -1.4330867e+00
   9.1900000e+00  -1.5246686e+00
   9.2000000e+00  -1.6057608e+00
   9.2100000e+00  -1.5699394e+00
   9.2200000e+00  -1.5031137e+00
   9.2300000e+00  -1.6903689e+00
   9.2400000e+00  -2.6471496e+00
   9.2500000e+00  -4.7745390e+00
   9.2600000e+00  -7.7887085e+00
   9.2700000e+00  -1.0853339e+01
   9.2800000e+00  -1.3313931e+01
   9.2900000e+00  -1.4904695e+01
   9.3000000e+00  -1.5443958e+01
   9.3100000e+00  -1.4959626e+01
   9.3200000e+00  -1.3976253e+01
   9.3300000e+00  -1.3086308e+01
   9.3400000e+00  -1.2324820e+01
   9.3500000e+00  -1.1321097e+01
   9.3600000e+00  -9.8129622e+00
   9.3700000e+00  -7.8111950e+00
   9.3800000e+00  -5.8007876e+00
   9.3900000e+00  -5.0130130e+00
   9.4000000e+00  -6.6642366e+00
   9.4100000e+00  -1.0383668e+01
   9.4200000e+00  -1.4060121e+01
   9.4300000e+00  -1.5742406e+01
   9.4400000e+00  -1.5219527e+01
   9.4500000e+00  -1.3615773e+01
   9.4600000e+00  -1.2187397e+01
   9.4700000e+00  -1.1718205e+01
   9.4800000e+00  -1.2281286e+01
   9.4900000e+00  -1.3103478e+01
   9.5000000e+00  -1.3099145e+01
   9.5100000e+00  -1.1934847e+01
   9.5200000e+00  -1.0367328e+01
   9.5300000e+00  -9.3506557e+00
   9.5400000e+00  -9.0014328e+00
   9.5500000e+00  -8.5857175e+00
   9.5600000e+00  -7.4519714e+00
   9.5700000e+00  -5.8786007e+00
   9.5800000e+00  -4.8529388e+00
   9.5900000e+00  -4.9073699e+00
   9.6000000e+00  -5.3487259e+00
   9.6100000e+00  -4.8520489e+00
   9.6200000e+00  -2.7431431e+00
   9.6300000e+00   3.9943861e-01
   9.6400000e+00   3.2600445e+00
   9.6500000e+00   4.7999675e+00
   9.6600000e+00   4.9517436e+00
   9.6700000e+00   4.4994939e+00
   9.6800000e+00   4.2515020e+00
   9.6900000e+00   4.3409702e+00
   9.7000000e+00   4.4145004e+00
   9.7100000e+00   4.3040570e+00
   9.7200000e+00   4.1848475e+00
   9.7300000e+00   4.1741276e+00
   9.7400000e+00   4.1656975e+00
   9.7500000e+00   4.0899797e+00
   9.7600000e+00   4.0257180e+00
   9.7700000e+00   3.9890488e+00
   9.7800000e+00   3.9190397e+00
   9.7900000e+00   4.0526895e+00
   9.8000000e+00   4.9859786e+00
   9.8100000e+00   6.8688942e+00
   9.8200000e+00   8.6291864e+00
   9.8300000e+00   8.6855209e+00
   9.8400000e+00   6.7292065e+00
   9.8500000e+00   4.2478892e+00
   9.8600000e+00   2.8959051e+00
   9.8700000e+00   2.8576526e+00
   9.8800000e+00   3.2171235e+00
   9.8900000e+00   3.3134282e+00
   9.9000000e+00   3.1481956e+00
   9.9100000e+00   2.9588838e+00
   9.9200000e+00   2.9353195e+00
   9.9300000e+00   3.0390634e+00
   9.9400000e+00   2.9837421e+00
   9.9500000e+00   2.8777836e+00
   9.9600000e+00   3.5258799e+00
   9.9700000e+00   5.0770312e+00
   9.9800000e+00   5.9493445e+00
   9.9900000e+00   4.7272113e+00
   1.0000000e+01   2.5964489e+00
   1.0010000e+01   1.7833171e+00
   1.0020000e+01   2.0028671e+00
   1.0030000e+01   1.0254121e+00
   1.0040000e+01  -1.3884836e+00
   1.0050000e+01  -2.9759870e+00
   1.0060000e+01  -2.6307072e+00
   1.0070000e+01  -1.7981419e+00
   1.0080000e+01  -1.7565141e+00
   1.0090000e+01  -2.0835754e+00
   1.0100000e+01  -2.3679209e+00
   1.0110000e+01  -3.0403081e+00
   1.0120000e+01  -3.8560570e+00
   1.0130000e+01  -3.6497677e+00
   1.0140000e+01  -2.2781510e+00
   1.0150000e+01  -1.1254287e+00
   1.0160000e+01  -1.1365753e+00
   1.0170000e+01  -1.6452812e+00
   1.0180000e+01  -1.4704819e+00
   1.0190000e+01  -1.8488150e-01
   1.0200000e+01   1.8417183e+00
   1.0210000e+01   3.9689837e+00
   1.0220000e+01   5.7763608e+00
   1.0230000e+01   7.2172764e+00
   1.0240000e+01   8.1356170e+00
   1.0250000e+01   7.9137824e+00
   1.0260000e+01   6.2451779e+00
   1.0270000e+01   3.9939173e+00
   1.0280000e+01   2.5027723e+00
   1.0290000e+01   2.2799077e+00
   1.0300000e+01   3.0210759e+00
   1.0310000e+01   4.3312775e+00
   1.0320000e+01   5.5226710e+00
   1.0330000e+01   5.4575460e+00
   1.0340000e+01   3.8373825e+00
   1.0350000e+01   2.0987958e+00
   1.0360000e+01   1.8091734e+00
   1.0370000e+01   2.5892945e+00
   1.0380000e+01   2.7184256e+00
   1.0390000e+01   1.4606157e+00
   1.0400000e+01  -2.3934969e-01
   1.0410000e+01  -1.2553894e+00
   1.0420000e+01  -1.5801248e+00
   1.0430000e+01  -1.8915996e+00
   1.0440000e+01  -2.2959264e+00
   1.0450000e+01  -1.9578972e+00
   1.0460000e+01  -2.0456132e-01
   1.0470000e+01   2.1927162e+00
   1.0480000e+01   3.5491898e+00
   1.0490000e+01   3.3788651e+00
   1.0500000e+01   3.1236347e+00
   1.0510000e+01   4.0904249e+00
   1.0520000e+01   5.4986444e+00
   1.0530000e+01   5.5803130e+00
   1.0540000e+01   3.9532691e+00
   1.0550000e+01   1.7377520e+00
   1.0560000e+01  -1.7820053e-01
   1.0570000e+01  -1.7461938e+00
   1.0580000e+01  -3.0293135e+00
   1.0590000e+01  -4.0958436e+00
   1.0600000e+01  -5.2560892e+00
   1.0610000e+01  -6.2737400e+00
   1.0620000e+01  -5.9624398e+00
   1.0630000e+01  -3.8704316e+00
   1.0640000e+01  -1.6319089e+00
   1.0650000e+01  -1.0960529e+00
   1.0660000e+01  -1.8203634e+00
   1.0670000e+01  -2.0959142e+00
   1.0680000e+01  -1.6600939e+00
   1.0690000e+01  -1.4684662e+00
   1.0700000e+01  -1.6038612e+00
   1.0710000e+01  -1.6581530e+00
   1.0720000e+01  -2.5341285e+00
   1.0730000e+01  -5.4066928e+00
   1.0740000e+01  -9.1793559e+00
   1.0750000e+01  -1.1291649e+01
   1.0760000e+01  -1.1001959e+01
   1.0770000e+01  -9.9342643e+00
   1.0780000e+01  -9.5402400e+00
   1.0790000e+01  -9.7251678e+00
   1.0800000e+01  -9.6757207e+00
   1.0810000e+01  -8.5871734e+00
   1.0820000e+01  -6.1085040e+00
   1.0830000e+01  -3.2882408e+00
   1.0840000e+01  -2.1782240e+00
   1.0850000e+01  -3.3363445e+00
   1.0860000e+01  -4.8801441e+00
   1.0870000e+01  -5.1043653e+00
   1.0880000e+01  -4.5281663e+00
   1.0890000e+01  -4.0882415e+00
   1.0900000e+01  -3.0691087e+00
   1.0910000e+01  -6.5019719e-01
   1.0920000e+01   1.8397013e+00
   1.0930000e+01   2.2200387e+00
   1.0940000e+01   3.6614031e-01
   1.0950000e+01  -1.6802101e+00
   1.0960000e+01  -2.1031955e+00
   1.0970000e+01  -8.2083557e-01
   1.0980000e+01   9.8755970e-01
   1.0990000e+01   2.0901638e+00
   1.1000000e+01   2.0929880e+00
   1.1010000e+01   1.4512892e+00
   1.1020000e+01   6.2714573e-01
   1.1030000e+01  -3.7928540e-01
   1.1040000e+01  -1.3271256e+00
   1.1050000e+01  -1.3010125e+00
   1.1060000e+01   1.5227226e-01
   1.1070000e+01   2.0351673e+00
   1.1080000e+01   3.0289734e+00
   1.1090000e+01   3.0606631e+00
   1.1100000e+01   2.7648207e+00
   1.1110000e+01   2.1314709e+00
   1.1120000e+01   9.8350567e-01
   1.1130000e+01   2.4291812e-01
   1.1140000e+01   1.3324615e+00
   1.1150000e+01   4.4600739e+00
   1.1160000e+01   8.3437310e+00
   1.1170000e+01   1.1260153e+01
   1.1180000e+01   1.1868535e+01
   1.1190000e+01   1.0000533e+01
   1.1200000e+01   7.4435813e+00
   1.1210000e+01   6.7805057e+00
   1.1220000e+01   8.3786794e+00
   1.1230000e+01   9.5796771e+00
   1.1240000e+01   7.9353060e+00
   1.1250000e+01   4.2217710e+00
   1.1260000e+01   1.2488690e+00
   1.1270000e+01   7.2439675e-01
   1.1280000e+01   2.2547563e+00
   1.1290000e+01   4.4411712e+00
   1.1300000e+01   5.9785704e+00
   1.1310000e+01   6.2811932e+00
   1.1320000e+01   5.6006741e+00
   1.1330000e+01   4.3117547e+00
   1.1340000e+01   2.5375956e+00
   1.1350000e+01   1.1420268e+00
   1.1360000e+01   1.9674423e+00
   1.1370000e+01   5.4995875e+00
   1.1380000e+01   9.1310947e+00
   1.1390000e+01   9.6627918e+00
   1.1400000e+01   7.1565045e+00
   1.1410000e+01   4.6065111e+00
   1.1420000e+01   4.0915282e+00
   1.1430000e+01   4.8846624e+00
   1.1440000e+01   5.2399891e+00
   1.1450000e+01   4.5326216e+00
   1.1460000e+01   3.4162665e+00
   1.1470000e+01   2.8610323e+00
   1.1480000e+01   3.2964858e+00
   1.1490000e+01   4.2685712e+00
   1.1500000e+01   4.8766805e+00
   1.1510000e+01   4.5761890e+00
   1.1520000e+01   3.3727090e+00
   1.1530000e+01   1.5308936e+00
   1.1540000e+01  -3.0864439e-01
   1.1550000e+01  -9.7924997e-01
   1.1560000e+01   3.3493371e-01
   1.1570000e+01   2.8636051e+00
   1.1580000e+01   4.5370357e+00
   1.1590000e+01   3.9236147e+00
   1.1600000e+01   1.6391385e+00
   1.1610000e+01  -4.4108366e-01
   1.1620000e+01  -1.1570668e+00
   1.1630000e+01  -8.8588391e-01
   1.1640000e+01  -5.4974371e-01
   1.1650000e+01  -5.1720621e-01
   1.1660000e+01  -8.3626650e-01
   1.1670000e+01  -1.8546981e+00
   1.1680000e+01  -3.7491187e+00
   1.1690000e+01  -5.7277468e+00
   1.1700000e+01  -6.5800539e+00
   1.1710000e+01  -5.9923428e+00
   1.1720000e+01  -4.7387586e+00
   1.1730000e+01  -3.7805339e+00
   1.1740000e+01  -3.6645185e+00
   1.1750000e+01  -4.3220496e+00
   1.1760000e+01  -4.8329460e+00
   1.1770000e+01  -3.9703128e+00
   1.1780000e+01  -1.7149039e+00
   1.1790000e+01   3.2899899e-01
   1.1800000e+01   7.0551058e-01
   1.1810000e+01  -3.2894207e-01
   1.1820000e+01  -1.5699491e+00
   1.1830000e+01  -2.2853622e+00
   1.1840000e+01  -2.1940590e+00
   1.1850000e+01  -1.1366601e+00
   1.1860000e+01   2.3988411e-01
   1.1870000e+01   4.3219823e-01
   1.1880000e+01  -1.2237773e+00
   1.1890000e+01  -3.6139854e+00
   1.1900000e+01  -5.4806194e+00
   1.1910000e+01  -6.9740006e+00
   1.1920000e+01  -8.5609678e+00
   1.1930000e+01  -9.4842441e+00
   1.1940000e+01  -8.6249470e+00
   1.1950000e+01  -6.2585206e+00
   1.1960000e+01  -3.9257635e+00
   1.1970000e+01  -2.9122829e+00
   1.1980000e+01  -3.2895456e+00
   1.1990000e+01  -3.9274358e+00
   1.2000000e+01  -3.3325615e+00
   1.2010000e+01  -1.1917877e+00
   1.2020000e+01   1.0549307e+00
   1.2030000e+01   2.0748433e+00
   1.2040000e+01   2.5009148e+00
   1.2050000e+01   3.5043150e+00
   1.2060000e+01   4.2994415e+00
   1.2070000e+01   3.2437535e+00
   1.2080000e+01   1.0426746e+00
   1.2090000e+01   4.3762472e-01
   1.2100000e+01   2.4918327e+00
   1.2110000e+01   5.2290000e+00
   1.2120000e+01   6.3459614e+00
   1.2130000e+01   5.5780405e+00
   1.2140000e+01   3.9268954e+00
   1.2150000e+01   2.0192020e+00
   1.2160000e+01   3.6172287e-02
   1.2170000e+01  -1.4779612e+00
   1.2180000e+01  -1.6186587e+00
   1.2190000e+01  -2.3842781e-01
   1.2200000e+01   1.1935063e+00
   1.2210000e+01   7.5223111e-01
   1.2220000e+01  -1.4486303e+00
   1.2230000e+01  -2.9654571e+00
   1.2240000e+01  -2.1010686e+00
   1.2250000e+01  -4.4489300e-02
   1.2260000e+01   1.2948922e+00
   1.2270000e+01   2.1162996e+00
   1.2280000e+01   3.5975939e+00
   1.2290000e+01   5.2942858e+00
   1.2300000e+01   5.8388313e+00
   1.2310000e+01   5.2627003e+00
   1.2320000e+01   4.5260351e+00
   1.2330000e+01   3.5536497e+00
   1.2340000e+01   1.7694468e+00
   1.2350000e+01  -7.8544349e-02
   1.2360000e+01  -6.1128900e-01
   1.2370000e+01   3.1816754e-02
   1.2380000e+01   4.4394871e-01
   1.2390000e+01   1.1424797e-01
   1.2400000e+01  -1.6551271e-01
   1.2410000e+01   4.0265948e-02
   1.2420000e+01   1.7044912e-01
   1.2430000e+01  -9.3820371e-03
   1.2440000e+01   4.1478467e-01
   1.2450000e+01   2.2221758e+00
   1.2460000e+01   4.4914782e+00
   1.2470000e+01   5.2474943e+00
   1.2480000e+01   3.7063849e+00
   1.2490000e+01   1.1576554e+00
   1.2500000e+01  -5.6849044e-01
   1.2510000e+01  -8.5745688e-01
   1.2520000e+01  -3.4538930e-01
   1.2530000e+01  -1.5427727e-02
   1.2540000e+01  -6.7780155e-01
   1.2550000e+01  -2.5371281e+00
   1.2560000e+01  -4.6830733e+00
   1.2570000e+01  -5.6917693e+00
   1.2580000e+01  -5.2534904e+00
   1.2590000e+01  -4.5237954e+00
   1.2600000e+01  -4.4826717e+00
   1.2610000e+01  -4.7955892e+00
   1.2620000e+01  -4.7537182e+00
   1.2630000e+01  -4.4481325e+00
   1.2640000e+01  -4.3564341e+00
   1.2650000e+01  -4.4463885e+00
   1.2660000e+01  -4.3929421e+00
   1.2670000e+01  -4.2150732e+00
   1.2680000e+01  -4.0190738e+00
   1.2690000e+01  -3.4456388e+00
   1.2700000e+01  -2.0923008e+00
   1.2710000e+01  -3.6260399e-01
   1.2720000e+01   7.8105835e-01
   1.2730000e+01   9.5905453e-01
   1.2740000e+01   6.9898273e-01
   1.2750000e+01   5.6555207e-01
   1.2760000e+01   5.8090715e-01
   1.2770000e+01   6.0875033e-01
   1.2780000e+01   6.5338711e-01
   1.2790000e+01   6.4277648e-01
   1.2800000e+01   5.2333176e-01
   1.2810000e+01   5.2160463e-01
   1.2820000e+01   6.1675024e-01
   1.2830000e+01   8.7214727e-02
   1.2840000e+01  -1.3722105e+00
   1.2850000e+01  -2.4992058e+00
   1.2860000e+01  -1.8316746e+00
   1.2870000e+01   6.4280160e-02
   1.2880000e+01   1.2406059e+00
   1.2890000e+01   1.0014209e+00
   1.2900000e+01   3.9597421e-01
   1.2910000e+01   3.3091219e-01
   1.2920000e+01   6.2553709e-01
   1.2930000e+01   7.5540554e-01
   1.2940000e+01   3.8163314e-01
   1.2950000e+01  -6.0039104e-01
   1.2960000e+01  -1.7888925e+00
   1.2970000e+01  -2.6142359e+00
   1.2980000e+01  -3.3968637e+00
   1.2990000e+01  -5.0724032e+00
   1.3000000e+01  -7.4592881e+00
   1.3010000e+01  -9.0605012e+00
   1.3020000e+01  -9.0140842e+00
   1.3030000e+01  -7.9290306e+00
   1.3040000e+01  -6.4975220e+00
   1.3050000e+01  -4.7619780e+00
   1.3060000e+01  -3.1133477e+00
   1.3070000e+01  -2.4912316e+00
   1.3080000e+01  -2.9490709e+00
   1.3090000e+01  -3.1467757e+00
   1.3100000e+01  -1.9821989e+00
   1.3110000e+01  -1.2459968e-01
   1.3120000e+01   6.5370257e-01
   1.3130000e+01  -4.6333285e-01
   1.3140000e+01  -2.3128155e+00
   1.3150000e+01  -3.0541431e+00
   1.3160000e+01  -2.3557805e+00
   1.3170000e+01  -1.6432872e+00
   1.3180000e+01  -2.0087094e+00
   1.3190000e+01  -2.8102523e+00
   1.3200000e+01  -2.9140601e+00
   1.3210000e+01  -2.3992799e+00
   1.3220000e+01  -2.2493798e+00
   1.3230000e+01  -3.0752874e+00
   1.3240000e+01  -4.7414658e+00
   1.3250000e+01  -6.4638228e+00
   1.3260000e+01  -6.8309073e+00
   1.3270000e+01  -4.7551642e+00
   1.3280000e+01  -1.0025237e+00
   1.3290000e+01   2.1480464e+00
   1.3300000e+01   3.2917470e+00
   1.3310000e+01   3.0887349e+00
   1.3320000e+01   2.7893851e+00
   1.3330000e+01   2.7358092e+00
   1.3340000e+01   2.8878644e+00
   1.3350000e+01   3.6876326e+00
   1.3360000e+01   5.4068093e+00
   1.3370000e+01   7.2204962e+00
   1.3380000e+01   7.8139764e+00
   1.3390000e+01   6.7377525e+00
   1.3400000e+01   4.7027150e+00
   1.3410000e+01   2.8046855e+00
   1.3420000e+01   1.8749383e+00
   1.3430000e+01   2.3170654e+00
   1.3440000e+01   3.9676794e+00
   1.3450000e+01   5.9635519e+00
   1.3460000e+01   7.1635783e+00
   1.3470000e+01   7.1182936e+00
   1.3480000e+01   6.5206261e+00
   1.3490000e+01   6.3066461e+00
   1.3500000e+01   6.3477140e+00
   1.3510000e+01   5.5811243e+00
   1.3520000e+01   3.6269677e+00
   1.3530000e+01   1.6208340e+00
   1.3540000e+01   8.7979456e-01
   1.3550000e+01   1.2642701e+00
   1.3560000e+01   1.6282760e+00
   1.3570000e+01   1.4828337e+00
   1.3580000e+01   1.2867413e+00
   1.3590000e+01   1.3438342e+00
   1.3600000e+01   1.4117873e+00
   1.3610000e+01   1.3570698e+00
   1.3620000e+01   1.3375149e+00
   1.3630000e+01   1.3579995e+00
   1.3640000e+01   1.3284734e+00
   1.3650000e+01   1.3281370e+00
   1.3660000e+01   1.1317696e+00
   1.3670000e+01   1.2973228e-02
   1.3680000e+01  -2.0591543e+00
   1.3690000e+01  -3.7098331e+00
   1.3700000e+01  -3.8152161e+00
   1.3710000e+01  -3.1404411e+00
   1.3720000e+01  -2.9493607e+00
   1.3730000e+01  -2.7702133e+00
   1.3740000e+01  -1.2886945e+00
   1.3750000e+01   1.0777171e+00
   1.3760000e+01   2.4379603e+00
   1.3770000e+01   2.1344839e+00
   1.3780000e+01   1.4372664e+00
   1.3790000e+01   1.4483238e+00
   1.3800000e+01   1.7767443e+00
   1.3810000e+01   1.4257191e+00
   1.3820000e+01  -1.5086753e-01
   1.3830000e+01  -2.8640706e+00
   1.3840000e+01  -5.8341632e+00
   1.3850000e+01  -7.4605129e+00
   1.3860000e+01  -6.6337350e+00
   1.3870000e+01  -4.1022031e+00
   1.3880000e+01  -2.0399706e+00
   1.3890000e+01  -1.9969014e+00
   1.3900000e+01  -3.4497867e+00
   1.3910000e+01  -4.4655286e+00
   1.3920000e+01  -3.8312347e+00
   1.3930000e+01  -2.4791251e+00
   1.3940000e+01  -2.4451284e+00
   1.3950000e+01  -4.3390514e+00
   1.3960000e+01  -6.5339289e+00
   1.3970000e+01  -7.2397503e+00
   1.3980000e+01  -6.5841805e+00
   1.3990000e+01  -5.9658963e+00
   1.4000000e+01  -6.0454036e+00
   1.4010000e+01  -6.2284672e+00
   1.4020000e+01  -5.6956955e+00
   1.4030000e+01  -4.2011013e+00
   1.4040000e+01  -2.1846081e+00
   1.4050000e+01  -6.0907146e-01
   1.4060000e+01  -2.5719157e-01
   1.4070000e+01  -8.4638642e-01
   1.4080000e+01  -1.4344110e+00
   1.4090000e+01  -1.8661002e+00
   1.4100000e+01  -2.8367696e+00
   1.4110000e+01  -4.2085792e+00
   1.4120000e+01  -4.5353851e+00
   1.4130000e+01  -3.0168262e+00
   1.4140000e+01  -7.8544964e-01
   1.4150000e+01   7.2440706e-01
   1.4160000e+01   1.6831122e+00
   1.4170000e+01   3.0583509e+00
   1.4180000e+01   4.8199679e+00
   1.4190000e+01   6.1374911e+00
   1.4200000e+01   6.6960151e+00
   1.4210000e+01   6.8022760e+00
   1.4220000e+01   6.7086308e+00
   1.4230000e+01   6.5423329e+00
   1.4240000e+01   6.3768028e+00
   1.4250000e+01   5.9551953e+00
   1.4260000e+01   4.9868781e+00
   1.4270000e+01   3.9100747e+00
   1.4280000e+01   3.5270827e+00
   1.4290000e+01   3.7971332e+00
   1.4300000e+01   3.9526882e+00
   1.4310000e+01   3.8043824e+00
   1.4320000e+01   3.8753790e+00
   1.4330000e+01   4.3204323e+00
   1.4340000e+01   4.7865992e+00
   1.4350000e+01   5.1764556e+00
   1.4360000e+01   5.5063681e+00
   1.4370000e+01   5.3266371e+00
   1.4380000e+01   4.3482899e+00
   1.4390000e+01   3.2634162e+00
   1.4400000e+01   2.9396547e+00
   1.4410000e+01   3.2495996e+00
   1.4420000e+01   3.5956152e+00
   1.4430000e+01   4.0143308e+00
   1.4440000e+01   4.8158959e+00
   1.4450000e+01   5.6408840e+00
   1.4460000e+01   5.8016548e+00
   1.4470000e+01   5.2329548e+00
   1.4480000e+01   4.3931445e+00
   1.4490000e+01   3.5524467e+00
   1.4500000e+01   2.8068496e+00
   1.4510000e+01   2.4626234e+00
   1.4520000e+01   2.6767858e+00
   1.4530000e+01   2.8087084e+00
   1.4540000e+01   1.8684735e+00
   1.4550000e+01  -1.4699270e-01
   1.4560000e+01  -1.9587831e+00
   1.4570000e+01  -2.4785240e+00
   1.4580000e+01  -2.0598747e+00
   1.4590000e+01  -1.7342699e+00
   1.4600000e+01  -1.7853596e+00
   1.4610000e+01  -1.8401219e+00
   1.4620000e+01  -1.7929134e+00
   1.4630000e+01  -1.7517132e+00
   1.4640000e+01  -1.6389755e+00
   1.4650000e+01  -1.7102239e+00
   1.4660000e+01  -2.7259695e+00
   1.4670000e+01  -4.6856659e+00
   1.4680000e+01  -6.2908241e+00
   1.4690000e+01  -6.5937305e+00
   1.4700000e+01  -6.0673023e+00
   1.4710000e+01  -5.1931537e+00
   1.4720000e+01  -3.5519816e+00
   1.4730000e+01  -1.3610951e+00
   1.4740000e+01  -1.1154760e-01
   1.4750000e+01  -4.2351928e-01
   1.4760000e+01  -1.0539852e+00
   1.4770000e+01  -1.2160681e+00
   1.4780000e+01  -1.9490964e+00
   1.4790000e+01  -3.9046551e+00
   1.4800000e+01  -5.6953794e+00
   1.4810000e+01  -5.8948052e+00
   1.4820000e+01  -5.1015237e+00
   1.4830000e+01  -4.7137868e+00
   1.4840000e+01  -4.9388619e+00
   1.4850000e+01  -5.0512926e+00
   1.4860000e+01  -4.5947555e+00
   1.4870000e+01  -3.6691932e+00
   1.4880000e+01  -2.8467898e+00
   1.4890000e+01  -2.9350952e+00
   1.4900000e+01  -3.9863881e+00
   1.4910000e+01  -4.8393811e+00
   1.4920000e+01  -4.5927577e+00
   1.4930000e+01  -3.9318279e+00
   1.4940000e+01  -3.8799005e+00
   1.4950000e+01  -4.0191364e+00
   1.4960000e+01  -3.3523738e+00
   1.4970000e+01  -2.2777282e+00
   1.4980000e+01  -2.1392835e+00
   1.4990000e+01  -3.1139291e+00
   1.5000000e+01  -3.9495583e+00
   1.5010000e+01  -3.7098157e+00
   1.5020000e+01  -2.6151089e+00
   1.5030000e+01  -1.2054987e+00
   1.5040000e+01   2.5837943e-01
   1.5050000e+01   1.4393200e+00
   1.5060000e+01   1.8692327e+00
   1.5070000e+01   1.5893443e+00
   1.5080000e+01   1.2774627e+00
   1.5090000e+01   1.3936773e+00
   1.5100000e+01   1.6133534e+00
   1.5110000e+01   1.5158632e+00
   1.5120000e+01   1.5124404e+00
   1.5130000e+01   2.4654393e+00
   1.5140000e+01   4.3856814e+00
   1.5150000e+01   6.1276359e+00
   1.5160000e+01   6.6583768e+00
   1.5170000e+01   6.1895045e+00
   1.5180000e+01   5.7096832e+00
   1.5190000e+01   5.7357337e+00
   1.5200000e+01   5.9350408e+00
   1.5210000e+01   5.8367129e+00
   1.5220000e+01   5.5573209e+00
   1.5230000e+01   5.6940863e+00
   1.5240000e+01   6.4923895e+00
   1.5250000e+01   7.2454182e+00
   1.5260000e+01   6.9262903e+00
   1.5270000e+01   5.6143913e+00
   1.5280000e+01   4.8087387e+00
   1.5290000e+01   5.8216170e+00
   1.5300000e+01   8.1296061e+00
   1.5310000e+01   9.8255390e+00
   1.5320000e+01   9.5891156e+00
   1.5330000e+01   7.8011807e+00
   1.5340000e+01   5.8097786e+00
   1.5350000e+01   4.5749382e+00
   1.5360000e+01   4.1621075e+00
   1.5370000e+01   4.1715827e+00
   1.5380000e+01   4.2530350e+00
   1.5390000e+01   4.2281502e+00
   1.5400000e+01   4.0725589e+00
   1.5410000e+01   3.9345603e+00
   1.5420000e+01   3.9444665e+00
   1.5430000e+01   3.9553798e+00
   1.5440000e+01   3.7960377e+00
   1.5450000e+01   3.6830506e+00
   1.5460000e+01   3.7245757e+00
   1.5470000e+01   3.0804445e+00
   1.5480000e+01   6.7593165e-01
   1.5490000e+01  -2.9767053e+00
   1.5500000e+01  -5.7921259e+00
   1.5510000e+01  -6.4516229e+00
   1.5520000e+01  -5.7616257e+00
   1.5530000e+01  -5.2470045e+00
   1.5540000e+01  -5.3663291e+00
   1.5550000e+01  -5.5538725e+00
   1.5560000e+01  -5.1745820e+00
   1.5570000e+01  -4.1027884e+00
   1.5580000e+01  -2.9792943e+00
   1.5590000e+01  -2.8508868e+00
   1.5600000e+01  -3.9321091e+00
   1.5610000e+01  -5.0956966e+00
   1.5620000e+01  -5.2879505e+00
   1.5630000e+01  -4.8164420e+00
   1.5640000e+01  -4.4319783e+00
   1.5650000e+01  -3.9961256e+00
   1.5660000e+01  -3.0914592e+00
   1.5670000e+01  -2.0950571e+00
   1.5680000e+01  -1.5022616e+00
   1.5690000e+01  -9.5163466e-01
   1.5700000e+01  -2.5172262e-02
   1.5710000e+01   7.2948229e-01
   1.5720000e+01   6.5611738e-01
   1.5730000e+01   1.8978000e-01
   1.5740000e+01   1.6880168e-01
   1.5750000e+01   4.8941333e-01
   1.5760000e+01   3.6446118e-01
   1.5770000e+01  -4.5692203e-01
   1.5780000e+01  -1.4575381e+00
   1.5790000e+01  -2.0718836e+00
   1.5800000e+01  -2.1351185e+00
   1.5810000e+01  -1.8529977e+00
   1.5820000e+01  -1.6391505e+00
   1.5830000e+01  -1.7331260e+00
   1.5840000e+01  -1.8265561e+00
   1.5850000e+01  -1.3764260e+00
   1.5860000e+01  -3.5862029e-01
   1.5870000e+01   6.2983329e-01
   1.5880000e+01   1.0513258e+00
   1.5890000e+01   9.1586919e-01
   1.5900000e+01   6.3061310e-01
   1.5910000e+01   5.9057945e-01
   1.5920000e+01   8.0097519e-01
   1.5930000e+01   8.5266279e-01
   1.5940000e+01   6.4758278e-01
   1.5950000e+01   1.0396288e+00
   1.5960000e+01   2.8342303e+00
   1.5970000e+01   5.0514369e+00
   1.5980000e+01   5.5554805e+00
   1.5990000e+01   3.9927517e+00
   1.6000000e+01   2.6367585e+00
   1.6010000e+01   3.3430027e+00
   1.6020000e+01   5.0724140e+00
   1.6030000e+01   5.7189344e+00
   1.6040000e+01   5.1217110e+00
   1.6050000e+01   4.6296247e+00
   1.6060000e+01   4.5513360e+00
   1.6070000e+01   3.8537349e+00
   1.6080000e+01   2.1520591e+00
   1.6090000e+01   4.5718034e-01
   1.6100000e+01  -2.5376855e-01
   1.6110000e+01  -1.6041431e-01
   1.6120000e+01   6.1390522e-03
   1.6130000e+01  -1.9365210e-02
   1.6140000e+01  -2.6970538e-02
   1.6150000e+01   2.2208885e-02
   1.6160000e+01  -2.0956936e-01
   1.6170000e+01  -9.7241999e-01
   1.6180000e+01  -2.0547735e+00
   1.6190000e+01  -3.0566642e+00
   1.6200000e+01  -3.8311649e+00
   1.6210000e+01  -4.4049389e+00
   1.6220000e+01  -4.6737489e+00
   1.6230000e+01  -4.5443028e+00
   1.6240000e+01  -4.2458749e+00
   1.6250000e+01  -4.1215664e+00
   1.6260000e+01  -4.1753887e+00
   1.6270000e+01  -4.1505915e+00
   1.6280000e+01  -3.9865061e+00
   1.6290000e+01  -3.8684272e+00
   1.6300000e+01  -3.8599097e+00
   1.6310000e+01  -3.8157756e+00
   1.6320000e+01  -3.6829504e+00
   1.6330000e+01  -3.5882917e+00
   1.6340000e+01  -3.5722771e+00
   1.6350000e+01  -3.5116503e+00
   1.6360000e+01  -3.3791392e+00
   1.6370000e+01  -3.3055965e+00
   1.6380000e+01  -3.3021486e+00
   1.6390000e+01  -3.2192132e+00
   1.6400000e+01  -3.0702995e+00
   1.6410000e+01  -3.0447340e+00
   1.6420000e+01  -3.0730125e+00
   1.6430000e+01  -2.7577941e+00
   1.6440000e+01  -1.9110003e+00
   1.6450000e+01  -8.6001407e-01
   1.6460000e+01  -1.4827999e-01
   1.6470000e+01  -1.9497859e-01
   1.6480000e+01  -1.0799997e+00
   1.6490000e+01  -2.2233022e+00
   1.6500000e+01  -2.5635406e+00
   1.6510000e+01  -1.6698590e+00
   1.6520000e+01  -3.5687014e-01
   1.6530000e+01   4.3882739e-01
   1.6540000e+01   8.7103457e-01
   1.6550000e+01   1.5279836e+00
   1.6560000e+01   2.3186357e+00
   1.6570000e+01   3.0146842e+00
   1.6580000e+01   4.0901457e+00
   1.6590000e+01   5.8038268e+00
   1.6600000e+01   7.1856443e+00
   1.6610000e+01   7.2378074e+00
   1.6620000e+01   6.5091888e+00
   1.6630000e+01   6.2229714e+00
   1.6640000e+01   6.4668827e+00
   1.6650000e+01   6.4964745e+00
   1.6660000e+01   6.2150705e+00
   1.6670000e+01   6.0254371e+00
   1.6680000e+01   5.6934464e+00
   1.6690000e+01   4.7135602e+00
   1.6700000e+01   3.5319941e+00
   1.6710000e+01   3.1200529e+00
   1.6720000e+01   3.4021879e+00
   1.6730000e+01   3.2564793e+00
   1.6740000e+01   2.1526574e+00
   1.6750000e+01   8.0032000e-01
   1.6760000e+01   9.3265452e-03
   1.6770000e+01  -2.1061096e-01
   1.6780000e+01  -1.5522363e-01
   1.6790000e+01   1.6715254e-01
   1.6800000e+01   7.2044241e-01
   1.6810000e+01   1.1403179e+00
   1.6820000e+01   1.1703282e+00
   1.6830000e+01   9.3073204e-01
   1.6840000e+01   4.7557930e-01
   1.6850000e+01  -3.4448776e-01
   1.6860000e+01  -1.2972187e+00
   1.6870000e+01  -1.7258465e+00
   1.6880000e+01  -1.4669434e+00
   1.6890000e+01  -1.1444761e+00
   1.6900000e+01  -1.1876491e+00
   1.6910000e+01  -1.3233933e+00
   1.6920000e+01  -1.4576360e+00
   1.6930000e+01  -2.1070679e+00
   1.6940000e+01  -3.2665397e+00
   1.6950000e+01  -3.7975417e+00
   1.6960000e+01  -2.9379864e+00
   1.6970000e+01  -1.7006198e+00
   1.6980000e+01  -1.6490971e+00
   1.6990000e+01  -2.7527001e+00
   1.7000000e+01  -3.5939374e+00
   1.7010000e+01  -3.4391317e+00
   1.7020000e+01  -2.9506773e+00
   1.7030000e+01  -2.8608449e+00
   1.7040000e+01  -3.0153704e+00
   1.7050000e+01  -2.9880802e+00
   1.7060000e+01  -2.8169181e+00
   1.7070000e+01  -2.7438940e+00
   1.7080000e+01  -2.7502759e+00
   1.7090000e+01  -2.6960270e+00
   1.7100000e+01  -2.6029228e+00
   1.7110000e+01  -2.5535096e+00
   1.7120000e+01  -2.5208358e+00
   1.7130000e+01  -2.4564272e+00
   1.7140000e+01  -2.3897125e+00
   1.7150000e+01  -2.3478098e+00
   1.7160000e+01  -2.3017765e+00
   1.7170000e+01  -2.2384294e+00
   1.7180000e+01  -2.1841131e+00
   1.7190000e+01  -2.1427243e+00
   1.7200000e+01  -2.0916605e+00
   1.7210000e+01  -2.0332235e+00
   1.7220000e+01  -1.9858556e+00
   1.7230000e+01  -1.9431515e+00
   1.7240000e+01  -1.8907832e+00
   1.7250000e+01  -1.8378267e+00
   1.7260000e+01  -1.7947328e+00
   1.7270000e+01  -1.7506606e+00
   1.7280000e+01  -1.6987608e+00
   1.7290000e+01  -1.6510967e+00
   1.7300000e+01  -1.6110763e+00
   1.7310000e+01  -1.5657319e+00
   1.7320000e+01  -1.5151194e+00
   1.7330000e+01  -1.4728149e+00
   1.7340000e+01  -1.4349862e+00
   1.7350000e+01  -1.3877891e+00
   1.7360000e+01  -1.3393825e+00
   1.7370000e+01  -1.3033314e+00
   1.7380000e+01  -1.2663895e+00
   1.7390000e+01  -1.2161585e+00
   1.7400000e+01  -1.1718125e+00
   1.7410000e+01  -1.1431586e+00
   1.7420000e+01  -1.1042692e+00
   1.7430000e+01  -1.0499705e+00
   1.7440000e+01  -1.0135036e+00
   1.7450000e+01  -9.9255283e-01
   1.7460000e+01  -9.4643217e-01
   1.7470000e+01  -8.8882047e-01
   1.7480000e+01  -8.6734487e-01
   1.7490000e+01  -8.5089458e-01
   1.7500000e+01  -7.8629661e-01
   1.7510000e+01  -7.3684397e-01
   1.7520000e+01  -7.5448961e-01
   1.7530000e+01  -6.3496003e-01
   1.7540000e+01  -6.6772397e-02
   1.7550000e+01   9.1255298e-01
   1.7560000e+01   1.8037301e+00
   1.7570000e+01   2.0406362e+00
   1.7580000e+01   1.4210317e+00
   1.7590000e+01   3.0382203e-01
   1.7600000e+01  -4.5397277e-01
   1.7610000e+01  -7.7590048e-02
   1.7620000e+01   1.2102266e+00
   1.7630000e+01   2.1184311e+00
   1.7640000e+01   1.6488726e+00
   1.7650000e+01   3.9628875e-01
   1.7660000e+01  -2.6203904e-02
   1.7670000e+01   1.1613731e+00
   1.7680000e+01   3.0941226e+00
   1.7690000e+01   4.3582487e+00
   1.7700000e+01   4.4654996e+00
   1.7710000e+01   4.0366120e+00
   1.7720000e+01   3.8258457e+00
   1.7730000e+01   3.9300878e+00
   1.7740000e+01   3.9896839e+00
   1.7750000e+01   3.8615127e+00
   1.7760000e+01   3.7563302e+00
   1.7770000e+01   3.7700068e+00
   1.7780000e+01   3.7313571e+00
   1.7790000e+01   3.6862085e+00
   1.7800000e+01   4.0381656e+00
   1.7810000e+01   4.7941465e+00
   1.7820000e+01   5.1340152e+00
   1.7830000e+01   4.4061363e+00
   1.7840000e+01   3.2567418e+00
   1.7850000e+01   2.9509318e+00
   1.7860000e+01   3.6593004e+00
   1.7870000e+01   4.2654296e+00
   1.7880000e+01   3.9638924e+00
   1.7890000e+01   3.2169568e+00
   1.7900000e+01   2.8490681e+00
   1.7910000e+01   2.9404604e+00
   1.7920000e+01   3.0561053e+00
   1.7930000e+01   3.0026534e+00
   1.7940000e+01   2.8903021e+00
   1.7950000e+01   2.8149712e+00
   1.7960000e+01   2.8082740e+00
   1.7970000e+01   2.8182505e+00
   1.7980000e+01   2.6248038e+00
   1.7990000e+01   2.1399775e+00
   1.8000000e+01   1.7744643e+00
   1.8010000e+01   1.9953565e+00
   1.8020000e+01   2.5599443e+00
   1.8030000e+01   2.7905686e+00
   1.8040000e+01   2.5611635e+00
   1.8050000e+01   2.3518296e+00
   1.8060000e+01   2.3857429e+00
   1.8070000e+01   2.4192934e+00
   1.8080000e+01   2.3472859e+00
   1.8090000e+01   2.2987132e+00
   1.8100000e+01   2.1328690e+00
   1.8110000e+01   1.5104556e+00
   1.8120000e+01   4.7663273e-01
   1.8130000e+01  -5.9374483e-01
   1.8140000e+01  -1.5359867e+00
   1.8150000e+01  -2.3367392e+00
   1.8160000e+01  -2.7577604e+00
   1.8170000e+01  -2.6314151e+00
   1.8180000e+01  -2.3136510e+00
   1.8190000e+01  -2.2624384e+00
   1.8200000e+01  -2.3956152e+00
   1.8210000e+01  -2.3761704e+00
   1.8220000e+01  -2.2359843e+00
   1.8230000e+01  -2.2077347e+00
   1.8240000e+01  -2.2436447e+00
   1.8250000e+01  -2.1839277e+00
   1.8260000e+01  -2.1085100e+00
   1.8270000e+01  -2.1202339e+00
   1.8280000e+01  -2.1058502e+00
   1.8290000e+01  -2.0174903e+00
   1.8300000e+01  -1.9973567e+00
   1.8310000e+01  -2.0210378e+00
   1.8320000e+01  -1.9338912e+00
   1.8330000e+01  -1.9775139e+00
   1.8340000e+01  -2.5718756e+00
   1.8350000e+01  -3.3686852e+00
   1.8360000e+01  -3.3705501e+00
   1.8370000e+01  -2.3650462e+00
   1.8380000e+01  -1.3955361e+00
   1.8390000e+01  -1.3258986e+00
   1.8400000e+01  -1.7397699e+00
   1.8410000e+01  -1.8177267e+00
   1.8420000e+01  -1.5569270e+00
   1.8430000e+01  -1.4553351e+00
   1.8440000e+01  -1.5676440e+00
   1.8450000e+01  -1.5794551e+00
   1.8460000e+01  -1.4595262e+00
   1.8470000e+01  -1.4219895e+00
   1.8480000e+01  -1.4627701e+00
   1.8490000e+01  -1.4318568e+00
   1.8500000e+01  -1.3682813e+00
   1.8510000e+01  -1.2967792e+00
   1.8520000e+01  -8.9101241e-01
   1.8530000e+01   9.4667170e-02
   1.8540000e+01   1.1136444e+00
   1.8550000e+01   1.1691571e+00
   1.8560000e+01   5.6301992e-02
   1.8570000e+01  -1.2436888e+00
   1.8580000e+01  -1.7127806e+00
   1.8590000e+01  -1.4197122e+00
   1.8600000e+01  -1.1264165e+00
   1.8610000e+01  -1.1749807e+00
   1.8620000e+01  -1.2894429e+00
   1.8630000e+01  -1.2440736e+00
   1.8640000e+01  -1.1643435e+00
   1.8650000e+01  -1.1570616e+00
   1.8660000e+01  -1.0149957e+00
   1.8670000e+01  -4.2099601e-01
   1.8680000e+01   6.3741463e-01
   1.8690000e+01   1.7116711e+00
   1.8700000e+01   2.2501800e+00
   1.8710000e+01   2.2048870e+00
   1.8720000e+01   2.1064856e+00
   1.8730000e+01   2.3181610e+00
   1.8740000e+01   2.4523882e+00
   1.8750000e+01   1.8998180e+00
   1.8760000e+01   7.0995846e-01
   1.8770000e+01  -4.9633405e-01
   1.8780000e+01  -1.2752548e+00
   1.8790000e+01  -1.5526284e+00
   1.8800000e+01  -1.2678041e+00
   1.8810000e+01  -3.7755581e-01
   1.8820000e+01   7.4289955e-01
   1.8830000e+01   1.3081093e+00
   1.8840000e+01   7.8730368e-01
   1.8850000e+01  -4.4950220e-01
   1.8860000e+01  -1.2733522e+00
   1.8870000e+01  -8.1360024e-01
   1.8880000e+01   5.4383112e-01
   1.8890000e+01   1.4226184e+00
   1.8900000e+01   9.3049238e-01
   1.8910000e+01  -4.1070218e-01
   1.8920000e+01  -1.4302848e+00
   1.8930000e+01  -1.6194763e+00
   1.8940000e+01  -1.3486756e+00
   1.8950000e+01  -1.1506400e+00
   1.8960000e+01  -1.2048866e+00
   1.8970000e+01  -1.3167489e+00
   1.8980000e+01  -1.1393547e+00
   1.8990000e+01  -6.2061855e-01
   1.9000000e+01  -2.6522346e-01
   1.9010000e+01  -5.5581013e-01
   1.9020000e+01  -1.1789247e+00
   1.9030000e+01  -1.4104548e+00
   1.9040000e+01  -1.1737699e+00
   1.9050000e+01  -1.0056927e+00
   1.9060000e+01  -1.0910952e+00
   1.9070000e+01  -1.1299505e+00
   1.9080000e+01  -1.0503523e+00
   1.9090000e+01  -1.0464633e+00
   1.9100000e+01  -1.0520498e+00
   1.9110000e+01  -9.6120779e-01
   1.9120000e+01  -1.1346441e+00
   1.9130000e+01  -1.8577070e+00
   1.9140000e+01  -2.5900476e+00
   1.9150000e+01  -2.6474867e+00
   1.9160000e+01  -2.3613001e+00
   1.9170000e+01  -2.6867118e+00
