   0.0000000e+00  -2.2179681e-01
   1.0000000e-02  -1.2297591e+00
   2.0000000e-02  -3.0382256e+00
   3.0000000e-02  -4.4882071e+00
   4.0000000e-02  -4.3061575e+00
   5.0000000e-02  -2.1056249e+00
   6.0000000e-02   1.3199606e+00
   7.0000000e-02   3.8525578e+00
   8.0000000e-02   3.4197092e+00
   9.0000000e-02   3.1425038e-01
   1.0000000e-01  -2.8827753e+00
   1.1000000e-01  -4.0687996e+00
   1.2000000e-01  -3.4086616e+00
   1.3000000e-01  -2.1773486e+00
   1.4000000e-01  -9.7951452e-01
   1.5000000e-01   1.2346395e-01
   1.6000000e-01   6.4146050e-01
   1.7000000e-01   1.0477370e-01
   1.8000000e-01  -7.7139269e-01
   1.9000000e-01  -6.5200077e-01
   2.0000000e-01   4.4543783e-01
   2.1000000e-01   9.4655057e-01
   2.2000000e-01   1.7630769e-01
   2.3000000e-01  -2.8941031e-01
   2.4000000e-01   8.4494665e-01
   2.5000000e-01   2.0028579e+00
   2.6000000e-01   1.0295451e+00
   2.7000000e-01  -9.1405808e-01
   2.8000000e-01  -9.5602629e-01
   2.9000000e-01   5.5381304e-01
   3.0000000e-01   6.0439380e-01
   3.1000000e-01  -1.0871675e+00
   3.2000000e-01  -1.6455056e+00
   3.3000000e-01  -3.4979090e-01
   3.4000000e-01   3.6748172e-01
   3.5000000e-01  -3.7804413e-02
   3.6000000e-01   8.1485791e-01
   3.7000000e-01   3.0951671e+00
   3.8000000e-01   3.6768742e+00
   3.9000000e-01   1.6607464e+00
   4.0000000e-01   4.3122679e-02
   4.1000000e-01   3.6482683e-01
   4.2000000e-01   5.1340891e-01
   4.3000000e-01  -6.7213607e-01
   4.4000000e-01  -1.2788124e+00
   4.5000000e-01  -3.5630872e-01
   4.6000000e-01   1.7537114e-01
   4.7000000e-01  -7.3472871e-01
   4.8000000e-01  -1.3065833e+00
   4.9000000e-01  -3.3233362e-01
   5.0000000e-01   5.9287634e-01
   5.1000000e-01  -6.3563263e-02
   5.2000000e-01  -1.1948840e+00
   5.3000000e-01  -1.0928461e+00
   5.4000000e-01  -2.4970654e-01
   5.5000000e-01  -2.6716299e-01
   5.6000000e-01  -8.7193854e-01
   5.7000000e-01  -3.5817081e-02
   5.8000000e-01   2.5733390e+00
   5.9000000e-01   4.1229582e+00
   6.0000000e-01   2.2480927e+00
   6.1000000e-01  -1.1055696e+00
   6.2000000e-01  -2.0080521e+00
   6.3000000e-01  -1.5261611e-01
   6.4000000e-01   9.7529726e-01
   6.5000000e-01  -2.8771539e-01
   6.6000000e-01  -1.4944360e+00
   6.7000000e-01  -5.6232377e-01
   6.8000000e-01   8.2026376e-01
   6.9000000e-01   3.3275447e-01
   7.0000000e-01  -1.1118448e+00
   7.1000000e-01  -1.2051542e+00
   7.2000000e-01  -8.1936193e-02
   7.3000000e-01   3.4593399e-01
   7.4000000e-01  -2.8030777e-01
   7.5000000e-01  -6.4367783e-01
   7.6000000e-01  -3.1445169e-01
   7.7000000e-01  -1.0184925e-01
   7.8000000e-01  -8.8219759e-02
   7.9000000e-01   5.1812898e-01
   8.0000000e-01   1.4260865e+00
   8.1000000e-01   1.1971678e+00
   8.2000000e-01  -3.0261816e-01
   8.3000000e-01  -1.2354861e+00
   8.4000000e-01  -5.0387335e-01
   8.5000000e-01   5.2749338e-01
   8.6000000e-01   2.9226241e-01
   8.7000000e-01  -5.0057708e-01
   8.8000000e-01  -3.7061841e-01
   8.9000000e-01   2.0409487e-01
   9.0000000e-01  -2.2851371e-01
   9.1000000e-01  -1.2186662e+00
   9.2000000e-01  -1.1300080e+00
   9.3000000e-01  -3.8272649e-01
   9.4000000e-01  -1.0569743e+00
   9.5000000e-01  -3.0058335e+00
   9.6000000e-01  -3.4464966e+00
   9.7000000e-01  -1.3511531e+00
   9.8000000e-01   7.0603756e-01
   9.9000000e-01   5.2214876e-01
   1.0000000e+00  -6.2540391e-01
   1.0100000e+00  -7.0315824e-01
   1.0200000e+00  -4.0948890e-01
   1.0300000e+00  -1.6921604e+00
   1.0400000e+00  -4.3793376e+00
   1.0500000e+00  -6.3888738e+00
   1.0600000e+00  -6.4442549e+00
   1.0700000e+00  -5.1557931e+00
   1.0800000e+00  -3.8784977e+00
   1.0900000e+00  -3.1942261e+00
   1.1000000e+00  -2.3120708e+00
   1.1100000e+00  -2.2205286e-01
   1.1200000e+00   2.2041002e+00
   1.1300000e+00   2.4881040e+00
   1.1400000e+00   9.0280240e-02
   1.1500000e+00  -1.9034274e+00
   1.1600000e+00  -6.9434291e-01
   1.1700000e+00   2.0035758e+00
   1.1800000e+00   2.2039137e+00
   1.1900000e+00  -7.4066914e-01
   1.2000000e+00  -3.3257715e+00
   1.2100000e+00  -2.5275004e+00
   1.2200000e+00   7.7481495e-01
   1.2300000e+00   3.4393644e+00
   1.2400000e+00   4.0029450e+00
   1.2500000e+00   4.0624482e+00
   1.2600000e+00   5.4699765e+00
   1.2700000e+00   7.1783137e+00
   1.2800000e+00   6.8899239e+00
   1.2900000e+00   5.3200780e+00
   1.3000000e+00   5.1829271e+00
   1.3100000e+00   5.7771998e+00
   1.3200000e+00   3.7012000e+00
   1.3300000e+00  -1.4144626e-01
   1.3400000e+00  -6.6640121e-01
   1.3500000e+00   2.5981131e+00
   1.3600000e+00   4.1965046e+00
   1.3700000e+00   2.4236984e+00
   1.3800000e+00   1.9856921e+00
   1.3900000e+00   4.1839809e+00
   1.4000000e+00   3.7208670e+00
   1.4100000e+00  -9.8033133e-01
   1.4200000e+00  -3.8410492e+00
   1.4300000e+00  -1.7843192e+00
   1.4400000e+00   5.9812262e-02
   1.4500000e+00  -1.9704843e+00
   1.4600000e+00  -4.2492827e+00
   1.4700000e+00  -3.6527626e+00
   1.4800000e+00  -2.7618362e+00
   1.4900000e+00  -3.7696463e+00
   1.5000000e+00  -4.4658456e+00
   1.5100000e+00  -3.0619176e+00
   1.5200000e+00  -1.1285676e+00
   1.5300000e+00  -2.0820726e-01
   1.5400000e+00  -1.8185929e-01
   1.5500000e+00  -8.4664739e-01
   1.5600000e+00  -1.2110898e+00
   1.5700000e+00   8.3775772e-01
   1.5800000e+00   4.6197678e+00
   1.5900000e+00   5.8083639e+00
   1.6000000e+00   2.7087380e+00
   1.6100000e+00  -9.6484479e-01
   1.6200000e+00  -2.1972160e+00
   1.6300000e+00  -2.3376083e+00
   1.6400000e+00  -2.4744905e+00
   1.6500000e+00  -9.9199043e-01
   1.6600000e+00   2.0818980e+00
   1.6700000e+00   3.9700482e+00
   1.6800000e+00   4.0851361e+00
   1.6900000e+00   4.6267138e+00
   1.7000000e+00   5.5404855e+00
   1.7100000e+00   4.7146006e+00
   1.7200000e+00   3.2177889e+00
   1.7300000e+00   4.0192851e+00
   1.7400000e+00   5.8145424e+00
   1.7500000e+00   4.7023055e+00
   1.7600000e+00   1.4470570e+00
   1.7700000e+00   3.9421233e-01
   1.7800000e+00   1.8305697e+00
   1.7900000e+00   2.1233269e+00
   1.8000000e+00   9.6604504e-01
   1.8100000e+00   1.9454748e+00
   1.8200000e+00   5.7987377e+00
   1.8300000e+00   8.8365681e+00
   1.8400000e+00   8.6541198e+00
   1.8500000e+00   7.0299255e+00
   1.8600000e+00   6.6707727e+00
   1.8700000e+00   8.1406496e+00
   1.8800000e+00   9.9847548e+00
   1.8900000e+00   1.0052167e+01
   1.9000000e+00   7.6407302e+00
   1.9100000e+00   5.1064301e+00
   1.9200000e+00   5.0899855e+00
   1.9300000e+00   6.0610774e+00
   1.9400000e+00   4.2837326e+00
   1.9500000e+00   1.4930613e-01
   1.9600000e+00  -2.1082584e+00
   1.9700000e+00  -1.1319647e+00
   1.9800000e+00   1.6893598e-01
   1.9900000e+00   2.3209289e-01
   2.0000000e+00   6.7010909e-01
   2.0100000e+00   1.9126082e+00
   2.0200000e+00   1.9957971e+00
   2.0300000e+00   5.3925842e-01
   2.0400000e+00  -3.9781399e-01
   2.0500000e+00  -6.4525417e-02
   2.0600000e+00   4.5688048e-02
   2.0700000e+00  -7.9053960e-01
   2.0800000e+00  -1.6530313e+00
   2.0900000e+00  -1.9551339e+00
   2.1000000e+00  -1.9020275e+00
   2.1100000e+00  -1.5323508e+00
   2.1200000e+00  -9.9313565e-01
   2.1300000e+00  -7.2907272e-01
   2.1400000e+00  -2.9244880e-01
   2.1500000e+00   1.4988524e+00
   2.1600000e+00   4.5123282e+00
   2.1700000e+00   7.1924259e+00
   2.1800000e+00   8.6914386e+00
   2.1900000e+00   9.1113642e+00
   2.2000000e+00   7.9916607e+00
   2.2100000e+00   4.9756291e+00
   2.2200000e+00   1.4056301e+00
   2.2300000e+00  -1.3250855e+00
   2.2400000e+00  -4.0577395e+00
   2.2500000e+00  -7.7720527e+00
   2.2600000e+00  -1.0798848e+01
   2.2700000e+00  -1.1377907e+01
   2.2800000e+00  -1.1102811e+01
   2.2900000e+00  -1.2104369e+01
   2.3000000e+00  -1.2760303e+01
   2.3100000e+00  -1.0411362e+01
   2.3200000e+00  -6.6799174e+00
   2.3300000e+00  -5.3564566e+00
   2.3400000e+00  -6.0538987e+00
   2.3500000e+00  -5.0775239e+00
   2.3600000e+00  -2.2001689e+00
   2.3700000e+00  -1.2799079e+00
   2.3800000e+00  -3.8190601e+00
   2.3900000e+00  -6.8234326e+00
   2.4000000e+00  -7.8277962e+00
   2.4100000e+00  -7.8905843e+00
   2.4200000e+00  -8.7326855e+00
   2.4300000e+00  -1.0215619e+01
   2.4400000e+00  -1.1441543e+01
   2.4500000e+00  -1.2021821e+01
   2.4600000e+00  -1.1909449e+01
   2.4700000e+00  -1.1355168e+01
   2.4800000e+00  -1.0606900e+01
   2.4900000e+00  -8.9768940e+00
   2.5000000e+00  -5.4885829e+00
   2.5100000e+00  -7.7009494e-01
   2.5200000e+00   3.4991797e+00
   2.5300000e+00   6.9022759e+00
   2.5400000e+00   9.7603868e+00
   2.5500000e+00   1.0972571e+01
   2.5600000e+00   9.4852671e+00
   2.5700000e+00   7.2203106e+00
   2.5800000e+00   7.0128350e+00
   2.5900000e+00   8.2690179e+00
   2.6000000e+00   8.1215396e+00
   2.6100000e+00   5.9523307e+00
   2.6200000e+00   3.3799602e+00
   2.6300000e+00   1.0401845e+00
   2.6400000e+00  -1.2496365e+00
   2.6500000e+00  -2.4674013e+00
   2.6600000e+00  -1.6623484e+00
   2.6700000e+00  -2.5778765e-02
   2.6800000e+00   7.9848465e-01
   2.6900000e+00   1.0346251e+00
   2.7000000e+00   1.4064026e+00
   2.7100000e+00   1.2459038e+00
   2.7200000e+00  -8.5494431e-03
   2.7300000e+00  -1.1367278e+00
   2.7400000e+00  -9.7171325e-01
   2.7500000e+00  -4.4271756e-01
   2.7600000e+00  -8.9993367e-01
   2.7700000e+00  -1.7814435e+00
   2.7800000e+00  -1.9144704e+00
   2.7900000e+00  -1.9537375e+00
   2.8000000e+00  -3.3618412e+00
   2.8100000e+00  -5.6412703e+00
   2.8200000e+00  -6.7453811e+00
   2.8300000e+00  -6.1948437e+00
   2.8400000e+00  -5.8390695e+00
   2.8500000e+00  -7.0670321e+00
   2.8600000e+00  -8.8726891e+00
   2.8700000e+00  -9.3615623e+00
   2.8800000e+00  -7.9713468e+00
   2.8900000e+00  -5.7092670e+00
   2.9000000e+00  -4.1089561e+00
   2.9100000e+00  -4.1052032e+00
   2.9200000e+00  -5.2204456e+00
   2.9300000e+00  -6.0198948e+00
   2.9400000e+00  -5.8837176e+00
   2.9500000e+00  -5.6324822e+00
   2.9600000e+00  -5.7240353e+00
   2.9700000e+00  -5.1689272e+00
   2.9800000e+00  -3.5892112e+00
   2.9900000e+00  -2.7252791e+00
   3.0000000e+00  -3.8811139e+00
   3.0100000e+00  -5.4391254e+00
   3.0200000e+00  -5.1591907e+00
   3.0300000e+00  -3.5241960e+00
   3.0400000e+00  -2.4997503e+00
   3.0500000e+00  -2.1543868e+00
   3.0600000e+00  -9.8601646e-01
   3.0700000e+00   9.9592330e-01
   3.0800000e+00   1.9801463e+00
   3.0900000e+00   1.1907556e+00
   3.1000000e+00  -1.3526087e-01
   3.1100000e+00  -9.7804252e-01
   3.1200000e+00  -1.7802691e+00
   3.1300000e+00  -2.6842609e+00
   3.1400000e+00  -2.2954864e+00
   3.1500000e+00   3.4575509e-01
   3.1600000e+00   3.7356933e+00
   3.1700000e+00   5.5303741e+00
   3.1800000e+00   5.4284606e+00
   3.1900000e+00   4.8364948e+00
   3.2000000e+00   4.5273611e+00
   3.2100000e+00   4.4351072e+00
   3.2200000e+00   4.7949371e+00
   3.2300000e+00   5.2167017e+00
   3.2400000e+00   3.5874304e+00
   3.2500000e+00  -1.1589621e+00
   3.2600000e+00  -5.8796439e+00
   3.2700000e+00  -6.3503591e+00
   3.2800000e+00  -3.2095083e+00
   3.2900000e+00  -1.0475185e+00
   3.3000000e+00  -1.8005122e+00
   3.3100000e+00  -2.9559367e+00
   3.3200000e+00  -2.3881964e+00
   3.3300000e+00  -1.1206968e+00
   3.3400000e+00  -6.6104585e-01
   3.3500000e+00  -9.0080975e-01
   3.3600000e+00  -1.5020635e+00
   3.3700000e+00  -2.5754596e+00
   3.3800000e+00  -3.3224857e+00
   3.3900000e+00  -2.5983510e+00
   3.4000000e+00  -1.1567459e+00
   3.4100000e+00  -8.0318937e-01
   3.4200000e+00  -1.3060695e+00
   3.4300000e+00  -5.8870780e-01
   3.4400000e+00   2.2130057e+00
   3.4500000e+00   6.0077750e+00
   3.4600000e+00   9.4284370e+00
   3.4700000e+00   1.1283858e+01
   3.4800000e+00   1.0508547e+01
   3.4900000e+00   7.9018823e+00
   3.5000000e+00   6.5596386e+00
   3.5100000e+00   8.2317290e+00
   3.5200000e+00   1.0749074e+01
   3.5300000e+00   1.1263428e+01
   3.5400000e+00   1.0046652e+01
   3.5500000e+00   8.7320559e+00
   3.5600000e+00   7.2125010e+00
   3.5700000e+00   5.0766088e+00
   3.5800000e+00   3.7363888e+00
   3.5900000e+00   4.1248751e+00
   3.6000000e+00   4.4644818e+00
   3.6100000e+00   3.1617542e+00
   3.6200000e+00   1.7602746e+00
   3.6300000e+00   2.3420383e+00
   3.6400000e+00   4.0684154e+00
   3.6500000e+00   4.8097074e+00
   3.6600000e+00   4.4191028e+00
   3.6700000e+00   4.2370943e+00
   3.6800000e+00   4.8043719e+00
   3.6900000e+00   5.7074064e+00
   3.7000000e+00   6.5002383e+00
   3.7100000e+00   6.6844032e+00
   3.7200000e+00   5.7900886e+00
   3.7300000e+00   4.0973652e+00
   3.7400000e+00   2.4470296e+00
   3.7500000e+00   1.1396098e+00
   3.7600000e+00  -2.5314766e-01
   3.7700000e+00  -1.9382513e+00
   3.7800000e+00  -3.3518310e+00
   3.7900000e+00  -3.8247424e+00
   3.8000000e+00  -3.5895774e+00
   3.8100000e+00  -3.4156186e+00
   3.8200000e+00  -2.9104026e+00
   3.8300000e+00  -6.3706411e-01
   3.8400000e+00   2.7797570e+00
   3.8500000e+00   3.7720102e+00
   3.8600000e+00   6.7782286e-01
   3.8700000e+00  -2.7559225e+00
   3.8800000e+00  -2.3483743e+00
   3.8900000e+00   3.9827270e-01
   3.9000000e+00   1.6324659e+00
   3.9100000e+00   2.0448153e+00
   3.9200000e+00   4.9508391e+00
   3.9300000e+00   9.5921478e+00
   3.9400000e+00   1.2125916e+01
   3.9500000e+00   1.1834989e+01
   3.9600000e+00   1.1167124e+01
   3.9700000e+00   1.0952869e+01
   3.9800000e+00   1.0198954e+01
   3.9900000e+00   9.4156088e+00
   4.0000000e+00   1.0194568e+01
   4.0100000e+00   1.2342341e+01
   4.0200000e+00   1.4232801e+01
   4.0300000e+00   1.5200626e+01
   4.0400000e+00   1.5899781e+01
   4.0500000e+00   1.6986351e+01
   4.0600000e+00   1.7999821e+01
   4.0700000e+00   1.7165025e+01
   4.0800000e+00   1.3229586e+01
   4.0900000e+00   7.9087301e+00
   4.1000000e+00   4.4251034e+00
   4.1100000e+00   3.2500816e+00
   4.1200000e+00   2.2253974e+00
   4.1300000e+00   9.4628725e-01
   4.1400000e+00   1.0548552e+00
   4.1500000e+00   2.0840980e+00
   4.1600000e+00   1.5798700e+00
   4.1700000e+00  -3.3970083e-01
   4.1800000e+00  -1.1403006e+00
   4.1900000e+00  -6.8947821e-01
   4.2000000e+00  -1.2108936e+00
   4.2100000e+00  -2.4920646e+00
   4.2200000e+00  -2.0307562e+00
   4.2300000e+00  -6.1587975e-02
   4.2400000e+00   3.0716880e-01
   4.2500000e+00  -1.6627880e+00
   4.2600000e+00  -3.2328279e+00
   4.2700000e+00  -2.9204291e+00
   4.2800000e+00  -2.7239451e+00
   4.2900000e+00  -4.8222917e+00
   4.3000000e+00  -8.7010065e+00
   4.3100000e+00  -1.2134188e+01
   4.3200000e+00  -1.3394698e+01
   4.3300000e+00  -1.2621050e+01
   4.3400000e+00  -1.1872740e+01
   4.3500000e+00  -1.2792976e+01
   4.3600000e+00  -1.3688968e+01
   4.3700000e+00  -1.1008803e+01
   4.3800000e+00  -4.7441528e+00
   4.3900000e+00   3.5715857e-01
   4.4000000e+00   1.0150724e+00
   4.4100000e+00  -6.2179087e-02
   4.4200000e+00   9.4997809e-01
   4.4300000e+00   2.5746654e+00
   4.4400000e+00   1.0881366e+00
   4.4500000e+00  -2.3477865e+00
   4.4600000e+00  -3.2859951e+00
   4.4700000e+00  -1.6379774e+00
   4.4800000e+00  -1.7847511e+00
   4.4900000e+00  -5.0526976e+00
   4.5000000e+00  -8.0256540e+00
   4.5100000e+00  -9.3379562e+00
   4.5200000e+00  -1.2282846e+01
   4.5300000e+00  -1.8576911e+01
   4.5400000e+00  -2.4738087e+01
   4.5500000e+00  -2.7227680e+01
   4.5600000e+00  -2.6656627e+01
   4.5700000e+00  -2.4366355e+01
   4.5800000e+00  -1.9218975e+01
   4.5900000e+00  -1.0881152e+01
   4.6000000e+00  -2.6499104e+00
   4.6100000e+00   2.6559021e+00
   4.6200000e+00   7.1368755e+00
   4.6300000e+00   1.4197480e+01
   4.6400000e+00   2.1907496e+01
   4.6500000e+00   2.4360866e+01
   4.6600000e+00   1.9680990e+01
   4.6700000e+00   1.2452479e+01
   4.6800000e+00   6.9525527e+00
   4.6900000e+00   1.8242950e+00
   4.7000000e+00  -5.9506728e+00
   4.7100000e+00  -1.4852450e+01
   4.7200000e+00  -2.0385819e+01
   4.7300000e+00  -2.1052139e+01
   4.7400000e+00  -1.8716121e+01
   4.7500000e+00  -1.4338544e+01
   4.7600000e+00  -7.8229199e+00
   4.7700000e+00  -1.2643475e+00
   4.7800000e+00   2.4006891e+00
   4.7900000e+00   3.8476463e+00
   4.8000000e+00   6.2049301e+00
   4.8100000e+00   9.5558432e+00
   4.8200000e+00   1.0837318e+01
   4.8300000e+00   9.4675040e+00
   4.8400000e+00   8.7603712e+00
   4.8500000e+00   1.0553517e+01
   4.8600000e+00   1.2247765e+01
   4.8700000e+00   1.1194208e+01
   4.8800000e+00   8.8550005e+00
   4.8900000e+00   7.9142726e+00
   4.9000000e+00   7.7746034e+00
   4.9100000e+00   6.2903452e+00
   4.9200000e+00   4.2609334e+00
   4.9300000e+00   4.3384431e+00
   4.9400000e+00   6.2841330e+00
   4.9500000e+00   7.3773976e+00
   4.9600000e+00   7.4521359e+00
   4.9700000e+00   9.2806291e+00
   4.9800000e+00   1.3355474e+01
   4.9900000e+00   1.6471859e+01
   5.0000000e+00   1.6488439e+01
   5.0100000e+00   1.4605823e+01
   5.0200000e+00   1.2024400e+01
   5.0300000e+00   8.1887998e+00
   5.0400000e+00   3.3096354e+00
   5.0500000e+00  -8.3125658e-01
   5.0600000e+00  -3.4393676e+00
   5.0700000e+00  -5.3259401e+00
   5.0800000e+00  -6.8446879e+00
   5.0900000e+00  -7.6340534e+00
   5.1000000e+00  -7.8347619e+00
   5.1100000e+00  -7.3201901e+00
   5.1200000e+00  -4.8959406e+00
   5.1300000e+00  -5.6591359e-01
   5.1400000e+00   2.7539202e+00
   5.1500000e+00   2.2083856e+00
   5.1600000e+00  -1.3432455e+00
   5.1700000e+00  -4.9991708e+00
   5.1800000e+00  -8.2337254e+00
   5.1900000e+00  -1.2634003e+01
   5.2000000e+00  -1.7396850e+01
   5.2100000e+00  -1.9022736e+01
   5.2200000e+00  -1.7122820e+01
   5.2300000e+00  -1.6695626e+01
   5.2400000e+00  -2.1432502e+01
   5.2500000e+00  -2.8138103e+01
   5.2600000e+00  -3.1999613e+01
   5.2700000e+00  -3.3780367e+01
   5.2800000e+00  -3.6035918e+01
   5.2900000e+00  -3.5858959e+01
   5.3000000e+00  -2.8955590e+01
   5.3100000e+00  -1.8293106e+01
   5.3200000e+00  -1.0625739e+01
   5.3300000e+00  -6.3537495e+00
   5.3400000e+00  -8.0660514e-01
   5.3500000e+00   6.2295673e+00
   5.3600000e+00   1.0508028e+01
   5.3700000e+00   1.1500582e+01
   5.3800000e+00   1.2629143e+01
   5.3900000e+00   1.4206281e+01
   5.4000000e+00   1.3285021e+01
   5.4100000e+00   9.9013908e+00
   5.4200000e+00   7.3923022e+00
   5.4300000e+00   7.0024187e+00
   5.4400000e+00   6.9925008e+00
   5.4500000e+00   6.3692768e+00
   5.4600000e+00   5.4200773e+00
   5.4700000e+00   3.3168348e+00
   5.4800000e+00  -1.0952154e+00
   5.4900000e+00  -6.4136708e+00
   5.5000000e+00  -9.5592850e+00
   5.5100000e+00  -9.5712772e+00
   5.5200000e+00  -8.4288173e+00
   5.5300000e+00  -8.1718358e+00
   5.5400000e+00  -8.8842469e+00
   5.5500000e+00  -9.4117097e+00
   5.5600000e+00  -8.5242312e+00
   5.5700000e+00  -5.2191573e+00
   5.5800000e+00   7.9661416e-01
   5.5900000e+00   8.4280827e+00
   5.6000000e+00   1.5695806e+01
   5.6100000e+00   2.0864955e+01
   5.6200000e+00   2.2293766e+01
   5.6300000e+00   1.8181021e+01
   5.6400000e+00   8.6506436e+00
   5.6500000e+00  -2.5820334e+00
   5.6600000e+00  -1.1270359e+01
   5.6700000e+00  -1.6780078e+01
   5.6800000e+00  -2.0670305e+01
   5.6900000e+00  -2.2829296e+01
   5.7000000e+00  -2.2744159e+01
   5.7100000e+00  -2.2804315e+01
   5.7200000e+00  -2.5540607e+01
   5.7300000e+00  -2.8711100e+01
   5.7400000e+00  -2.7924491e+01
   5.7500000e+00  -2.3152420e+01
   5.7600000e+00  -1.8019930e+01
   5.7700000e+00  -1.3796436e+01
   5.7800000e+00  -8.7494009e+00
   5.7900000e+00  -2.5837611e+00
   5.8000000e+00   2.6370589e+00
   5.8100000e+00   5.4357690e+00
   5.8200000e+00   5.8643244e+00
   5.8300000e+00   4.4483782e+00
   5.8400000e+00   2.1859461e+00
   5.8500000e+00   3.8382201e-01
   5.8600000e+00  -6.0239308e-01
   5.8700000e+00  -1.1820341e+00
   5.8800000e+00  -1.1705027e+00
   5.8900000e+00  -2.7669801e-01
   5.9000000e+00   8.1828113e-01
   5.9100000e+00   1.4389420e+00
   5.9200000e+00   1.5725616e+00
   5.9300000e+00   6.6160304e-01
   5.9400000e+00  -1.6707463e+00
   5.9500000e+00  -3.3267600e+00
   5.9600000e+00  -2.0372711e+00
   5.9700000e+00   4.1938545e-02
   5.9800000e+00  -9.6933413e-01
   5.9900000e+00  -3.7212602e+00
   6.0000000e+00  -3.3163918e+00
   6.0100000e+00   5.6911307e-01
   6.0200000e+00   3.7266982e+00
   6.0300000e+00   4.8656917e+00
   6.0400000e+00   6.0755923e+00
   6.0500000e+00   6.5355324e+00
   6.0600000e+00   3.1545140e+00
   6.0700000e+00  -2.5620918e+00
   6.0800000e+00  -5.3249901e+00
   6.0900000e+00  -3.9870664e+00
   6.1000000e+00  -2.4489752e+00
   6.1100000e+00  -3.0195978e+00
   6.1200000e+00  -4.9061141e+00
   6.1300000e+00  -8.5113910e+00
   6.1400000e+00  -1.4862587e+01
   6.1500000e+00  -2.0893712e+01
   6.1600000e+00  -2.1288527e+01
   6.1700000e+00  -1.5728031e+01
   6.1800000e+00  -9.2849259e+00
   6.1900000e+00  -4.8248158e+00
   6.2000000e+00   1.6333777e-02
   6.2100000e+00   6.8889898e+00
   6.2200000e+00   1.2740384e+01
   6.2300000e+00   1.4423903e+01
   6.2400000e+00   1.3666893e+01
   6.2500000e+00   1.4652554e+01
   6.2600000e+00   1.9078177e+01
   6.2700000e+00   2.5796249e+01
   6.2800000e+00   3.3241717e+01
   6.2900000e+00   4.0108622e+01
   6.3000000e+00   4.4983067e+01
   6.3100000e+00   4.6794565e+01
   6.3200000e+00   4.5019525e+01
   6.3300000e+00   3.9560296e+01
   6.3400000e+00   3.1642673e+01
   6.3500000e+00   2.4009077e+01
   6.3600000e+00   1.8571893e+01
   6.3700000e+00   1.4981381e+01
   6.3800000e+00   1.3025509e+01
   6.3900000e+00   1.4325896e+01
   6.4000000e+00   1.9190635e+01
   6.4100000e+00   2.3951627e+01
   6.4200000e+00   2.4751002e+01
   6.4300000e+00   2.2681239e+01
   6.4400000e+00   2.2173076e+01
   6.4500000e+00   2.5236414e+01
   6.4600000e+00   2.9865268e+01
   6.4700000e+00   3.3507747e+01
   6.4800000e+00   3.5879469e+01
   6.4900000e+00   3.8006067e+01
   6.5000000e+00   3.9735607e+01
   6.5100000e+00   3.9507580e+01
   6.5200000e+00   3.6852260e+01
   6.5300000e+00   3.3730184e+01
   6.5400000e+00   3.2294745e+01
   6.5500000e+00   3.2556857e+01
   6.5600000e+00   3.3346858e+01
   6.5700000e+00   3.3838100e+01
   6.5800000e+00   3.2903793e+01
   6.5900000e+00   2.9517754e+01
   6.6000000e+00   2.5343900e+01
   6.6100000e+00   2.3614503e+01
   6.6200000e+00   2.3796050e+01
   6.6300000e+00   2.1732444e+01
   6.6400000e+00   1.6845446e+01
   6.6500000e+00   1.3642421e+01
   6.6600000e+00   1.3747872e+01
   6.6700000e+00   1.2609868e+01
   6.6800000e+00   7.2416412e+00
   6.6900000e+00   1.3031087e+00
   6.7000000e+00  -1.0871072e+00
   6.7100000e+00  -1.3421877e+00
   6.7200000e+00  -2.6181800e+00
   6.7300000e+00  -4.4339987e+00
   6.7400000e+00  -4.4439531e+00
   6.7500000e+00  -2.4542861e+00
   6.7600000e+00  -1.4910716e-01
   6.7700000e+00   1.4901249e+00
   6.7800000e+00   3.4836569e+00
   6.7900000e+00   8.0384668e+00
   6.8000000e+00   1.5517324e+01
   6.8100000e+00   2.2444519e+01
   6.8200000e+00   2.5201880e+01
   6.8300000e+00   2.5422291e+01
   6.8400000e+00   2.8025235e+01
   6.8500000e+00   3.4054491e+01
   6.8600000e+00   3.9589120e+01
   6.8700000e+00   4.1875363e+01
   6.8800000e+00   4.2419653e+01
   6.8900000e+00   4.3467534e+01
   6.9000000e+00   4.5051539e+01
   6.9100000e+00   4.6332830e+01
   6.9200000e+00   4.7049393e+01
   6.9300000e+00   4.6816493e+01
   6.9400000e+00   4.4673133e+01
   6.9500000e+00   3.9862554e+01
   6.9600000e+00   3.2830366e+01
   6.9700000e+00   2.5550370e+01
   6.9800000e+00   1.9893361e+01
   6.9900000e+00   1.5303829e+01
   7.0000000e+00   1.0102570e+01
   7.0100000e+00   4.7828728e+00
   7.0200000e+00  -4.4467268e-02
   7.0300000e+00  -8.6832836e+00
   7.0400000e+00  -2.7125641e+01
   7.0500000e+00  -5.3635454e+01
   7.0600000e+00  -7.9024142e+01
   7.0700000e+00  -9.8071555e+01
   7.0800000e+00  -1.1419021e+02
   7.0900000e+00  -1.3108958e+02
   7.1000000e+00  -1.4689186e+02
   7.1100000e+00  -1.5883562e+02
   7.1200000e+00  -1.6753731e+02
   7.1300000e+00  -1.7453481e+02
   7.1400000e+00  -1.8053638e+02
   7.1500000e+00  -1.8663382e+02
   7.1600000e+00  -1.9269190e+02
   7.1700000e+00  -1.9519710e+02
   7.1800000e+00  -1.9125620e+02
   7.1900000e+00  -1.8350850e+02
   7.2000000e+00  -1.7679502e+02
   7.2100000e+00  -1.7173729e+02
   7.2200000e+00  -1.6584774e+02
   7.2300000e+00  -1.5904431e+02
   7.2400000e+00  -1.5360897e+02
   7.2500000e+00  -1.4964386e+02
   7.2600000e+00  -1.4430962e+02
   7.2700000e+00  -1.3577313e+02
   7.2800000e+00  -1.2560124e+02
   7.2900000e+00  -1.1641632e+02
   7.3000000e+00  -1.0841094e+02
   7.3100000e+00  -9.9817338e+01
   7.3200000e+00  -9.0723777e+01
   7.3300000e+00  -8.3954812e+01
   7.3400000e+00  -8.0973106e+01
   7.3500000e+00  -7.9909855e+01
   7.3600000e+00  -7.9820058e+01
   7.3700000e+00  -8.3046995e+01
   7.3800000e+00  -8.9962742e+01
   7.3900000e+00  -9.5816300e+01
   7.4000000e+00  -9.7367875e+01
   7.4100000e+00  -9.7959822e+01
   7.4200000e+00  -1.0083377e+02
   7.4300000e+00  -1.0233484e+02
   7.4400000e+00  -9.7189933e+01
   7.4500000e+00  -8.5651584e+01
   7.4600000e+00  -7.0408389e+01
   7.4700000e+00  -5.1802582e+01
   7.4800000e+00  -3.1173709e+01
   7.4900000e+00  -1.3433071e+01
   7.5000000e+00  -1.0975986e+00
   7.5100000e+00   9.1190975e+00
   7.5200000e+00   1.9220892e+01
   7.5300000e+00   2.5077297e+01
   7.5400000e+00   2.3191960e+01
   7.5500000e+00   1.6585864e+01
   7.5600000e+00   9.4085422e+00
   7.5700000e+00   1.0359504e+00
   7.5800000e+00  -1.0219030e+01
   7.5900000e+00  -2.2252426e+01
   7.6000000e+00  -3.1902602e+01
   7.6100000e+00  -3.8742879e+01
   7.6200000e+00  -4.3138756e+01
   7.6300000e+00  -4.3922083e+01
   7.6400000e+00  -4.0675446e+01
   7.6500000e+00  -3.5646465e+01
   7.6600000e+00  -3.0938042e+01
   7.6700000e+00  -2.5326301e+01
   7.6800000e+00  -1.5893410e+01
   7.6900000e+00  -2.5519960e+00
   7.7000000e+00   1.0739625e+01
   7.7100000e+00   2.0724455e+01
   7.7200000e+00   2.9979808e+01
   7.7300000e+00   4.4085038e+01
   7.7400000e+00   6.2974798e+01
   7.7500000e+00   7.9904828e+01
   7.7600000e+00   9.1915432e+01
   7.7700000e+00   1.0540446e+02
   7.7800000e+00   1.2566283e+02
   7.7900000e+00   1.4697622e+02
   7.8000000e+00   1.6139036e+02
   7.8100000e+00   1.7225940e+02
   7.8200000e+00   1.8935618e+02
   7.8300000e+00   2.1393487e+02
   7.8400000e+00   2.3842580e+02
   7.8500000e+00   2.5892173e+02
   7.8600000e+00   2.7864271e+02
   7.8700000e+00   2.9930645e+02
   7.8800000e+00   3.1675462e+02
   7.8900000e+00   3.2649854e+02
   7.9000000e+00   3.2929087e+02
   7.9100000e+00   3.2991414e+02
   7.9200000e+00   3.3126787e+02
   7.9300000e+00   3.2951860e+02
   7.9400000e+00   3.1726251e+02
   7.9500000e+00   2.9413083e+02
   7.9600000e+00   2.7038866e+02
   7.9700000e+00   2.5473235e+02
   7.9800000e+00   2.4280901e+02
   7.9900000e+00   2.2465180e+02
   8.0000000e+00   1.9880357e+02
   8.0100000e+00   1.7126568e+02
   8.0200000e+00   1.4497447e+02
   8.0300000e+00   1.1814211e+02
   8.0400000e+00   8.9518754e+01
   8.0500000e+00   5.9618769e+01
   8.0600000e+00   3.0245759e+01
   8.0700000e+00   5.7308502e+00
   8.0800000e+00  -9.9922392e+00
   8.0900000e+00  -1.8546954e+01
   8.1000000e+00  -2.3616437e+01
   8.1100000e+00  -2.2863224e+01
   8.1200000e+00  -1.0695230e+01
   8.1300000e+00   1.1739219e+01
   8.1400000e+00   3.7372141e+01
   8.1500000e+00   6.3017070e+01
   8.1600000e+00   9.0457193e+01
   8.1700000e+00   1.1946911e+02
   8.1800000e+00   1.4719828e+02
   8.1900000e+00   1.7209442e+02
   8.2000000e+00   1.9261091e+02
   8.2100000e+00   2.0601077e+02
   8.2200000e+00   2.1290931e+02
   8.2300000e+00   2.1697931e+02
   8.2400000e+00   2.1661005e+02
   8.2500000e+00   2.0518020e+02
   8.2600000e+00   1.8319051e+02
   8.2700000e+00   1.5975367e+02
   8.2800000e+00   1.3786434e+02
   8.2900000e+00   1.1055184e+02
   8.3000000e+00   7.7006673e+01
   8.3100000e+00   4.8357821e+01
   8.3200000e+00   3.0119181e+01
   8.3300000e+00   1.3595938e+01
   8.3400000e+00  -6.8137724e+00
   8.3500000e+00  -2.3364738e+01
   8.3600000e+00  -3.2126079e+01
   8.3700000e+00  -4.4366361e+01
   8.3800000e+00  -6.7969391e+01
   8.3900000e+00  -9.1713660e+01
   8.4000000e+00  -1.0213947e+02
   8.4100000e+00  -1.0395268e+02
   8.4200000e+00  -1.0955722e+02
   8.4300000e+00  -1.1886051e+02
   8.4400000e+00  -1.2368967e+02
   8.4500000e+00  -1.2435303e+02
   8.4600000e+00  -1.2874189e+02
   8.4700000e+00  -1.3967343e+02
   8.4800000e+00  -1.5300834e+02
   8.4900000e+00  -1.6545100e+02
   8.5000000e+00  -1.7758371e+02
   8.5100000e+00  -1.9087302e+02
   8.5200000e+00  -2.0510310e+02
   8.5300000e+00  -2.1784175e+02
   8.5400000e+00  -2.2643044e+02
   8.5500000e+00  -2.3154613e+02
   8.5600000e+00  -2.3616338e+02
   8.5700000e+00  -2.3987468e+02
   8.5800000e+00  -2.3904135e+02
   8.5900000e+00  -2.3375166e+02
   8.6000000e+00  -2.2836589e+02
   8.6100000e+00  -2.2425985e+02
   8.6200000e+00  -2.1887461e+02
   8.6300000e+00  -2.1129930e+02
   8.6400000e+00  -2.0059164e+02
   8.6500000e+00  -1.8056282e+02
   8.6600000e+00  -1.4633006e+02
   8.6700000e+00  -1.0432682e+02
   8.6800000e+00  -6.5972830e+01
   8.6900000e+00  -3.4435770e+01
   8.7000000e+00  -7.7351094e+00
   8.7100000e+00   1.0172889e+01
   8.7200000e+00   1.3903931e+01
   8.7300000e+00   8.1571687e+00
   8.7400000e+00   2.8327800e+00
   8.7500000e+00   3.2471323e-01
   8.7600000e+00  -2.8004819e+00
   8.7700000e+00  -7.0973361e+00
   8.7800000e+00  -1.1861430e+01
   8.7900000e+00  -1.8865562e+01
   8.8000000e+00  -2.7844988e+01
   8.8100000e+00  -3.6249406e+01
   8.8200000e+00  -4.7381785e+01
   8.8300000e+00  -6.7760106e+01
   8.8400000e+00  -9.3740926e+01
   8.8500000e+00  -1.1432753e+02
   8.8600000e+00  -1.2896390e+02
   8.8700000e+00  -1.4605396e+02
   8.8800000e+00  -1.6160054e+02
   8.8900000e+00  -1.5804869e+02
   8.9000000e+00  -1.2873650e+02
   8.9100000e+00  -8.5869069e+01
   8.9200000e+00  -4.0579290e+01
   8.9300000e+00   6.9901463e+00
   8.9400000e+00   5.4375144e+01
   8.9500000e+00   9.2198877e+01
   8.9600000e+00   1.1865452e+02
   8.9700000e+00   1.4369906e+02
   8.9800000e+00   1.7372551e+02
   8.9900000e+00   2.0390703e+02
   9.0000000e+00   2.2913646e+02
   9.0100000e+00   2.5156639e+02
   9.0200000e+00   2.7345656e+02
   9.0300000e+00   2.9165601e+02
   9.0400000e+00   3.0358359e+02
   9.0500000e+00   3.1181551e+02
   9.0600000e+00   3.1785921e+02
   9.0700000e+00   3.1551649e+02
   9.0800000e+00   2.9469222e+02
   9.0900000e+00   2.4967905e+02
   9.1000000e+00   1.8115005e+02
   9.1100000e+00   9.3522197e+01
   9.1200000e+00  -4.2402570e+00
   9.1300000e+00  -9.6892999e+01
   9.1400000e+00  -1.6980777e+02
   9.1500000e+00  -2.2036746e+02
   9.1600000e+00  -2.5733541e+02
   9.1700000e+00  -2.8744876e+02
   9.1800000e+00  -3.0894267e+02
   9.1900000e+00  -3.1988052e+02
   9.2000000e+00  -3.2544687e+02
   9.2100000e+00  -3.3306557e+02
   9.2200000e+00  -3.4388447e+02
   9.2300000e+00  -3.5076166e+02
   9.2400000e+00  -3.4340777e+02
   9.2500000e+00  -3.1731142e+02
   9.2600000e+00  -2.7865509e+02
   9.2700000e+00  -2.3701232e+02
   9.2800000e+00  -1.9409147e+02
   9.2900000e+00  -1.4683803e+02
   9.3000000e+00  -1.0030920e+02
   9.3100000e+00  -6.6121511e+01
   9.3200000e+00  -4.7381081e+01
   9.3300000e+00  -3.7334243e+01
   9.3400000e+00  -3.3522421e+01
   9.3500000e+00  -3.9710032e+01
   9.3600000e+00  -5.3258320e+01
   9.3700000e+00  -6.4844987e+01
   9.3800000e+00  -7.1293419e+01
   9.3900000e+00  -7.5413287e+01
   9.4000000e+00  -7.4413912e+01
   9.4100000e+00  -6.2325496e+01
   9.4200000e+00  -4.2460920e+01
   9.4300000e+00  -2.4459642e+01
   9.4400000e+00  -1.0762237e+01
   9.4500000e+00   2.5970034e+00
   9.4600000e+00   1.5112652e+01
   9.4700000e+00   2.2979284e+01
   9.4800000e+00   2.7920090e+01
   9.4900000e+00   3.4812060e+01
   9.5000000e+00   4.3230793e+01
   9.5100000e+00   4.9232013e+01
   9.5200000e+00   5.2710990e+01
   9.5300000e+00   5.6891729e+01
   9.5400000e+00   6.2743996e+01
   9.5500000e+00   6.7742203e+01
   9.5600000e+00   6.8571154e+01
   9.5700000e+00   6.3841945e+01
   9.5800000e+00   5.5611996e+01
   9.5900000e+00   4.7130293e+01
   9.6000000e+00   3.7485872e+01
   9.6100000e+00   2.1892411e+01
   9.6200000e+00  -1.2495559e-01
   9.6300000e+00  -2.1546422e+01
   9.6400000e+00  -3.6468687e+01
   9.6500000e+00  -4.6868468e+01
   9.6600000e+00  -5.6753165e+01
   9.6700000e+00  -6.4762180e+01
   9.6800000e+00  -6.7252401e+01
   9.6900000e+00  -6.4307993e+01
   9.7000000e+00  -5.7829665e+01
   9.7100000e+00  -4.6782856e+01
   9.7200000e+00  -2.8666168e+01
   9.7300000e+00  -3.8498109e+00
   9.7400000e+00   2.4717648e+01
   9.7500000e+00   5.4614382e+01
   9.7600000e+00   8.4003152e+01
   9.7700000e+00   1.0974072e+02
   9.7800000e+00   1.2826804e+02
   9.7900000e+00   1.3848698e+02
   9.8000000e+00   1.4248330e+02
   9.8100000e+00   1.4386608e+02
   9.8200000e+00   1.4566861e+02
   9.8300000e+00   1.4806773e+02
   9.8400000e+00   1.4741388e+02
   9.8500000e+00   1.3930452e+02
   9.8600000e+00   1.2350347e+02
   9.8700000e+00   1.0444532e+02
   9.8800000e+00   8.6365409e+01
   9.8900000e+00   6.9704179e+01
   9.9000000e+00   5.3268914e+01
   9.9100000e+00   3.7817029e+01
   9.9200000e+00   2.5461532e+01
   9.9300000e+00   1.7000020e+01
   9.9400000e+00   1.1996124e+01
   9.9500000e+00   1.0473821e+01
   9.9600000e+00   1.2476828e+01
   9.9700000e+00   1.6484244e+01
   9.9800000e+00   2.0128969e+01
   9.9900000e+00   2.2649886e+01
   1.0000000e+01   2.5286758e+01
   1.0010000e+01   2.9050081e+01
   1.0020000e+01   3.3684701e+01
   1.0030000e+01   3.9264746e+01
   1.0040000e+01   4.6728541e+01
   1.0050000e+01   5.5753602e+01
   1.0060000e+01   6.4083748e+01
   1.0070000e+01   7.0329849e+01
   1.0080000e+01   7.5684233e+01
   1.0090000e+01   8.1434805e+01
   1.0100000e+01   8.6452729e+01
   1.0110000e+01   8.8742388e+01
   1.0120000e+01   8.8105627e+01
   1.0130000e+01   8.5727547e+01
   1.0140000e+01   8.1941246e+01
   1.0150000e+01   7.5326755e+01
   1.0160000e+01   6.3748436e+01
   1.0170000e+01   4.6661418e+01
   1.0180000e+01   2.6834437e+01
   1.0190000e+01   8.4070880e+00
   1.0200000e+01  -7.4005954e+00
   1.0210000e+01  -2.2313910e+01
   1.0220000e+01  -3.5889425e+01
   1.0230000e+01  -4.3904262e+01
   1.0240000e+01  -4.3870159e+01
   1.0250000e+01  -3.8766949e+01
   1.0260000e+01  -3.2782811e+01
   1.0270000e+01  -2.6241832e+01
   1.0280000e+01  -1.7284796e+01
   1.0290000e+01  -6.0570356e+00
   1.0300000e+01   5.5523324e+00
   1.0310000e+01   1.6833732e+01
   1.0320000e+01   2.8507640e+01
   1.0330000e+01   4.0538497e+01
   1.0340000e+01   5.1233039e+01
   1.0350000e+01   5.8733255e+01
   1.0360000e+01   6.2976809e+01
   1.0370000e+01   6.5743984e+01
   1.0380000e+01   6.8310846e+01
   1.0390000e+01   6.9417087e+01
   1.0400000e+01   6.6428457e+01
   1.0410000e+01   5.8171670e+01
   1.0420000e+01   4.5749930e+01
   1.0430000e+01   3.1178008e+01
   1.0440000e+01   1.6081140e+01
   1.0450000e+01   9.6022347e-01
   1.0460000e+01  -1.4880570e+01
   1.0470000e+01  -3.1864923e+01
   1.0480000e+01  -4.8757382e+01
   1.0490000e+01  -6.4043899e+01
   1.0500000e+01  -7.7774434e+01
   1.0510000e+01  -8.9651891e+01
   1.0520000e+01  -9.6440505e+01
   1.0530000e+01  -9.4949755e+01
   1.0540000e+01  -8.6971991e+01
   1.0550000e+01  -7.7000514e+01
   1.0560000e+01  -6.5558365e+01
   1.0570000e+01  -4.9898232e+01
   1.0580000e+01  -3.1014964e+01
   1.0590000e+01  -1.3798792e+01
   1.0600000e+01   2.0277612e-01
   1.0610000e+01   1.3374135e+01
   1.0620000e+01   2.4297721e+01
   1.0630000e+01   2.7018177e+01
   1.0640000e+01   2.0538097e+01
   1.0650000e+01   1.1557620e+01
   1.0660000e+01   4.0687149e+00
   1.0670000e+01  -6.5412042e+00
   1.0680000e+01  -2.4201857e+01
   1.0690000e+01  -4.3854025e+01
   1.0700000e+01  -5.8373620e+01
   1.0710000e+01  -6.7927896e+01
   1.0720000e+01  -7.6131956e+01
   1.0730000e+01  -8.2045210e+01
   1.0740000e+01  -8.2778289e+01
   1.0750000e+01  -8.0268151e+01
   1.0760000e+01  -7.8741340e+01
   1.0770000e+01  -7.7498173e+01
   1.0780000e+01  -7.1949765e+01
   1.0790000e+01  -6.0671133e+01
   1.0800000e+01  -4.6397421e+01
   1.0810000e+01  -3.0566088e+01
   1.0820000e+01  -1.1749494e+01
   1.0830000e+01   9.7164322e+00
   1.0840000e+01   2.9518681e+01
   1.0850000e+01   4.3706559e+01
   1.0860000e+01   5.3037362e+01
   1.0870000e+01   6.1159036e+01
   1.0880000e+01   6.9635513e+01
   1.0890000e+01   7.6504592e+01
   1.0900000e+01   7.9357544e+01
   1.0910000e+01   7.8156631e+01
   1.0920000e+01   7.4582649e+01
   1.0930000e+01   6.9661316e+01
   1.0940000e+01   6.2525151e+01
   1.0950000e+01   5.1001437e+01
   1.0960000e+01   3.3617773e+01
   1.0970000e+01   1.1897253e+01
   1.0980000e+01  -9.6836858e+00
   1.0990000e+01  -2.7150320e+01
   1.1000000e+01  -4.0203541e+01
   1.1010000e+01  -5.0936260e+01
   1.1020000e+01  -6.0083492e+01
   1.1030000e+01  -6.6414802e+01
   1.1040000e+01  -6.9692254e+01
   1.1050000e+01  -7.1759910e+01
   1.1060000e+01  -7.3650451e+01
   1.1070000e+01  -7.3702137e+01
   1.1080000e+01  -7.0094227e+01
   1.1090000e+01  -6.3465006e+01
   1.1100000e+01  -5.5421194e+01
   1.1110000e+01  -4.6439435e+01
   1.1120000e+01  -3.7217296e+01
   1.1130000e+01  -3.0066974e+01
   1.1140000e+01  -2.6412021e+01
   1.1150000e+01  -2.4407686e+01
   1.1160000e+01  -2.1570364e+01
   1.1170000e+01  -1.8234949e+01
   1.1180000e+01  -1.5557642e+01
   1.1190000e+01  -1.1863796e+01
   1.1200000e+01  -4.8855383e+00
   1.1210000e+01   3.5056685e+00
   1.1220000e+01   9.2259388e+00
   1.1230000e+01   1.2301100e+01
   1.1240000e+01   1.6772160e+01
   1.1250000e+01   2.3952433e+01
   1.1260000e+01   3.0461727e+01
   1.1270000e+01   3.4396068e+01
   1.1280000e+01   3.8708898e+01
   1.1290000e+01   4.5552908e+01
   1.1300000e+01   5.1606650e+01
   1.1310000e+01   5.3191181e+01
   1.1320000e+01   5.2162082e+01
   1.1330000e+01   5.1482754e+01
   1.1340000e+01   4.8472665e+01
   1.1350000e+01   3.9047498e+01
   1.1360000e+01   2.6124093e+01
   1.1370000e+01   1.6400163e+01
   1.1380000e+01   1.0295151e+01
   1.1390000e+01   2.8849149e+00
   1.1400000e+01  -6.1522344e+00
   1.1410000e+01  -1.2113082e+01
   1.1420000e+01  -1.4753671e+01
   1.1430000e+01  -1.9281923e+01
   1.1440000e+01  -2.6841646e+01
   1.1450000e+01  -3.2468637e+01
   1.1460000e+01  -3.3888348e+01
   1.1470000e+01  -3.4173792e+01
   1.1480000e+01  -3.4180161e+01
   1.1490000e+01  -3.0646730e+01
   1.1500000e+01  -2.3977970e+01
   1.1510000e+01  -2.0017225e+01
   1.1520000e+01  -2.1483512e+01
   1.1530000e+01  -2.4615871e+01
   1.1540000e+01  -2.6133175e+01
   1.1550000e+01  -2.6392593e+01
   1.1560000e+01  -2.4330505e+01
   1.1570000e+01  -1.6880443e+01
   1.1580000e+01  -5.0964837e+00
   1.1590000e+01   6.1392816e+00
   1.1600000e+01   1.5872399e+01
   1.1610000e+01   2.7836667e+01
   1.1620000e+01   4.2385197e+01
   1.1630000e+01   5.4590514e+01
   1.1640000e+01   6.1997112e+01
   1.1650000e+01   6.7784489e+01
   1.1660000e+01   7.4575484e+01
   1.1670000e+01   8.1142297e+01
   1.1680000e+01   8.6628106e+01
   1.1690000e+01   9.2271247e+01
   1.1700000e+01   9.7547559e+01
   1.1710000e+01   9.9576868e+01
   1.1720000e+01   9.7442597e+01
   1.1730000e+01   9.2656773e+01
   1.1740000e+01   8.4541474e+01
   1.1750000e+01   6.9835221e+01
   1.1760000e+01   4.8661496e+01
   1.1770000e+01   2.6911944e+01
   1.1780000e+01   1.0228378e+01
   1.1790000e+01  -1.4200038e+00
   1.1800000e+01  -1.0737803e+01
   1.1810000e+01  -1.7646004e+01
   1.1820000e+01  -2.0320866e+01
   1.1830000e+01  -1.9718297e+01
   1.1840000e+01  -1.8988184e+01
   1.1850000e+01  -1.9116374e+01
   1.1860000e+01  -1.8688737e+01
   1.1870000e+01  -1.7162948e+01
   1.1880000e+01  -1.4678057e+01
   1.1890000e+01  -9.5777553e+00
   1.1900000e+01  -4.6610889e-01
   1.1910000e+01   9.7810659e+00
   1.1920000e+01   1.6600316e+01
   1.1930000e+01   2.0075340e+01
   1.1940000e+01   2.3947014e+01
   1.1950000e+01   2.8502186e+01
   1.1960000e+01   2.9739832e+01
   1.1970000e+01   2.6015463e+01
   1.1980000e+01   2.0298932e+01
   1.1990000e+01   1.4871619e+01
   1.2000000e+01   8.5135516e+00
   1.2010000e+01   4.0912605e-01
   1.2020000e+01  -7.2092524e+00
   1.2030000e+01  -1.2164201e+01
   1.2040000e+01  -1.4697953e+01
   1.2050000e+01  -1.4777680e+01
   1.2060000e+01  -1.0329091e+01
   1.2070000e+01  -6.9351355e-01
   1.2080000e+01   1.0941674e+01
   1.2090000e+01   2.1158506e+01
   1.2100000e+01   2.9832093e+01
   1.2110000e+01   3.7472676e+01
   1.2120000e+01   4.1757958e+01
   1.2130000e+01   4.0331278e+01
   1.2140000e+01   3.5391003e+01
   1.2150000e+01   3.1638116e+01
   1.2160000e+01   3.0405262e+01
   1.2170000e+01   2.9276247e+01
   1.2180000e+01   2.6763311e+01
   1.2190000e+01   2.3797912e+01
   1.2200000e+01   2.1097652e+01
   1.2210000e+01   1.8450828e+01
   1.2220000e+01   1.6442624e+01
   1.2230000e+01   1.5998721e+01
   1.2240000e+01   1.6086259e+01
   1.2250000e+01   1.4191338e+01
   1.2260000e+01   9.6624421e+00
   1.2270000e+01   4.9897121e+00
   1.2280000e+01   2.8315077e+00
   1.2290000e+01   2.6416197e+00
   1.2300000e+01   1.2937533e+00
   1.2310000e+01  -3.2836024e+00
   1.2320000e+01  -1.0031077e+01
   1.2330000e+01  -1.6349247e+01
   1.2340000e+01  -2.1072512e+01
   1.2350000e+01  -2.5353499e+01
   1.2360000e+01  -3.0737477e+01
   1.2370000e+01  -3.7154716e+01
   1.2380000e+01  -4.3344773e+01
   1.2390000e+01  -4.8484968e+01
   1.2400000e+01  -5.2207837e+01
   1.2410000e+01  -5.3410764e+01
   1.2420000e+01  -5.0872827e+01
   1.2430000e+01  -4.5569954e+01
   1.2440000e+01  -4.0455186e+01
   1.2450000e+01  -3.6799646e+01
   1.2460000e+01  -3.2823509e+01
   1.2470000e+01  -2.7417216e+01
   1.2480000e+01  -2.2527256e+01
   1.2490000e+01  -1.9715596e+01
   1.2500000e+01  -1.7374795e+01
   1.2510000e+01  -1.3943281e+01
   1.2520000e+01  -1.0704351e+01
   1.2530000e+01  -8.6621824e+00
   1.2540000e+01  -5.9157984e+00
   1.2550000e+01  -8.6629477e-01
   1.2560000e+01   5.1023659e+00
   1.2570000e+01   1.0402287e+01
   1.2580000e+01   1.5405110e+01
   1.2590000e+01   1.9919639e+01
   1.2600000e+01   2.1898809e+01
   1.2610000e+01   2.0326662e+01
   1.2620000e+01   1.6338494e+01
   1.2630000e+01   1.0703741e+01
   1.2640000e+01   3.4159182e+00
   1.2650000e+01  -4.1821118e+00
   1.2660000e+01  -1.0375331e+01
   1.2670000e+01  -1.5799903e+01
   1.2680000e+01  -2.1720247e+01
   1.2690000e+01  -2.6559990e+01
   1.2700000e+01  -2.7892601e+01
   1.2710000e+01  -2.6818052e+01
   1.2720000e+01  -2.6518158e+01
   1.2730000e+01  -2.7321432e+01
   1.2740000e+01  -2.6920468e+01
   1.2750000e+01  -2.4871832e+01
   1.2760000e+01  -2.3219858e+01
   1.2770000e+01  -2.2713697e+01
   1.2780000e+01  -2.1626156e+01
   1.2790000e+01  -1.8776810e+01
   1.2800000e+01  -1.5375512e+01
   1.2810000e+01  -1.3321484e+01
   1.2820000e+01  -1.3127582e+01
   1.2830000e+01  -1.3826127e+01
   1.2840000e+01  -1.4042715e+01
   1.2850000e+01  -1.3203247e+01
   1.2860000e+01  -1.2353216e+01
   1.2870000e+01  -1.3260275e+01
   1.2880000e+01  -1.5803270e+01
   1.2890000e+01  -1.7322382e+01
   1.2900000e+01  -1.6140657e+01
   1.2910000e+01  -1.4377463e+01
   1.2920000e+01  -1.4953726e+01
   1.2930000e+01  -1.7235598e+01
   1.2940000e+01  -1.8631431e+01
   1.2950000e+01  -1.9191516e+01
   1.2960000e+01  -2.0995392e+01
   1.2970000e+01  -2.3885272e+01
   1.2980000e+01  -2.5790895e+01
   1.2990000e+01  -2.6743685e+01
   1.3000000e+01  -2.8487908e+01
   1.3010000e+01  -3.0544077e+01
   1.3020000e+01  -3.0796941e+01
   1.3030000e+01  -2.9555599e+01
   1.3040000e+01  -2.8880387e+01
   1.3050000e+01  -2.8255386e+01
   1.3060000e+01  -2.5061143e+01
   1.3070000e+01  -1.9493437e+01
   1.3080000e+01  -1.5428342e+01
   1.3090000e+01  -1.5657542e+01
   1.3100000e+01  -1.8700167e+01
   1.3110000e+01  -2.1067455e+01
   1.3120000e+01  -2.1168853e+01
   1.3130000e+01  -2.0313078e+01
   1.3140000e+01  -2.0441510e+01
   1.3150000e+01  -2.1518144e+01
   1.3160000e+01  -2.1812652e+01
   1.3170000e+01  -2.0570917e+01
   1.3180000e+01  -1.8840750e+01
   1.3190000e+01  -1.7406083e+01
   1.3200000e+01  -1.6045605e+01
   1.3210000e+01  -1.5373281e+01
   1.3220000e+01  -1.6865839e+01
   1.3230000e+01  -2.0168807e+01
   1.3240000e+01  -2.2916818e+01
   1.3250000e+01  -2.4280726e+01
   1.3260000e+01  -2.6202173e+01
   1.3270000e+01  -2.9814070e+01
   1.3280000e+01  -3.2951913e+01
   1.3290000e+01  -3.2984736e+01
   1.3300000e+01  -3.0465899e+01
   1.3310000e+01  -2.7964323e+01
   1.3320000e+01  -2.6088085e+01
   1.3330000e+01  -2.2735968e+01
   1.3340000e+01  -1.6527951e+01
   1.3350000e+01  -9.2662964e+00
   1.3360000e+01  -3.7716057e+00
   1.3370000e+01  -2.4608737e-01
   1.3380000e+01   3.3651279e+00
   1.3390000e+01   7.5493278e+00
   1.3400000e+01   9.9575506e+00
   1.3410000e+01   8.8563578e+00
   1.3420000e+01   6.1703044e+00
   1.3430000e+01   5.5339126e+00
   1.3440000e+01   7.9255833e+00
   1.3450000e+01   1.0718113e+01
   1.3460000e+01   1.1247689e+01
   1.3470000e+01   9.9104379e+00
   1.3480000e+01   8.7269742e+00
   1.3490000e+01   8.1279667e+00
   1.3500000e+01   7.0827049e+00
   1.3510000e+01   5.7956621e+00
   1.3520000e+01   6.0514525e+00
   1.3530000e+01   8.8714222e+00
   1.3540000e+01   1.3713170e+01
   1.3550000e+01   1.9961902e+01
   1.3560000e+01   2.7417352e+01
   1.3570000e+01   3.5247271e+01
   1.3580000e+01   4.2023887e+01
   1.3590000e+01   4.7165796e+01
   1.3600000e+01   5.1529813e+01
   1.3610000e+01   5.6172141e+01
   1.3620000e+01   6.0606860e+01
   1.3630000e+01   6.2746369e+01
   1.3640000e+01   6.1340363e+01
   1.3650000e+01   5.8150264e+01
   1.3660000e+01   5.6104543e+01
   1.3670000e+01   5.5297664e+01
   1.3680000e+01   5.2994574e+01
   1.3690000e+01   4.7748891e+01
   1.3700000e+01   4.0816716e+01
   1.3710000e+01   3.3417286e+01
   1.3720000e+01   2.5750165e+01
   1.3730000e+01   1.8608893e+01
   1.3740000e+01   1.2654971e+01
   1.3750000e+01   6.7229120e+00
   1.3760000e+01   2.1752800e-01
   1.3770000e+01  -4.2883636e+00
   1.3780000e+01  -4.6674459e+00
   1.3790000e+01  -3.5147876e+00
   1.3800000e+01  -4.4947495e+00
   1.3810000e+01  -6.3282414e+00
   1.3820000e+01  -5.0675135e+00
   1.3830000e+01  -7.7886679e-01
   1.3840000e+01   2.7108387e+00
   1.3850000e+01   3.6154092e+00
   1.3860000e+01   3.3361402e+00
   1.3870000e+01   2.5632110e+00
   1.3880000e+01   4.0990865e-01
   1.3890000e+01  -2.7620205e+00
   1.3900000e+01  -5.3755991e+00
   1.3910000e+01  -7.6359008e+00
   1.3920000e+01  -1.1030369e+01
   1.3930000e+01  -1.4351267e+01
   1.3940000e+01  -1.3816871e+01
   1.3950000e+01  -8.5706784e+00
   1.3960000e+01  -2.8004624e+00
   1.3970000e+01  -2.5538174e-01
   1.3980000e+01   5.4779605e-01
   1.3990000e+01   3.1664485e+00
   1.4000000e+01   7.8255907e+00
   1.4010000e+01   1.2043137e+01
   1.4020000e+01   1.4649483e+01
   1.4030000e+01   1.6129069e+01
   1.4040000e+01   1.6240478e+01
   1.4050000e+01   1.4225089e+01
   1.4060000e+01   1.0872885e+01
   1.4070000e+01   8.0240076e+00
   1.4080000e+01   6.0477794e+00
   1.4090000e+01   3.4364232e+00
   1.4100000e+01  -9.6725181e-01
   1.4110000e+01  -6.4266061e+00
   1.4120000e+01  -1.1477130e+01
   1.4130000e+01  -1.6083802e+01
   1.4140000e+01  -2.1416411e+01
   1.4150000e+01  -2.7112516e+01
   1.4160000e+01  -3.0574012e+01
   1.4170000e+01  -3.0485604e+01
   1.4180000e+01  -2.9271071e+01
   1.4190000e+01  -2.9964874e+01
   1.4200000e+01  -3.2225206e+01
   1.4210000e+01  -3.3599712e+01
   1.4220000e+01  -3.3111112e+01
   1.4230000e+01  -3.1431832e+01
   1.4240000e+01  -2.9156770e+01
   1.4250000e+01  -2.6912338e+01
   1.4260000e+01  -2.5576760e+01
   1.4270000e+01  -2.4845245e+01
   1.4280000e+01  -2.3323278e+01
   1.4290000e+01  -2.0951153e+01
   1.4300000e+01  -1.9064893e+01
   1.4310000e+01  -1.7632283e+01
   1.4320000e+01  -1.5299985e+01
   1.4330000e+01  -1.2218668e+01
   1.4340000e+01  -9.4654867e+00
   1.4350000e+01  -6.0929616e+00
   1.4360000e+01  -6.3994457e-01
   1.4370000e+01   5.1450061e+00
   1.4380000e+01   8.4260836e+00
   1.4390000e+01   1.0370786e+01
   1.4400000e+01   1.4440440e+01
   1.4410000e+01   2.0176490e+01
   1.4420000e+01   2.3777097e+01
   1.4430000e+01   2.4685702e+01
   1.4440000e+01   2.6128023e+01
   1.4450000e+01   2.8787024e+01
   1.4460000e+01   2.9704012e+01
   1.4470000e+01   2.8310225e+01
   1.4480000e+01   2.7855519e+01
   1.4490000e+01   2.9551077e+01
   1.4500000e+01   3.0488792e+01
   1.4510000e+01   2.8794520e+01
   1.4520000e+01   2.6068181e+01
   1.4530000e+01   2.3094882e+01
   1.4540000e+01   1.7651783e+01
   1.4550000e+01   8.6710229e+00
   1.4560000e+01  -1.3919962e+00
   1.4570000e+01  -1.0501886e+01
   1.4580000e+01  -1.9649919e+01
   1.4590000e+01  -2.9438723e+01
   1.4600000e+01  -3.7749363e+01
   1.4610000e+01  -4.3017050e+01
   1.4620000e+01  -4.6425761e+01
   1.4630000e+01  -4.8731284e+01
   1.4640000e+01  -4.8271079e+01
   1.4650000e+01  -4.4507616e+01
   1.4660000e+01  -4.0355462e+01
   1.4670000e+01  -3.8167611e+01
   1.4680000e+01  -3.6147473e+01
   1.4690000e+01  -3.1733536e+01
   1.4700000e+01  -2.6049866e+01
   1.4710000e+01  -2.1850941e+01
   1.4720000e+01  -1.9290046e+01
   1.4730000e+01  -1.6842707e+01
   1.4740000e+01  -1.4451109e+01
   1.4750000e+01  -1.2945047e+01
   1.4760000e+01  -1.2172661e+01
   1.4770000e+01  -1.1963332e+01
   1.4780000e+01  -1.3017708e+01
   1.4790000e+01  -1.5277641e+01
   1.4800000e+01  -1.7689045e+01
   1.4810000e+01  -2.0299037e+01
   1.4820000e+01  -2.3586504e+01
   1.4830000e+01  -2.5667209e+01
   1.4840000e+01  -2.4053238e+01
   1.4850000e+01  -1.9935024e+01
   1.4860000e+01  -1.6309825e+01
   1.4870000e+01  -1.2636661e+01
   1.4880000e+01  -6.4335182e+00
   1.4890000e+01   9.9088836e-01
   1.4900000e+01   6.1616644e+00
   1.4910000e+01   9.5639299e+00
   1.4920000e+01   1.4292793e+01
   1.4930000e+01   1.9907386e+01
   1.4940000e+01   2.3222163e+01
   1.4950000e+01   2.3769241e+01
   1.4960000e+01   2.3367298e+01
   1.4970000e+01   2.1947391e+01
   1.4980000e+01   1.8385932e+01
   1.4990000e+01   1.3503762e+01
   1.5000000e+01   8.4050912e+00
   1.5010000e+01   2.5280827e+00
   1.5020000e+01  -3.3747143e+00
   1.5030000e+01  -5.8753675e+00
   1.5040000e+01  -3.7332400e+00
   1.5050000e+01  -4.0967452e-01
   1.5060000e+01   1.2408579e+00
   1.5070000e+01   3.0674853e+00
   1.5080000e+01   7.5864335e+00
   1.5090000e+01   1.3468904e+01
   1.5100000e+01   1.8149445e+01
   1.5110000e+01   2.1997208e+01
   1.5120000e+01   2.6734426e+01
   1.5130000e+01   3.1737125e+01
   1.5140000e+01   3.4775522e+01
   1.5150000e+01   3.5205977e+01
   1.5160000e+01   3.4075993e+01
   1.5170000e+01   3.1837359e+01
   1.5180000e+01   2.8171972e+01
   1.5190000e+01   2.3919058e+01
   1.5200000e+01   2.0914430e+01
   1.5210000e+01   1.9127948e+01
   1.5220000e+01   1.5907357e+01
   1.5230000e+01   9.5893882e+00
   1.5240000e+01   2.3708037e+00
   1.5250000e+01  -2.3622147e+00
   1.5260000e+01  -4.5197692e+00
   1.5270000e+01  -6.9244347e+00
   1.5280000e+01  -1.1020120e+01
   1.5290000e+01  -1.5265225e+01
   1.5300000e+01  -1.7873003e+01
   1.5310000e+01  -1.9232216e+01
   1.5320000e+01  -2.1018387e+01
   1.5330000e+01  -2.3952968e+01
   1.5340000e+01  -2.7016053e+01
   1.5350000e+01  -2.8630998e+01
   1.5360000e+01  -2.8315945e+01
   1.5370000e+01  -2.6872681e+01
   1.5380000e+01  -2.5045499e+01
   1.5390000e+01  -2.2751164e+01
   1.5400000e+01  -1.9841955e+01
   1.5410000e+01  -1.6597767e+01
   1.5420000e+01  -1.2932382e+01
   1.5430000e+01  -8.1712879e+00
   1.5440000e+01  -2.3059361e+00
   1.5450000e+01   3.5143939e+00
   1.5460000e+01   8.4141037e+00
   1.5470000e+01   1.2876051e+01
   1.5480000e+01   1.7904535e+01
   1.5490000e+01   2.3748479e+01
   1.5500000e+01   2.9603336e+01
   1.5510000e+01   3.4045485e+01
   1.5520000e+01   3.6028356e+01
   1.5530000e+01   3.6110442e+01
   1.5540000e+01   3.6347769e+01
   1.5550000e+01   3.8330527e+01
   1.5560000e+01   4.1582138e+01
   1.5570000e+01   4.4222730e+01
   1.5580000e+01   4.4859996e+01
   1.5590000e+01   4.3726282e+01
   1.5600000e+01   4.2336889e+01
   1.5610000e+01   4.1919002e+01
   1.5620000e+01   4.1875607e+01
   1.5630000e+01   4.0322273e+01
   1.5640000e+01   3.6556355e+01
   1.5650000e+01   3.2079865e+01
   1.5660000e+01   2.8494170e+01
   1.5670000e+01   2.5538210e+01
   1.5680000e+01   2.2226239e+01
   1.5690000e+01   1.8796806e+01
   1.5700000e+01   1.6312706e+01
   1.5710000e+01   1.5114996e+01
   1.5720000e+01   1.4640011e+01
   1.5730000e+01   1.4211336e+01
   1.5740000e+01   1.3554330e+01
   1.5750000e+01   1.3159799e+01
   1.5760000e+01   1.4072600e+01
   1.5770000e+01   1.6273649e+01
   1.5780000e+01   1.7719353e+01
   1.5790000e+01   1.6688483e+01
   1.5800000e+01   1.4506443e+01
   1.5810000e+01   1.3582885e+01
   1.5820000e+01   1.3299482e+01
   1.5830000e+01   1.0855702e+01
   1.5840000e+01   5.9495490e+00
   1.5850000e+01   1.2166354e+00
   1.5860000e+01  -2.1844815e+00
   1.5870000e+01  -5.9335632e+00
   1.5880000e+01  -1.0894814e+01
   1.5890000e+01  -1.5486814e+01
   1.5900000e+01  -1.8689698e+01
   1.5910000e+01  -2.1638473e+01
   1.5920000e+01  -2.4991427e+01
   1.5930000e+01  -2.7274551e+01
   1.5940000e+01  -2.7174670e+01
   1.5950000e+01  -2.5578091e+01
   1.5960000e+01  -2.4146260e+01
   1.5970000e+01  -2.3041435e+01
   1.5980000e+01  -2.0965661e+01
   1.5990000e+01  -1.7118558e+01
   1.6000000e+01  -1.2632093e+01
   1.6010000e+01  -9.4468052e+00
   1.6020000e+01  -7.6249600e+00
   1.6030000e+01  -5.2021849e+00
   1.6040000e+01  -1.5073798e+00
   1.6050000e+01   1.3987784e+00
   1.6060000e+01   2.0432602e+00
   1.6070000e+01   1.9749173e+00
   1.6080000e+01   3.0357033e+00
   1.6090000e+01   4.7435746e+00
   1.6100000e+01   6.4871514e+00
   1.6110000e+01   9.5343781e+00
   1.6120000e+01   1.4484512e+01
   1.6130000e+01   1.9508694e+01
   1.6140000e+01   2.3376542e+01
   1.6150000e+01   2.7273248e+01
   1.6160000e+01   3.1623128e+01
   1.6170000e+01   3.4507596e+01
   1.6180000e+01   3.5392967e+01
   1.6190000e+01   3.7013386e+01
   1.6200000e+01   4.1122060e+01
   1.6210000e+01   4.5305164e+01
   1.6220000e+01   4.6519682e+01
   1.6230000e+01   4.5475736e+01
   1.6240000e+01   4.4997085e+01
   1.6250000e+01   4.5768805e+01
   1.6260000e+01   4.6335445e+01
   1.6270000e+01   4.6322067e+01
   1.6280000e+01   4.6953656e+01
   1.6290000e+01   4.8452360e+01
   1.6300000e+01   4.9369515e+01
   1.6310000e+01   4.9039991e+01
   1.6320000e+01   4.8547891e+01
   1.6330000e+01   4.8598246e+01
   1.6340000e+01   4.8695306e+01
   1.6350000e+01   4.8995219e+01
   1.6360000e+01   5.0109907e+01
   1.6370000e+01   5.0503015e+01
   1.6380000e+01   4.7747804e+01
   1.6390000e+01   4.3006236e+01
   1.6400000e+01   3.9652259e+01
   1.6410000e+01   3.6569154e+01
   1.6420000e+01   2.8311183e+01
   1.6430000e+01   1.3319502e+01
   1.6440000e+01  -3.9152384e+00
   1.6450000e+01  -2.0373215e+01
   1.6460000e+01  -3.7587149e+01
   1.6470000e+01  -5.5300629e+01
   1.6480000e+01  -6.9224913e+01
   1.6490000e+01  -7.7920588e+01
   1.6500000e+01  -8.5202473e+01
   1.6510000e+01  -9.2939519e+01
   1.6520000e+01  -9.8082149e+01
   1.6530000e+01  -9.9573326e+01
   1.6540000e+01  -1.0142002e+02
   1.6550000e+01  -1.0547455e+02
   1.6560000e+01  -1.0729422e+02
   1.6570000e+01  -1.0296173e+02
   1.6580000e+01  -9.4722772e+01
   1.6590000e+01  -8.5969112e+01
   1.6600000e+01  -7.5318080e+01
   1.6610000e+01  -6.0002435e+01
   1.6620000e+01  -4.1656985e+01
   1.6630000e+01  -2.4603186e+01
   1.6640000e+01  -1.0761943e+01
   1.6650000e+01   3.3236123e-01
   1.6660000e+01   8.3157216e+00
   1.6670000e+01   1.1860734e+01
   1.6680000e+01   1.1004927e+01
   1.6690000e+01   7.6557427e+00
   1.6700000e+01   3.8634948e+00
   1.6710000e+01   1.6687852e-01
   1.6720000e+01  -4.5698539e+00
   1.6730000e+01  -1.1425981e+01
   1.6740000e+01  -1.9253908e+01
   1.6750000e+01  -2.5360181e+01
   1.6760000e+01  -2.8742108e+01
   1.6770000e+01  -3.0505683e+01
   1.6780000e+01  -3.0339930e+01
   1.6790000e+01  -2.5835138e+01
   1.6800000e+01  -1.7074514e+01
   1.6810000e+01  -8.3816859e+00
   1.6820000e+01  -2.7570559e+00
   1.6830000e+01   2.3728130e+00
   1.6840000e+01   1.0732612e+01
   1.6850000e+01   2.1092837e+01
   1.6860000e+01   2.8963974e+01
   1.6870000e+01   3.2657260e+01
   1.6880000e+01   3.4554658e+01
   1.6890000e+01   3.7357680e+01
   1.6900000e+01   4.1614633e+01
   1.6910000e+01   4.6434073e+01
   1.6920000e+01   5.0523885e+01
   1.6930000e+01   5.2375200e+01
   1.6940000e+01   5.0817990e+01
   1.6950000e+01   4.6019542e+01
   1.6960000e+01   3.9502804e+01
   1.6970000e+01   3.2868211e+01
   1.6980000e+01   2.6825438e+01
   1.6990000e+01   2.1766612e+01
   1.7000000e+01   1.8689413e+01
   1.7010000e+01   1.8654665e+01
   1.7020000e+01   2.1499386e+01
   1.7030000e+01   2.5789119e+01
   1.7040000e+01   2.9751718e+01
   1.7050000e+01   3.1914639e+01
   1.7060000e+01   3.1870861e+01
   1.7070000e+01   3.0964524e+01
   1.7080000e+01   3.0742904e+01
   1.7090000e+01   3.0081154e+01
   1.7100000e+01   2.5826218e+01
   1.7110000e+01   1.7342715e+01
   1.7120000e+01   8.1297378e+00
   1.7130000e+01   1.3386785e+00
   1.7140000e+01  -3.9392869e+00
   1.7150000e+01  -9.8507635e+00
   1.7160000e+01  -1.5628751e+01
   1.7170000e+01  -1.8926851e+01
   1.7180000e+01  -1.9508067e+01
   1.7190000e+01  -1.8917490e+01
   1.7200000e+01  -1.7708917e+01
   1.7210000e+01  -1.5570361e+01
   1.7220000e+01  -1.3461683e+01
   1.7230000e+01  -1.2973679e+01
   1.7240000e+01  -1.3687751e+01
   1.7250000e+01  -1.3809118e+01
   1.7260000e+01  -1.3677483e+01
   1.7270000e+01  -1.5737576e+01
   1.7280000e+01  -2.0182090e+01
   1.7290000e+01  -2.3690835e+01
   1.7300000e+01  -2.4056287e+01
   1.7310000e+01  -2.3182934e+01
   1.7320000e+01  -2.3471224e+01
   1.7330000e+01  -2.4007933e+01
   1.7340000e+01  -2.2900860e+01
   1.7350000e+01  -2.0920790e+01
   1.7360000e+01  -1.9953436e+01
   1.7370000e+01  -1.9754987e+01
   1.7380000e+01  -1.8927906e+01
   1.7390000e+01  -1.7753529e+01
   1.7400000e+01  -1.7949926e+01
   1.7410000e+01  -2.0409059e+01
   1.7420000e+01  -2.4187052e+01
   1.7430000e+01  -2.7022746e+01
   1.7440000e+01  -2.6834327e+01
   1.7450000e+01  -2.3740341e+01
   1.7460000e+01  -2.0203217e+01
   1.7470000e+01  -1.8057125e+01
   1.7480000e+01  -1.6290089e+01
   1.7490000e+01  -1.3228364e+01
   1.7500000e+01  -9.6383444e+00
   1.7510000e+01  -7.4062849e+00
   1.7520000e+01  -6.0425243e+00
   1.7530000e+01  -3.3471511e+00
   1.7540000e+01   2.8760669e-01
   1.7550000e+01   1.0823337e+00
   1.7560000e+01  -3.0113229e+00
   1.7570000e+01  -8.5154114e+00
   1.7580000e+01  -1.0770912e+01
   1.7590000e+01  -1.1016819e+01
   1.7600000e+01  -1.4794882e+01
   1.7610000e+01  -2.3040877e+01
   1.7620000e+01  -3.0139572e+01
   1.7630000e+01  -3.2626582e+01
   1.7640000e+01  -3.3967369e+01
   1.7650000e+01  -3.7458715e+01
   1.7660000e+01  -4.0371178e+01
   1.7670000e+01  -3.9945088e+01
   1.7680000e+01  -3.9731110e+01
   1.7690000e+01  -4.3857567e+01
   1.7700000e+01  -4.9406762e+01
   1.7710000e+01  -5.1181674e+01
   1.7720000e+01  -5.0495531e+01
   1.7730000e+01  -5.2157254e+01
   1.7740000e+01  -5.5432947e+01
   1.7750000e+01  -5.5354205e+01
   1.7760000e+01  -5.1481129e+01
   1.7770000e+01  -4.8226918e+01
   1.7780000e+01  -4.6910200e+01
   1.7790000e+01  -4.4178401e+01
   1.7800000e+01  -3.8812360e+01
   1.7810000e+01  -3.3877317e+01
   1.7820000e+01  -3.0772372e+01
   1.7830000e+01  -2.6667344e+01
   1.7840000e+01  -1.9689387e+01
   1.7850000e+01  -1.1981601e+01
   1.7860000e+01  -5.8307516e+00
   1.7870000e+01  -7.9901692e-01
   1.7880000e+01   3.8596941e+00
   1.7890000e+01   7.6759982e+00
   1.7900000e+01   1.1027834e+01
   1.7910000e+01   1.5215226e+01
   1.7920000e+01   1.9473862e+01
   1.7930000e+01   2.1206710e+01
   1.7940000e+01   2.0270245e+01
   1.7950000e+01   2.0209271e+01
   1.7960000e+01   2.3872450e+01
   1.7970000e+01   2.9617724e+01
   1.7980000e+01   3.3267025e+01
   1.7990000e+01   3.3174844e+01
   1.8000000e+01   3.2097840e+01
   1.8010000e+01   3.3472538e+01
   1.8020000e+01   3.6797942e+01
   1.8030000e+01   3.8471548e+01
   1.8040000e+01   3.6697762e+01
   1.8050000e+01   3.2719761e+01
   1.8060000e+01   2.7251661e+01
   1.8070000e+01   1.9609392e+01
   1.8080000e+01   1.0968085e+01
   1.8090000e+01   4.0602994e+00
   1.8100000e+01  -1.2426378e+00
   1.8110000e+01  -7.4764765e+00
   1.8120000e+01  -1.4137399e+01
   1.8130000e+01  -1.7599604e+01
   1.8140000e+01  -1.6827748e+01
   1.8150000e+01  -1.4106466e+01
   1.8160000e+01  -1.0033790e+01
   1.8170000e+01  -3.0423593e+00
   1.8180000e+01   6.0651531e+00
   1.8190000e+01   1.4123640e+01
   1.8200000e+01   2.0207017e+01
   1.8210000e+01   2.6003221e+01
   1.8220000e+01   3.2023425e+01
   1.8230000e+01   3.7115837e+01
   1.8240000e+01   4.0951635e+01
   1.8250000e+01   4.3842501e+01
   1.8260000e+01   4.5076105e+01
   1.8270000e+01   4.3875812e+01
   1.8280000e+01   4.0814173e+01
   1.8290000e+01   3.6551684e+01
   1.8300000e+01   3.0573824e+01
   1.8310000e+01   2.2348852e+01
   1.8320000e+01   1.2402639e+01
   1.8330000e+01   1.7454297e+00
   1.8340000e+01  -8.4572798e+00
   1.8350000e+01  -1.6814322e+01
   1.8360000e+01  -2.2834049e+01
   1.8370000e+01  -2.7713925e+01
   1.8380000e+01  -3.2622889e+01
   1.8390000e+01  -3.7048144e+01
   1.8400000e+01  -4.0256587e+01
   1.8410000e+01  -4.3042990e+01
   1.8420000e+01  -4.6152259e+01
   1.8430000e+01  -4.8261230e+01
   1.8440000e+01  -4.7669304e+01
   1.8450000e+01  -4.4987005e+01
   1.8460000e+01  -4.2017588e+01
   1.8470000e+01  -3.8881843e+01
   1.8480000e+01  -3.4595722e+01
   1.8490000e+01  -2.9878111e+01
   1.8500000e+01  -2.6835908e+01
   1.8510000e+01  -2.5959230e+01
   1.8520000e+01  -2.5702898e+01
   1.8530000e+01  -2.4961545e+01
   1.8540000e+01  -2.3854372e+01
   1.8550000e+01  -2.2430750e+01
   1.8560000e+01  -2.0749093e+01
   1.8570000e+01  -1.9579392e+01
   1.8580000e+01  -1.8918702e+01
   1.8590000e+01  -1.7065129e+01
   1.8600000e+01  -1.3443270e+01
   1.8610000e+01  -1.0373210e+01
   1.8620000e+01  -9.2960415e+00
   1.8630000e+01  -7.7871768e+00
   1.8640000e+01  -3.6434040e+00
   1.8650000e+01   8.9275747e-01
   1.8660000e+01   2.7851215e+00
   1.8670000e+01   3.2993323e+00
   1.8680000e+01   5.4510750e+00
   1.8690000e+01   8.7515612e+00
   1.8700000e+01   1.0176330e+01
   1.8710000e+01   8.3725673e+00
   1.8720000e+01   4.1305252e+00
   1.8730000e+01  -1.1991602e+00
   1.8740000e+01  -5.8034346e+00
   1.8750000e+01  -8.3450460e+00
   1.8760000e+01  -1.0009194e+01
   1.8770000e+01  -1.2861681e+01
   1.8780000e+01  -1.5771095e+01
   1.8790000e+01  -1.5473834e+01
   1.8800000e+01  -1.1838507e+01
   1.8810000e+01  -7.9447847e+00
   1.8820000e+01  -4.7027966e+00
   1.8830000e+01   2.4562434e-01
   1.8840000e+01   7.8708342e+00
   1.8850000e+01   1.6085347e+01
   1.8860000e+01   2.3163450e+01
   1.8870000e+01   2.9368143e+01
   1.8880000e+01   3.4838551e+01
   1.8890000e+01   3.8689200e+01
   1.8900000e+01   4.0562902e+01
   1.8910000e+01   4.1115629e+01
   1.8920000e+01   4.0898854e+01
   1.8930000e+01   4.0019393e+01
   1.8940000e+01   3.8479066e+01
   1.8950000e+01   3.6079009e+01
   1.8960000e+01   3.2811465e+01
   1.8970000e+01   2.9488960e+01
   1.8980000e+01   2.6636795e+01
   1.8990000e+01   2.3270393e+01
   1.9000000e+01   1.8906643e+01
   1.9010000e+01   1.6016358e+01
   1.9020000e+01   1.7503012e+01
   1.9030000e+01   2.2176095e+01
   1.9040000e+01   2.6079950e+01
   1.9050000e+01   2.8211658e+01
   1.9060000e+01   3.1296534e+01
   1.9070000e+01   3.6526349e+01
   1.9080000e+01   4.1171240e+01
   1.9090000e+01   4.2493791e+01
   1.9100000e+01   4.1136660e+01
   1.9110000e+01   3.9277894e+01
   1.9120000e+01   3.7448446e+01
   1.9130000e+01   3.4544628e+01
   1.9140000e+01   2.9734998e+01
   1.9150000e+01   2.3161246e+01
   1.9160000e+01   1.5571558e+01
   1.9170000e+01   8.2864472e+00
   1.9180000e+01   2.8529335e+00
   1.9190000e+01  -3.9117594e-01
   1.9200000e+01  -3.0234839e+00
   1.9210000e+01  -6.6570301e+00
   1.9220000e+01  -1.0560370e+01
   1.9230000e+01  -1.2584953e+01
   1.9240000e+01  -1.2561600e+01
   1.9250000e+01  -1.2794996e+01
   1.9260000e+01  -1.4318282e+01
   1.9270000e+01  -1.4898519e+01
   1.9280000e+01  -1.2508177e+01
   1.9290000e+01  -8.6444985e+00
   1.9300000e+01  -5.7307433e+00
   1.9310000e+01  -3.0094500e+00
   1.9320000e+01   1.9519156e+00
   1.9330000e+01   8.7746611e+00
   1.9340000e+01   1.4416287e+01
   1.9350000e+01   1.7481619e+01
   1.9360000e+01   1.9764318e+01
   1.9370000e+01   2.3416885e+01
   1.9380000e+01   2.8544417e+01
   1.9390000e+01   3.3765565e+01
   1.9400000e+01   3.7816328e+01
   1.9410000e+01   4.0365556e+01
   1.9420000e+01   4.1772267e+01
   1.9430000e+01   4.2183000e+01
   1.9440000e+01   4.1326755e+01
   1.9450000e+01   3.9567198e+01
   1.9460000e+01   3.8018444e+01
   1.9470000e+01   3.6682629e+01
   1.9480000e+01   3.4082445e+01
   1.9490000e+01   3.0165050e+01
   1.9500000e+01   2.7518608e+01
   1.9510000e+01   2.7705694e+01
   1.9520000e+01   2.8643654e+01
   1.9530000e+01   2.8052136e+01
   1.9540000e+01   2.7190468e+01
   1.9550000e+01   2.8514951e+01
   1.9560000e+01   3.1782828e+01
   1.9570000e+01   3.5021671e+01
   1.9580000e+01   3.7408855e+01
   1.9590000e+01   3.9112038e+01
   1.9600000e+01   4.0245088e+01
   1.9610000e+01   4.1568576e+01
   1.9620000e+01   4.4148581e+01
   1.9630000e+01   4.7190417e+01
   1.9640000e+01   4.8400230e+01
   1.9650000e+01   4.7143141e+01
   1.9660000e+01   4.4927571e+01
   1.9670000e+01   4.2565222e+01
   1.9680000e+01   3.9255646e+01
   1.9690000e+01   3.4414066e+01
   1.9700000e+01   2.8205285e+01
   1.9710000e+01   2.0636334e+01
   1.9720000e+01   1.1959744e+01
   1.9730000e+01   3.2127262e+00
   1.9740000e+01  -5.1379243e+00
   1.9750000e+01  -1.3804404e+01
   1.9760000e+01  -2.2570158e+01
   1.9770000e+01  -2.9374831e+01
   1.9780000e+01  -3.3132152e+01
   1.9790000e+01  -3.5639913e+01
   1.9800000e+01  -3.8876619e+01
   1.9810000e+01  -4.2019291e+01
   1.9820000e+01  -4.3183111e+01
   1.9830000e+01  -4.3014334e+01
   1.9840000e+01  -4.4141215e+01
   1.9850000e+01  -4.6965743e+01
   1.9860000e+01  -4.8390998e+01
   1.9870000e+01  -4.6269366e+01
   1.9880000e+01  -4.3203768e+01
   1.9890000e+01  -4.3118564e+01
   1.9900000e+01  -4.5331512e+01
   1.9910000e+01  -4.5872803e+01
   1.9920000e+01  -4.4093522e+01
   1.9930000e+01  -4.3339094e+01
   1.9940000e+01  -4.4872257e+01
   1.9950000e+01  -4.6082440e+01
   1.9960000e+01  -4.5538269e+01
   1.9970000e+01  -4.4945622e+01
   1.9980000e+01  -4.5145058e+01
   1.9990000e+01  -4.4836594e+01
   2.0000000e+01  -4.3920772e+01
   2.0010000e+01  -4.3649094e+01
   2.0020000e+01  -4.3415949e+01
   2.0030000e+01  -4.1598326e+01
   2.0040000e+01  -3.8803203e+01
   2.0050000e+01  -3.6299356e+01
   2.0060000e+01  -3.2841286e+01
   2.0070000e+01  -2.6872950e+01
   2.0080000e+01  -1.9539367e+01
   2.0090000e+01  -1.1997853e+01
   2.0100000e+01  -3.0298314e+00
   2.0110000e+01   7.2251644e+00
   2.0120000e+01   1.5264301e+01
   2.0130000e+01   1.9515464e+01
   2.0140000e+01   2.3260844e+01
   2.0150000e+01   2.8955815e+01
   2.0160000e+01   3.4231874e+01
   2.0170000e+01   3.6714091e+01
   2.0180000e+01   3.8162476e+01
   2.0190000e+01   4.0568087e+01
   2.0200000e+01   4.2341539e+01
   2.0210000e+01   4.1562473e+01
   2.0220000e+01   3.9466277e+01
   2.0230000e+01   3.7885915e+01
   2.0240000e+01   3.6140565e+01
   2.0250000e+01   3.2778178e+01
   2.0260000e+01   2.8227462e+01
   2.0270000e+01   2.4072214e+01
   2.0280000e+01   2.1194889e+01
   2.0290000e+01   1.9645607e+01
   2.0300000e+01   1.9354717e+01
   2.0310000e+01   2.0267543e+01
   2.0320000e+01   2.2099312e+01
   2.0330000e+01   2.4178925e+01
   2.0340000e+01   2.5527478e+01
   2.0350000e+01   2.5303737e+01
   2.0360000e+01   2.3311671e+01
   2.0370000e+01   1.9999064e+01
   2.0380000e+01   1.5989909e+01
   2.0390000e+01   1.1629351e+01
   2.0400000e+01   6.8639808e+00
   2.0410000e+01   1.6247001e+00
   2.0420000e+01  -3.6429713e+00
   2.0430000e+01  -8.1812389e+00
   2.0440000e+01  -1.1813126e+01
   2.0450000e+01  -1.5219029e+01
   2.0460000e+01  -1.9063087e+01
   2.0470000e+01  -2.3168538e+01
   2.0480000e+01  -2.6776831e+01
   2.0490000e+01  -2.9322693e+01
   2.0500000e+01  -3.0805101e+01
   2.0510000e+01  -3.1773435e+01
   2.0520000e+01  -3.3137822e+01
   2.0530000e+01  -3.5553229e+01
   2.0540000e+01  -3.8585536e+01
   2.0550000e+01  -4.0718670e+01
   2.0560000e+01  -4.0728640e+01
   2.0570000e+01  -3.9126839e+01
   2.0580000e+01  -3.7655005e+01
   2.0590000e+01  -3.7158259e+01
   2.0600000e+01  -3.6910766e+01
   2.0610000e+01  -3.6498817e+01
   2.0620000e+01  -3.6843039e+01
   2.0630000e+01  -3.8185241e+01
   2.0640000e+01  -3.8756249e+01
   2.0650000e+01  -3.7313501e+01
   2.0660000e+01  -3.5469456e+01
   2.0670000e+01  -3.5165740e+01
   2.0680000e+01  -3.5159928e+01
   2.0690000e+01  -3.2725440e+01
   2.0700000e+01  -2.7892878e+01
   2.0710000e+01  -2.3165330e+01
   2.0720000e+01  -1.9462273e+01
   2.0730000e+01  -1.5092029e+01
   2.0740000e+01  -8.9922942e+00
   2.0750000e+01  -2.6084321e+00
   2.0760000e+01   2.4436842e+00
   2.0770000e+01   6.7795776e+00
   2.0780000e+01   1.1653226e+01
   2.0790000e+01   1.6119087e+01
   2.0800000e+01   1.8065873e+01
   2.0810000e+01   1.7808954e+01
   2.0820000e+01   1.8178263e+01
   2.0830000e+01   2.0605170e+01
   2.0840000e+01   2.3442885e+01
   2.0850000e+01   2.4771571e+01
   2.0860000e+01   2.4500241e+01
   2.0870000e+01   2.3065649e+01
   2.0880000e+01   2.0603231e+01
   2.0890000e+01   1.8058723e+01
   2.0900000e+01   1.6594536e+01
   2.0910000e+01   1.5592051e+01
   2.0920000e+01   1.3794771e+01
   2.0930000e+01   1.2004311e+01
   2.0940000e+01   1.1686282e+01
   2.0950000e+01   1.1953343e+01
   2.0960000e+01   1.1383446e+01
   2.0970000e+01   1.1358399e+01
   2.0980000e+01   1.3728385e+01
   2.0990000e+01   1.6889253e+01
   2.1000000e+01   1.8210214e+01
   2.1010000e+01   1.8292061e+01
   2.1020000e+01   1.8750348e+01
   2.1030000e+01   1.8266773e+01
   2.1040000e+01   1.5048566e+01
   2.1050000e+01   1.0610912e+01
   2.1060000e+01   7.0725471e+00
   2.1070000e+01   3.3425114e+00
   2.1080000e+01  -2.2458827e+00
   2.1090000e+01  -8.1080148e+00
   2.1100000e+01  -1.1682201e+01
   2.1110000e+01  -1.3244870e+01
   2.1120000e+01  -1.4553920e+01
   2.1130000e+01  -1.5778269e+01
   2.1140000e+01  -1.6134811e+01
   2.1150000e+01  -1.5678136e+01
   2.1160000e+01  -1.4724939e+01
   2.1170000e+01  -1.3256486e+01
   2.1180000e+01  -1.1786008e+01
   2.1190000e+01  -1.0933910e+01
   2.1200000e+01  -9.9851151e+00
   2.1210000e+01  -7.9119255e+00
   2.1220000e+01  -5.3964670e+00
   2.1230000e+01  -3.6803139e+00
   2.1240000e+01  -2.3020842e+00
   2.1250000e+01  -3.2076698e-01
   2.1260000e+01   1.3765530e+00
   2.1270000e+01   1.6318008e+00
   2.1280000e+01   1.6574455e+00
   2.1290000e+01   3.1502462e+00
   2.1300000e+01   4.9550320e+00
   2.1310000e+01   4.8767165e+00
   2.1320000e+01   3.6592323e+00
   2.1330000e+01   3.6708659e+00
   2.1340000e+01   4.7833765e+00
   2.1350000e+01   5.2125657e+00
   2.1360000e+01   5.3073670e+00
   2.1370000e+01   6.7151031e+00
   2.1380000e+01   8.9136067e+00
   2.1390000e+01   1.0405845e+01
   2.1400000e+01   1.2100678e+01
   2.1410000e+01   1.5568956e+01
   2.1420000e+01   1.9365798e+01
   2.1430000e+01   2.1158073e+01
   2.1440000e+01   2.1895501e+01
   2.1450000e+01   2.3608166e+01
   2.1460000e+01   2.4793024e+01
   2.1470000e+01   2.2529990e+01
   2.1480000e+01   1.7659068e+01
   2.1490000e+01   1.3470546e+01
   2.1500000e+01   1.0778000e+01
   2.1510000e+01   8.3141765e+00
   2.1520000e+01   6.2155183e+00
   2.1530000e+01   5.3251753e+00
   2.1540000e+01   4.8828639e+00
   2.1550000e+01   4.0805112e+00
   2.1560000e+01   3.8070437e+00
   2.1570000e+01   4.3275372e+00
   2.1580000e+01   3.8540898e+00
   2.1590000e+01   1.6895369e+00
   2.1600000e+01  -1.7263995e-01
   2.1610000e+01  -6.7605784e-01
   2.1620000e+01  -1.6057550e+00
   2.1630000e+01  -3.7517143e+00
   2.1640000e+01  -4.7230672e+00
   2.1650000e+01  -2.9262165e+00
   2.1660000e+01  -3.9243734e-01
   2.1670000e+01   6.2056819e-01
   2.1680000e+01   8.7520980e-01
   2.1690000e+01   2.0303265e+00
   2.1700000e+01   3.8743905e+00
   2.1710000e+01   5.4690583e+00
   2.1720000e+01   7.0941127e+00
   2.1730000e+01   9.5941025e+00
   2.1740000e+01   1.2996488e+01
   2.1750000e+01   1.6572317e+01
   2.1760000e+01   1.9506888e+01
   2.1770000e+01   2.1390547e+01
   2.1780000e+01   2.2614571e+01
   2.1790000e+01   2.3908421e+01
   2.1800000e+01   2.5136477e+01
   2.1810000e+01   2.5403897e+01
   2.1820000e+01   2.4557491e+01
   2.1830000e+01   2.3308696e+01
   2.1840000e+01   2.1645113e+01
   2.1850000e+01   1.8623740e+01
   2.1860000e+01   1.4036066e+01
   2.1870000e+01   8.7210571e+00
   2.1880000e+01   2.8816278e+00
   2.1890000e+01  -4.2670180e+00
   2.1900000e+01  -1.2515521e+01
   2.1910000e+01  -1.9799905e+01
   2.1920000e+01  -2.4429791e+01
   2.1930000e+01  -2.7308203e+01
   2.1940000e+01  -3.0619087e+01
   2.1950000e+01  -3.4597313e+01
   2.1960000e+01  -3.7145900e+01
   2.1970000e+01  -3.7046573e+01
   2.1980000e+01  -3.5815821e+01
   2.1990000e+01  -3.5172775e+01
   2.2000000e+01  -3.4421663e+01
   2.2010000e+01  -3.2370376e+01
   2.2020000e+01  -3.0269969e+01
   2.2030000e+01  -3.0077072e+01
   2.2040000e+01  -3.0894013e+01
   2.2050000e+01  -3.0291735e+01
   2.2060000e+01  -2.8606998e+01
   2.2070000e+01  -2.8667325e+01
   2.2080000e+01  -3.1222734e+01
   2.2090000e+01  -3.3696485e+01
   2.2100000e+01  -3.3991968e+01
   2.2110000e+01  -3.2970299e+01
   2.2120000e+01  -3.2385010e+01
   2.2130000e+01  -3.2372601e+01
   2.2140000e+01  -3.1862972e+01
   2.2150000e+01  -3.0143395e+01
   2.2160000e+01  -2.7278864e+01
   2.2170000e+01  -2.3863909e+01
   2.2180000e+01  -2.1011478e+01
   2.2190000e+01  -1.9874445e+01
   2.2200000e+01  -2.0339208e+01
   2.2210000e+01  -2.0723725e+01
   2.2220000e+01  -1.9751768e+01
   2.2230000e+01  -1.8367904e+01
   2.2240000e+01  -1.8358188e+01
   2.2250000e+01  -1.9473153e+01
   2.2260000e+01  -1.9601734e+01
   2.2270000e+01  -1.7981036e+01
   2.2280000e+01  -1.6251863e+01
   2.2290000e+01  -1.5616720e+01
   2.2300000e+01  -1.5000366e+01
   2.2310000e+01  -1.3120581e+01
   2.2320000e+01  -1.0477437e+01
   2.2330000e+01  -7.9947421e+00
   2.2340000e+01  -5.3492902e+00
   2.2350000e+01  -2.1160135e+00
   2.2360000e+01   7.3719877e-01
   2.2370000e+01   2.0514697e+00
   2.2380000e+01   2.2665465e+00
   2.2390000e+01   2.5781150e+00
   2.2400000e+01   2.9472789e+00
   2.2410000e+01   2.2933346e+00
   2.2420000e+01   4.0205155e-01
   2.2430000e+01  -1.5617140e+00
   2.2440000e+01  -2.6895846e+00
   2.2450000e+01  -3.6133405e+00
   2.2460000e+01  -5.4979627e+00
   2.2470000e+01  -8.1904540e+00
   2.2480000e+01  -1.0292686e+01
   2.2490000e+01  -1.1094705e+01
   2.2500000e+01  -1.1391071e+01
   2.2510000e+01  -1.1936855e+01
   2.2520000e+01  -1.2231000e+01
   2.2530000e+01  -1.1741852e+01
   2.2540000e+01  -1.1261053e+01
   2.2550000e+01  -1.1738485e+01
   2.2560000e+01  -1.2586798e+01
   2.2570000e+01  -1.2532325e+01
   2.2580000e+01  -1.1528335e+01
   2.2590000e+01  -1.0483917e+01
   2.2600000e+01  -9.6359353e+00
   2.2610000e+01  -8.4872477e+00
   2.2620000e+01  -6.9248651e+00
   2.2630000e+01  -5.2925286e+00
   2.2640000e+01  -3.8492372e+00
   2.2650000e+01  -3.0846384e+00
   2.2660000e+01  -3.8427796e+00
   2.2670000e+01  -6.1218102e+00
   2.2680000e+01  -8.5389553e+00
   2.2690000e+01  -1.0084881e+01
   2.2700000e+01  -1.1534192e+01
   2.2710000e+01  -1.3746418e+01
   2.2720000e+01  -1.5401752e+01
   2.2730000e+01  -1.4250807e+01
   2.2740000e+01  -1.0308047e+01
   2.2750000e+01  -5.8742888e+00
   2.2760000e+01  -2.1430164e+00
   2.2770000e+01   2.2386474e+00
   2.2780000e+01   8.2811116e+00
   2.2790000e+01   1.4212922e+01
   2.2800000e+01   1.7670566e+01
   2.2810000e+01   1.8893227e+01
   2.2820000e+01   1.9691665e+01
   2.2830000e+01   2.0463046e+01
   2.2840000e+01   2.0547631e+01
   2.2850000e+01   2.0557054e+01
   2.2860000e+01   2.1743242e+01
   2.2870000e+01   2.3490285e+01
   2.2880000e+01   2.3895559e+01
   2.2890000e+01   2.2781824e+01
   2.2900000e+01   2.1928683e+01
   2.2910000e+01   2.2217341e+01
   2.2920000e+01   2.2540144e+01
   2.2930000e+01   2.1702854e+01
   2.2940000e+01   1.9626562e+01
   2.2950000e+01   1.6579223e+01
   2.2960000e+01   1.2920478e+01
   2.2970000e+01   9.6512906e+00
   2.2980000e+01   7.5936897e+00
   2.2990000e+01   6.0867075e+00
   2.3000000e+01   4.1437939e+00
   2.3010000e+01   2.6786771e+00
   2.3020000e+01   3.4658576e+00
   2.3030000e+01   5.7681881e+00
   2.3040000e+01   6.5499251e+00
   2.3050000e+01   4.8789335e+00
   2.3060000e+01   3.4511764e+00
   2.3070000e+01   4.3716102e+00
   2.3080000e+01   6.2087098e+00
   2.3090000e+01   7.0336495e+00
   2.3100000e+01   7.5149733e+00
   2.3110000e+01   8.8042882e+00
   2.3120000e+01   1.0110387e+01
   2.3130000e+01   1.0816344e+01
   2.3140000e+01   1.2368515e+01
   2.3150000e+01   1.5415577e+01
   2.3160000e+01   1.7639267e+01
   2.3170000e+01   1.7309755e+01
   2.3180000e+01   1.6499639e+01
   2.3190000e+01   1.7617129e+01
   2.3200000e+01   1.9071488e+01
   2.3210000e+01   1.7826660e+01
   2.3220000e+01   1.4456068e+01
   2.3230000e+01   1.2190009e+01
   2.3240000e+01   1.2031055e+01
   2.3250000e+01   1.1994867e+01
   2.3260000e+01   1.0768587e+01
   2.3270000e+01   9.3827320e+00
   2.3280000e+01   9.1101388e+00
   2.3290000e+01   9.8008429e+00
   2.3300000e+01   1.0659317e+01
   2.3310000e+01   1.1174374e+01
   2.3320000e+01   1.1054302e+01
   2.3330000e+01   1.0407391e+01
   2.3340000e+01   1.0045890e+01
   2.3350000e+01   1.0687850e+01
   2.3360000e+01   1.2011782e+01
   2.3370000e+01   1.3263761e+01
   2.3380000e+01   1.4331401e+01
   2.3390000e+01   1.5436700e+01
   2.3400000e+01   1.6580463e+01
   2.3410000e+01   1.8201161e+01
   2.3420000e+01   2.1092797e+01
   2.3430000e+01   2.4441607e+01
   2.3440000e+01   2.5765604e+01
   2.3450000e+01   2.4539087e+01
   2.3460000e+01   2.3701605e+01
   2.3470000e+01   2.5386617e+01
   2.3480000e+01   2.7606900e+01
   2.3490000e+01   2.7776277e+01
   2.3500000e+01   2.6894196e+01
   2.3510000e+01   2.7212386e+01
   2.3520000e+01   2.8285868e+01
   2.3530000e+01   2.8540799e+01
   2.3540000e+01   2.8353868e+01
   2.3550000e+01   2.8456969e+01
   2.3560000e+01   2.7683596e+01
   2.3570000e+01   2.5229378e+01
   2.3580000e+01   2.2718866e+01
   2.3590000e+01   2.1414361e+01
   2.3600000e+01   1.9946970e+01
   2.3610000e+01   1.7128073e+01
   2.3620000e+01   1.4228200e+01
   2.3630000e+01   1.2276325e+01
   2.3640000e+01   9.9590193e+00
   2.3650000e+01   6.3771947e+00
   2.3660000e+01   3.1825745e+00
   2.3670000e+01   1.8635254e+00
   2.3680000e+01   1.2892282e+00
   2.3690000e+01  -1.4549669e-01
   2.3700000e+01  -1.9931727e+00
   2.3710000e+01  -2.9853671e+00
   2.3720000e+01  -3.0383745e+00
   2.3730000e+01  -2.7561763e+00
   2.3740000e+01  -2.4290753e+00
   2.3750000e+01  -2.4374448e+00
   2.3760000e+01  -3.2666667e+00
   2.3770000e+01  -4.4395663e+00
   2.3780000e+01  -4.7338425e+00
   2.3790000e+01  -4.0291244e+00
   2.3800000e+01  -3.6443921e+00
   2.3810000e+01  -4.2111179e+00
   2.3820000e+01  -4.5362314e+00
   2.3830000e+01  -3.4560788e+00
   2.3840000e+01  -1.6612721e+00
   2.3850000e+01  -6.2920200e-01
   2.3860000e+01  -5.3665281e-01
   2.3870000e+01  -1.5107389e-01
   2.3880000e+01   1.6103062e+00
   2.3890000e+01   4.4671889e+00
   2.3900000e+01   6.8671018e+00
   2.3910000e+01   7.4355634e+00
   2.3920000e+01   6.7407356e+00
   2.3930000e+01   6.8401149e+00
   2.3940000e+01   8.1948202e+00
   2.3950000e+01   8.4627009e+00
   2.3960000e+01   6.1840397e+00
   2.3970000e+01   3.9498449e+00
   2.3980000e+01   4.9717999e+00
   2.3990000e+01   7.9383881e+00
   2.4000000e+01   8.8843927e+00
   2.4010000e+01   7.0648351e+00
   2.4020000e+01   5.0001031e+00
   2.4030000e+01   3.5919896e+00
   2.4040000e+01   1.4720306e+00
   2.4050000e+01  -1.4243677e+00
   2.4060000e+01  -3.8139311e+00
   2.4070000e+01  -5.9036313e+00
   2.4080000e+01  -8.4104650e+00
   2.4090000e+01  -9.9782168e+00
   2.4100000e+01  -9.5167389e+00
   2.4110000e+01  -9.4456057e+00
   2.4120000e+01  -1.2331683e+01
   2.4130000e+01  -1.6070263e+01
   2.4140000e+01  -1.6935554e+01
   2.4150000e+01  -1.5638837e+01
   2.4160000e+01  -1.5625525e+01
   2.4170000e+01  -1.7092012e+01
   2.4180000e+01  -1.7543855e+01
   2.4190000e+01  -1.6780385e+01
   2.4200000e+01  -1.6651668e+01
   2.4210000e+01  -1.7094475e+01
   2.4220000e+01  -1.6580942e+01
   2.4230000e+01  -1.5404988e+01
   2.4240000e+01  -1.4945330e+01
   2.4250000e+01  -1.4857499e+01
   2.4260000e+01  -1.4132680e+01
   2.4270000e+01  -1.3457196e+01
   2.4280000e+01  -1.3484489e+01
   2.4290000e+01  -1.2516345e+01
   2.4300000e+01  -9.1587946e+00
   2.4310000e+01  -5.6799991e+00
   2.4320000e+01  -5.3740396e+00
   2.4330000e+01  -7.7182421e+00
   2.4340000e+01  -9.2040942e+00
   2.4350000e+01  -8.2276512e+00
   2.4360000e+01  -6.4829124e+00
   2.4370000e+01  -5.8704700e+00
   2.4380000e+01  -6.3421272e+00
   2.4390000e+01  -7.0543670e+00
   2.4400000e+01  -8.0858910e+00
   2.4410000e+01  -1.0266152e+01
   2.4420000e+01  -1.3627894e+01
   2.4430000e+01  -1.6637627e+01
   2.4440000e+01  -1.7726597e+01
   2.4450000e+01  -1.7474073e+01
   2.4460000e+01  -1.7860120e+01
   2.4470000e+01  -1.9307066e+01
   2.4480000e+01  -2.0689776e+01
   2.4490000e+01  -2.2385452e+01
   2.4500000e+01  -2.6017029e+01
   2.4510000e+01  -3.0643116e+01
   2.4520000e+01  -3.3166086e+01
   2.4530000e+01  -3.3347368e+01
   2.4540000e+01  -3.4128971e+01
   2.4550000e+01  -3.6236201e+01
   2.4560000e+01  -3.7165483e+01
   2.4570000e+01  -3.6112978e+01
   2.4580000e+01  -3.4582294e+01
   2.4590000e+01  -3.1475253e+01
   2.4600000e+01  -2.3624989e+01
   2.4610000e+01  -1.2447307e+01
   2.4620000e+01  -4.0332292e+00
   2.4630000e+01  -9.6801637e-01
   2.4640000e+01   4.2975403e-01
   2.4650000e+01   3.2674540e+00
   2.4660000e+01   5.9693518e+00
   2.4670000e+01   6.8590117e+00
   2.4680000e+01   7.9431527e+00
   2.4690000e+01   1.1620614e+01
   2.4700000e+01   1.6757531e+01
   2.4710000e+01   2.0098208e+01
   2.4720000e+01   2.0159419e+01
   2.4730000e+01   1.8770141e+01
   2.4740000e+01   1.8925098e+01
   2.4750000e+01   2.0899869e+01
   2.4760000e+01   2.1255776e+01
   2.4770000e+01   1.7213489e+01
   2.4780000e+01   1.0894294e+01
   2.4790000e+01   6.4545782e+00
   2.4800000e+01   4.1214933e+00
   2.4810000e+01   1.1695182e+00
   2.4820000e+01  -1.9486833e+00
   2.4830000e+01  -2.0020412e+00
   2.4840000e+01   3.0890189e-01
   2.4850000e+01   4.4224403e-01
   2.4860000e+01  -2.0712790e+00
   2.4870000e+01  -2.5210179e+00
   2.4880000e+01   5.8233844e-01
   2.4890000e+01   3.2171004e+00
   2.4900000e+01   4.1250151e+00
   2.4910000e+01   7.5087902e+00
   2.4920000e+01   1.4316957e+01
   2.4930000e+01   1.8875449e+01
   2.4940000e+01   1.8237084e+01
   2.4950000e+01   1.7075526e+01
   2.4960000e+01   1.8869547e+01
   2.4970000e+01   2.0092049e+01
   2.4980000e+01   1.8111786e+01
   2.4990000e+01   1.7150459e+01
   2.5000000e+01   2.0831148e+01
   2.5010000e+01   2.5656572e+01
   2.5020000e+01   2.7171316e+01
   2.5030000e+01   2.6562295e+01
   2.5040000e+01   2.6713830e+01
   2.5050000e+01   2.7247107e+01
   2.5060000e+01   2.7164598e+01
   2.5070000e+01   2.7544893e+01
   2.5080000e+01   2.8701701e+01
   2.5090000e+01   2.8820750e+01
   2.5100000e+01   2.7401642e+01
   2.5110000e+01   2.6365330e+01
   2.5120000e+01   2.6565832e+01
   2.5130000e+01   2.6591317e+01
   2.5140000e+01   2.5703742e+01
   2.5150000e+01   2.5071440e+01
   2.5160000e+01   2.5730698e+01
   2.5170000e+01   2.7337599e+01
   2.5180000e+01   2.8803526e+01
   2.5190000e+01   2.9107813e+01
   2.5200000e+01   2.8268838e+01
   2.5210000e+01   2.7790155e+01
   2.5220000e+01   2.8688969e+01
   2.5230000e+01   2.9371127e+01
   2.5240000e+01   2.7566712e+01
   2.5250000e+01   2.3827006e+01
   2.5260000e+01   2.0532064e+01
   2.5270000e+01   1.8031267e+01
   2.5280000e+01   1.4652873e+01
   2.5290000e+01   1.0126514e+01
   2.5300000e+01   6.0946705e+00
   2.5310000e+01   3.3974248e+00
   2.5320000e+01   1.4368079e+00
   2.5330000e+01   5.2355360e-02
   2.5340000e+01  -2.8683195e-01
   2.5350000e+01   4.5765509e-02
   2.5360000e+01   9.7078608e-02
   2.5370000e+01  -1.8464492e-01
   2.5380000e+01  -1.0802271e-01
   2.5390000e+01   5.7433177e-01
   2.5400000e+01   1.4541951e+00
   2.5410000e+01   1.7022270e+00
   2.5420000e+01   2.8609356e-01
   2.5430000e+01  -2.7284428e+00
   2.5440000e+01  -5.1672061e+00
   2.5450000e+01  -5.0505655e+00
   2.5460000e+01  -3.8537937e+00
   2.5470000e+01  -4.7877723e+00
   2.5480000e+01  -7.6982612e+00
   2.5490000e+01  -9.0691301e+00
   2.5500000e+01  -7.6583123e+00
   2.5510000e+01  -6.2010855e+00
   2.5520000e+01  -6.3600072e+00
   2.5530000e+01  -6.1212382e+00
   2.5540000e+01  -3.9503977e+00
   2.5550000e+01  -1.5113622e+00
   2.5560000e+01  -8.6392056e-02
   2.5570000e+01   1.9695524e+00
   2.5580000e+01   5.7735421e+00
   2.5590000e+01   9.2349569e+00
   2.5600000e+01   1.0200018e+01
   2.5610000e+01   9.2917486e+00
   2.5620000e+01   7.5799085e+00
   2.5630000e+01   4.4868311e+00
   2.5640000e+01   1.9630415e-02
   2.5650000e+01  -3.9152231e+00
   2.5660000e+01  -6.3816441e+00
   2.5670000e+01  -8.8700456e+00
   2.5680000e+01  -1.2339038e+01
   2.5690000e+01  -1.5518972e+01
   2.5700000e+01  -1.7445667e+01
   2.5710000e+01  -1.9039492e+01
   2.5720000e+01  -2.1039708e+01
   2.5730000e+01  -2.2654789e+01
   2.5740000e+01  -2.2992757e+01
   2.5750000e+01  -2.1928748e+01
   2.5760000e+01  -1.9457463e+01
   2.5770000e+01  -1.5981941e+01
   2.5780000e+01  -1.2936230e+01
   2.5790000e+01  -1.1416390e+01
   2.5800000e+01  -1.0562684e+01
   2.5810000e+01  -8.6417973e+00
   2.5820000e+01  -5.3484977e+00
   2.5830000e+01  -2.0941459e+00
   2.5840000e+01  -3.8169355e-01
   2.5850000e+01  -4.5228937e-01
   2.5860000e+01  -1.2214762e+00
   2.5870000e+01  -1.4408017e+00
   2.5880000e+01  -1.1754997e+00
   2.5890000e+01  -1.6203523e+00
   2.5900000e+01  -3.1573029e+00
   2.5910000e+01  -4.7381893e+00
   2.5920000e+01  -5.6045648e+00
   2.5930000e+01  -6.1573592e+00
   2.5940000e+01  -6.7595030e+00
   2.5950000e+01  -7.2185212e+00
   2.5960000e+01  -7.6939157e+00
   2.5970000e+01  -8.6526886e+00
   2.5980000e+01  -9.7620002e+00
   2.5990000e+01  -1.0100252e+01
   2.6000000e+01  -9.5917150e+00
   2.6010000e+01  -9.1651032e+00
   2.6020000e+01  -9.3676909e+00
   2.6030000e+01  -9.6994747e+00
   2.6040000e+01  -9.5476836e+00
   2.6050000e+01  -9.1783847e+00
   2.6060000e+01  -9.3222165e+00
   2.6070000e+01  -9.8919060e+00
   2.6080000e+01  -9.8601213e+00
   2.6090000e+01  -8.9269492e+00
   2.6100000e+01  -8.3698326e+00
   2.6110000e+01  -9.1423376e+00
   2.6120000e+01  -1.0247742e+01
   2.6130000e+01  -1.0555064e+01
   2.6140000e+01  -1.0881000e+01
   2.6150000e+01  -1.2316927e+01
   2.6160000e+01  -1.4021659e+01
   2.6170000e+01  -1.4869672e+01
   2.6180000e+01  -1.5583141e+01
   2.6190000e+01  -1.6970715e+01
   2.6200000e+01  -1.8048550e+01
   2.6210000e+01  -1.8249181e+01
   2.6220000e+01  -1.9226518e+01
   2.6230000e+01  -2.1994502e+01
   2.6240000e+01  -2.4623982e+01
   2.6250000e+01  -2.5252066e+01
   2.6260000e+01  -2.5022490e+01
   2.6270000e+01  -2.5674588e+01
   2.6280000e+01  -2.6593033e+01
   2.6290000e+01  -2.6622935e+01
   2.6300000e+01  -2.6628686e+01
   2.6310000e+01  -2.7903959e+01
   2.6320000e+01  -2.9788799e+01
   2.6330000e+01  -3.0912208e+01
   2.6340000e+01  -3.1361616e+01
   2.6350000e+01  -3.1892185e+01
   2.6360000e+01  -3.2224105e+01
   2.6370000e+01  -3.1669906e+01
   2.6380000e+01  -3.0569520e+01
   2.6390000e+01  -2.9888829e+01
   2.6400000e+01  -2.9918148e+01
   2.6410000e+01  -3.0091539e+01
   2.6420000e+01  -2.9769047e+01
   2.6430000e+01  -2.8898395e+01
   2.6440000e+01  -2.8075630e+01
   2.6450000e+01  -2.7883938e+01
   2.6460000e+01  -2.8071971e+01
   2.6470000e+01  -2.7752894e+01
   2.6480000e+01  -2.6610307e+01
   2.6490000e+01  -2.5359239e+01
   2.6500000e+01  -2.4605626e+01
   2.6510000e+01  -2.3917419e+01
   2.6520000e+01  -2.2750058e+01
   2.6530000e+01  -2.1613979e+01
   2.6540000e+01  -2.1266360e+01
   2.6550000e+01  -2.1213890e+01
   2.6560000e+01  -2.0215924e+01
   2.6570000e+01  -1.8128636e+01
   2.6580000e+01  -1.6065587e+01
   2.6590000e+01  -1.4555446e+01
   2.6600000e+01  -1.2817631e+01
   2.6610000e+01  -1.0516860e+01
   2.6620000e+01  -8.8484771e+00
   2.6630000e+01  -8.5700403e+00
   2.6640000e+01  -8.2346359e+00
   2.6650000e+01  -6.2737187e+00
   2.6660000e+01  -3.7970537e+00
   2.6670000e+01  -2.9370893e+00
   2.6680000e+01  -3.1173211e+00
   2.6690000e+01  -1.8304285e+00
   2.6700000e+01   1.0677809e+00
   2.6710000e+01   3.0308351e+00
   2.6720000e+01   3.1682769e+00
   2.6730000e+01   3.6187382e+00
   2.6740000e+01   5.6316206e+00
   2.6750000e+01   7.4348559e+00
   2.6760000e+01   7.4228930e+00
   2.6770000e+01   6.7647800e+00
   2.6780000e+01   7.2077362e+00
   2.6790000e+01   8.3769041e+00
   2.6800000e+01   8.8472343e+00
   2.6810000e+01   8.4112889e+00
   2.6820000e+01   7.8918628e+00
   2.6830000e+01   7.6287998e+00
   2.6840000e+01   7.1741189e+00
   2.6850000e+01   6.0102489e+00
   2.6860000e+01   4.0907545e+00
   2.6870000e+01   1.9375831e+00
   2.6880000e+01   2.1149292e-01
   2.6890000e+01  -1.0013629e+00
   2.6900000e+01  -2.1716137e+00
   2.6910000e+01  -3.4554151e+00
   2.6920000e+01  -4.3303860e+00
   2.6930000e+01  -4.2831116e+00
   2.6940000e+01  -3.4484164e+00
   2.6950000e+01  -2.4566778e+00
   2.6960000e+01  -1.9103571e+00
   2.6970000e+01  -1.9288674e+00
   2.6980000e+01  -1.9955614e+00
   2.6990000e+01  -1.4527412e+00
   2.7000000e+01  -2.4231787e-01
   2.7010000e+01   1.2120403e+00
   2.7020000e+01   2.8455637e+00
   2.7030000e+01   5.0292950e+00
   2.7040000e+01   7.6595469e+00
   2.7050000e+01   9.8600232e+00
   2.7060000e+01   1.0958801e+01
   2.7070000e+01   1.1318505e+01
   2.7080000e+01   1.1885795e+01
   2.7090000e+01   1.3236630e+01
   2.7100000e+01   1.5268906e+01
   2.7110000e+01   1.7523467e+01
   2.7120000e+01   1.9591368e+01
   2.7130000e+01   2.1343861e+01
   2.7140000e+01   2.2857748e+01
   2.7150000e+01   2.4177013e+01
   2.7160000e+01   2.5274552e+01
   2.7170000e+01   2.6114975e+01
