   0.0000000e+00   1.1809172e+00
   1.0000000e-02   7.8789286e+00
   2.0000000e-02   2.4022511e+01
   3.0000000e-02   4.3647364e+01
   4.0000000e-02   5.0328061e+01
   5.0000000e-02   3.3922755e+01
   6.0000000e-02   6.0500842e+00
   7.0000000e-02  -1.0273577e+01
   8.0000000e-02  -7.4637304e+00
   9.0000000e-02   3.6903900e-01
   1.0000000e-01   2.3872551e-01
   1.1000000e-01  -3.8656368e+00
   1.2000000e-01  -3.5673981e+00
   1.3000000e-01  -9.9042004e-01
   1.4000000e-01  -2.2628547e+00
   1.5000000e-01  -6.1292185e+00
   1.6000000e-01  -7.9267391e+00
   1.7000000e-01  -8.1227767e+00
   1.8000000e-01  -9.3114074e+00
   1.9000000e-01  -9.9819226e+00
   2.0000000e-01  -7.7104048e+00
   2.1000000e-01  -4.4197434e+00
   2.2000000e-01  -3.4728981e+00
   2.3000000e-01  -4.9170751e+00
   2.4000000e-01  -6.9848356e+00
   2.5000000e-01  -9.0019209e+00
   2.6000000e-01  -1.0358164e+01
   2.7000000e-01  -9.7191447e+00
   2.8000000e-01  -7.2707792e+00
   2.9000000e-01  -5.3588058e+00
   3.0000000e-01  -5.6780396e+00
   3.1000000e-01  -7.7393758e+00
   3.2000000e-01  -1.0460251e+01
   3.3000000e-01  -1.3103142e+01
   3.4000000e-01  -1.4359611e+01
   3.5000000e-01  -1.2791715e+01
   3.6000000e-01  -8.9662365e+00
   3.7000000e-01  -5.5188221e+00
   3.8000000e-01  -4.4120399e+00
   3.9000000e-01  -5.2834301e+00
   4.0000000e-01  -6.7270872e+00
   4.1000000e-01  -7.8507595e+00
   4.2000000e-01  -8.2798599e+00
   4.3000000e-01  -8.0057851e+00
   4.4000000e-01  -7.7179936e+00
   4.5000000e-01  -8.2223758e+00
   4.6000000e-01  -9.2160414e+00
   4.7000000e-01  -9.5951701e+00
   4.8000000e-01  -9.0956457e+00
   4.9000000e-01  -8.5812838e+00
   5.0000000e-01  -8.5856565e+00
   5.1000000e-01  -8.6607900e+00
   5.2000000e-01  -8.3961526e+00
   5.3000000e-01  -8.0707560e+00
   5.4000000e-01  -7.9829420e+00
   5.5000000e-01  -7.9241710e+00
   5.6000000e-01  -7.5272101e+00
   5.7000000e-01  -6.5362353e+00
   5.8000000e-01  -4.8156255e+00
   5.9000000e-01  -2.7686399e+00
   6.0000000e-01  -1.4789678e+00
   6.1000000e-01  -1.5706061e+00
   6.2000000e-01  -2.2933552e+00
   6.3000000e-01  -2.8839163e+00
   6.4000000e-01  -4.3555658e+00
   6.5000000e-01  -8.1140270e+00
   6.6000000e-01  -1.2826549e+01
   6.7000000e-01  -1.4939040e+01
   6.8000000e-01  -1.3071151e+01
   6.9000000e-01  -9.8195288e+00
   7.0000000e-01  -8.0622908e+00
   7.1000000e-01  -7.4455152e+00
   7.2000000e-01  -6.0730166e+00
   7.3000000e-01  -3.9441027e+00
   7.4000000e-01  -2.6968432e+00
   7.5000000e-01  -2.8384475e+00
   7.6000000e-01  -2.9286713e+00
   7.7000000e-01  -1.2778954e+00
   7.8000000e-01   2.1802406e+00
   7.9000000e-01   5.1219513e+00
   8.0000000e-01   3.9188670e+00
   8.1000000e-01  -3.1089763e+00
   8.2000000e-01  -1.3039304e+01
   8.3000000e-01  -2.0123258e+01
   8.4000000e-01  -2.0771841e+01
   8.5000000e-01  -1.6187187e+01
   8.6000000e-01  -1.0302464e+01
   8.7000000e-01  -6.2131240e+00
   8.8000000e-01  -4.4725287e+00
   8.9000000e-01  -3.5971414e+00
   9.0000000e-01  -1.7757317e+00
   9.1000000e-01   1.5097626e+00
   9.2000000e-01   5.3639945e+00
   9.3000000e-01   8.6900999e+00
   9.4000000e-01   1.0936741e+01
   9.5000000e-01   1.1831197e+01
   9.6000000e-01   1.1200181e+01
   9.7000000e-01   8.9217886e+00
   9.8000000e-01   4.3406255e+00
   9.9000000e-01  -3.5878058e+00
   1.0000000e+00  -1.4169014e+01
   1.0100000e+00  -2.3406472e+01
   1.0200000e+00  -2.6334316e+01
   1.0300000e+00  -2.1379228e+01
   1.0400000e+00  -1.1630140e+01
   1.0500000e+00  -1.7883839e+00
   1.0600000e+00   5.5091486e+00
   1.0700000e+00   1.0519472e+01
   1.0800000e+00   1.4242793e+01
   1.0900000e+00   1.5886395e+01
   1.1000000e+00   1.3198042e+01
   1.1100000e+00   5.9953130e+00
   1.1200000e+00  -1.5782849e+00
   1.1300000e+00  -4.1503431e+00
   1.1400000e+00  -4.8338144e-01
   1.1500000e+00   5.7607572e+00
   1.1600000e+00   1.0388377e+01
   1.1700000e+00   1.1788736e+01
   1.1800000e+00   9.6866368e+00
   1.1900000e+00   3.6581704e+00
   1.2000000e+00  -5.3151122e+00
   1.2100000e+00  -1.3373396e+01
   1.2200000e+00  -1.6140168e+01
   1.2300000e+00  -1.2758900e+01
   1.2400000e+00  -6.5219172e+00
   1.2500000e+00  -1.2271927e+00
   1.2600000e+00   2.4083717e+00
   1.2700000e+00   6.4116965e+00
   1.2800000e+00   1.2310921e+01
   1.2900000e+00   1.8937552e+01
   1.3000000e+00   2.3224271e+01
   1.3100000e+00   2.2614505e+01
   1.3200000e+00   1.7017237e+01
   1.3300000e+00   9.2084232e+00
   1.3400000e+00   3.1456285e+00
   1.3500000e+00   9.4787359e-01
   1.3600000e+00   1.3593906e+00
   1.3700000e+00   1.7152869e+00
   1.3800000e+00   1.1955279e+00
   1.3900000e+00   1.3284152e+00
   1.4000000e+00   3.4776046e+00
   1.4100000e+00   6.9752813e+00
   1.4200000e+00   1.0174844e+01
   1.4300000e+00   1.2670919e+01
   1.4400000e+00   1.5799218e+01
   1.4500000e+00   2.0951121e+01
   1.4600000e+00   2.7852496e+01
   1.4700000e+00   3.4721524e+01
   1.4800000e+00   3.9523478e+01
   1.4900000e+00   4.0451564e+01
   1.5000000e+00   3.6137820e+01
   1.5100000e+00   2.7153761e+01
   1.5200000e+00   1.7057916e+01
   1.5300000e+00   9.9856843e+00
   1.5400000e+00   6.9308678e+00
   1.5500000e+00   5.9113875e+00
   1.5600000e+00   5.4015657e+00
   1.5700000e+00   5.4060709e+00
   1.5800000e+00   5.5388987e+00
   1.5900000e+00   5.0289186e+00
   1.6000000e+00   5.1165562e+00
   1.6100000e+00   8.6500679e+00
   1.6200000e+00   1.6149946e+01
   1.6300000e+00   2.4140116e+01
   1.6400000e+00   2.8271372e+01
   1.6500000e+00   2.6916730e+01
   1.6600000e+00   2.1692113e+01
   1.6700000e+00   1.6028073e+01
   1.6800000e+00   1.3327624e+01
   1.6900000e+00   1.4962777e+01
   1.7000000e+00   1.9471442e+01
   1.7100000e+00   2.4123004e+01
   1.7200000e+00   2.6950779e+01
   1.7300000e+00   2.6900852e+01
   1.7400000e+00   2.3227707e+01
   1.7500000e+00   1.6378807e+01
   1.7600000e+00   9.2261286e+00
   1.7700000e+00   5.6859725e+00
   1.7800000e+00   7.0681085e+00
   1.7900000e+00   1.0286214e+01
   1.8000000e+00   1.0904318e+01
   1.8100000e+00   8.5696617e+00
   1.8200000e+00   8.5648630e+00
   1.8300000e+00   1.6547675e+01
   1.8400000e+00   3.1800634e+01
   1.8500000e+00   4.7055202e+01
   1.8600000e+00   5.5201794e+01
   1.8700000e+00   5.4907004e+01
   1.8800000e+00   4.9607342e+01
   1.8900000e+00   4.3066360e+01
   1.9000000e+00   3.7174155e+01
   1.9100000e+00   3.2570815e+01
   1.9200000e+00   2.9273040e+01
   1.9300000e+00   2.6577330e+01
   1.9400000e+00   2.3583168e+01
   1.9500000e+00   2.0258251e+01
   1.9600000e+00   1.7441228e+01
   1.9700000e+00   1.5501683e+01
   1.9800000e+00   1.3587945e+01
   1.9900000e+00   1.1086860e+01
   2.0000000e+00   9.7171643e+00
   2.0100000e+00   1.2676325e+01
   2.0200000e+00   2.0618061e+01
   2.0300000e+00   2.9445914e+01
   2.0400000e+00   3.3618501e+01
   2.0500000e+00   3.1413196e+01
   2.0600000e+00   2.5951520e+01
   2.0700000e+00   2.1560295e+01
   2.0800000e+00   2.0157300e+01
   2.0900000e+00   2.0495564e+01
   2.1000000e+00   1.9709598e+01
   2.1100000e+00   1.6285125e+01
   2.1200000e+00   1.2568175e+01
   2.1300000e+00   1.3065949e+01
   2.1400000e+00   1.8730862e+01
   2.1500000e+00   2.4468899e+01
   2.1600000e+00   2.4591517e+01
   2.1700000e+00   1.9681782e+01
   2.1800000e+00   1.5754164e+01
   2.1900000e+00   1.7500847e+01
   2.2000000e+00   2.4644631e+01
   2.2100000e+00   3.3894174e+01
   2.2200000e+00   4.1503999e+01
   2.2300000e+00   4.4095011e+01
   2.2400000e+00   3.9890376e+01
   2.2500000e+00   3.0136865e+01
   2.2600000e+00   1.7939098e+01
   2.2700000e+00   5.5389297e+00
   2.2800000e+00  -5.9297689e+00
   2.2900000e+00  -1.4265485e+01
   2.3000000e+00  -1.5766069e+01
   2.3100000e+00  -7.9119692e+00
   2.3200000e+00   7.8309435e+00
   2.3300000e+00   2.5676254e+01
   2.3400000e+00   3.7890215e+01
   2.3500000e+00   3.9251717e+01
   2.3600000e+00   3.1369788e+01
   2.3700000e+00   2.2440143e+01
   2.3800000e+00   2.0603782e+01
   2.3900000e+00   2.6456438e+01
   2.4000000e+00   3.2999581e+01
   2.4100000e+00   3.3479862e+01
   2.4200000e+00   2.7924932e+01
   2.4300000e+00   2.0895413e+01
   2.4400000e+00   1.4355691e+01
   2.4500000e+00   5.3336974e+00
   2.4600000e+00  -9.1742913e+00
   2.4700000e+00  -2.7090583e+01
   2.4800000e+00  -4.2209923e+01
   2.4900000e+00  -4.9418944e+01
   2.5000000e+00  -4.8380500e+01
   2.5100000e+00  -4.2928189e+01
   2.5200000e+00  -3.7737392e+01
   2.5300000e+00  -3.5474086e+01
   2.5400000e+00  -3.6446629e+01
   2.5500000e+00  -3.9791903e+01
   2.5600000e+00  -4.3874786e+01
   2.5700000e+00  -4.6389102e+01
   2.5800000e+00  -4.6464860e+01
   2.5900000e+00  -4.6893976e+01
   2.6000000e+00  -5.1727249e+01
   2.6100000e+00  -6.0951925e+01
   2.6200000e+00  -7.0216503e+01
   2.6300000e+00  -7.6980830e+01
   2.6400000e+00  -8.4118536e+01
   2.6500000e+00  -9.5334926e+01
   2.6600000e+00  -1.0899954e+02
   2.6700000e+00  -1.1885598e+02
   2.6800000e+00  -1.1997050e+02
   2.6900000e+00  -1.1241021e+02
   2.7000000e+00  -9.9822602e+01
   2.7100000e+00  -8.5912956e+01
   2.7200000e+00  -7.2264700e+01
   2.7300000e+00  -5.8797506e+01
   2.7400000e+00  -4.6046186e+01
   2.7500000e+00  -3.6555760e+01
   2.7600000e+00  -3.3007098e+01
   2.7700000e+00  -3.4483620e+01
   2.7800000e+00  -3.5621007e+01
   2.7900000e+00  -3.0976969e+01
   2.8000000e+00  -2.0424937e+01
   2.8100000e+00  -9.3307441e+00
   2.8200000e+00  -3.7221110e+00
   2.8300000e+00  -6.9337436e+00
   2.8400000e+00  -2.0806430e+01
   2.8500000e+00  -4.7118500e+01
   2.8600000e+00  -8.5534596e+01
   2.8700000e+00  -1.3089349e+02
   2.8800000e+00  -1.7397375e+02
   2.8900000e+00  -2.0558504e+02
   2.9000000e+00  -2.2125073e+02
   2.9100000e+00  -2.2325162e+02
   2.9200000e+00  -2.1732521e+02
   2.9300000e+00  -2.0667379e+02
   2.9400000e+00  -1.9104490e+02
   2.9500000e+00  -1.7179649e+02
   2.9600000e+00  -1.5313210e+02
   2.9700000e+00  -1.3530552e+02
   2.9800000e+00  -1.1033152e+02
   2.9900000e+00  -6.8353206e+01
   3.0000000e+00  -6.7881315e+00
   3.0100000e+00   6.7912310e+01
   3.0200000e+00   1.4399350e+02
   3.0300000e+00   2.0784600e+02
   3.0400000e+00   2.4667182e+02
   3.0500000e+00   2.5021828e+02
   3.0600000e+00   2.1151252e+02
   3.0700000e+00   1.3186232e+02
   3.0800000e+00   2.9852309e+01
   3.0900000e+00  -6.1497227e+01
   3.1000000e+00  -1.1728952e+02
   3.1100000e+00  -1.3962433e+02
   3.1200000e+00  -1.4751184e+02
   3.1300000e+00  -1.5233320e+02
   3.1400000e+00  -1.5222386e+02
   3.1500000e+00  -1.4594922e+02
   3.1600000e+00  -1.3896515e+02
   3.1700000e+00  -1.3433877e+02
   3.1800000e+00  -1.2732457e+02
   3.1900000e+00  -1.1135925e+02
   3.2000000e+00  -8.3543968e+01
   3.2100000e+00  -4.4614071e+01
   3.2200000e+00   1.8446386e-01
   3.2300000e+00   4.1173135e+01
   3.2400000e+00   7.1422322e+01
   3.2500000e+00   9.2241217e+01
   3.2600000e+00   1.0526653e+02
   3.2700000e+00   1.0214526e+02
   3.2800000e+00   7.1679883e+01
   3.2900000e+00   1.7948127e+01
   3.3000000e+00  -3.7569469e+01
   3.3100000e+00  -7.5941330e+01
   3.3200000e+00  -9.7231381e+01
   3.3300000e+00  -1.1259434e+02
   3.3400000e+00  -1.2414282e+02
   3.3500000e+00  -1.1953446e+02
   3.3600000e+00  -8.7490862e+01
   3.3700000e+00  -3.3471773e+01
   3.3800000e+00   2.4380681e+01
   3.3900000e+00   7.3005176e+01
   3.4000000e+00   1.1388963e+02
   3.4100000e+00   1.5596075e+02
   3.4200000e+00   2.0411720e+02
   3.4300000e+00   2.5525136e+02
   3.4400000e+00   3.0161009e+02
   3.4500000e+00   3.3774283e+02
   3.4600000e+00   3.6676828e+02
   3.4700000e+00   3.9805638e+02
   3.4800000e+00   4.3553418e+02
   3.4900000e+00   4.7106248e+02
   3.5000000e+00   4.9235258e+02
   3.5100000e+00   4.9233774e+02
   3.5200000e+00   4.6681940e+02
   3.5300000e+00   4.1102835e+02
   3.5400000e+00   3.2730891e+02
   3.5500000e+00   2.3127488e+02
   3.5600000e+00   1.4183997e+02
   3.5700000e+00   6.7453431e+01
   3.5800000e+00   6.8052114e+00
   3.5900000e+00  -4.1632234e+01
   3.6000000e+00  -7.6223392e+01
   3.6100000e+00  -9.4886177e+01
   3.6200000e+00  -9.7361342e+01
   3.6300000e+00  -8.7312091e+01
   3.6400000e+00  -7.3143111e+01
   3.6500000e+00  -6.2861361e+01
   3.6600000e+00  -5.7560259e+01
   3.6700000e+00  -5.3176569e+01
   3.6800000e+00  -4.7365133e+01
   3.6900000e+00  -4.0804434e+01
   3.7000000e+00  -3.3731005e+01
   3.7100000e+00  -2.5738213e+01
   3.7200000e+00  -1.8257664e+01
   3.7300000e+00  -1.4564744e+01
   3.7400000e+00  -1.8322569e+01
   3.7500000e+00  -3.2678312e+01
   3.7600000e+00  -5.7611702e+01
   3.7700000e+00  -8.7017487e+01
   3.7800000e+00  -1.1203816e+02
   3.7900000e+00  -1.2909106e+02
   3.8000000e+00  -1.4138277e+02
   3.8100000e+00  -1.5055538e+02
   3.8200000e+00  -1.5043326e+02
   3.8300000e+00  -1.3337492e+02
   3.8400000e+00  -1.0219736e+02
   3.8500000e+00  -7.1744668e+01
   3.8600000e+00  -5.7122047e+01
   3.8700000e+00  -6.2831785e+01
   3.8800000e+00  -8.4028812e+01
   3.8900000e+00  -1.1397483e+02
   3.9000000e+00  -1.4768965e+02
   3.9100000e+00  -1.8220222e+02
   3.9200000e+00  -2.1634205e+02
   3.9300000e+00  -2.4830004e+02
   3.9400000e+00  -2.7393353e+02
   3.9500000e+00  -2.9209400e+02
   3.9600000e+00  -3.0936676e+02
   3.9700000e+00  -3.3060811e+02
   3.9800000e+00  -3.4533172e+02
   3.9900000e+00  -3.3446253e+02
   4.0000000e+00  -2.9221422e+02
   4.0100000e+00  -2.3092258e+02
   4.0200000e+00  -1.6357302e+02
   4.0300000e+00  -9.3623254e+01
   4.0400000e+00  -2.3603957e+01
   4.0500000e+00   3.9412935e+01
   4.0600000e+00   9.1818629e+01
   4.0700000e+00   1.3765128e+02
   4.0800000e+00   1.8050570e+02
   4.0900000e+00   2.1770560e+02
   4.1000000e+00   2.4507918e+02
   4.1100000e+00   2.6225981e+02
   4.1200000e+00   2.7175320e+02
   4.1300000e+00   2.7721264e+02
   4.1400000e+00   2.8337887e+02
   4.1500000e+00   2.9349074e+02
   4.1600000e+00   3.0530953e+02
   4.1700000e+00   3.1207754e+02
   4.1800000e+00   3.0849243e+02
   4.1900000e+00   2.9506247e+02
   4.2000000e+00   2.7684598e+02
   4.2100000e+00   2.5878151e+02
   4.2200000e+00   2.4212588e+02
   4.2300000e+00   2.2466107e+02
   4.2400000e+00   2.0385848e+02
   4.2500000e+00   1.7953507e+02
   4.2600000e+00   1.5281741e+02
   4.2700000e+00   1.2212297e+02
   4.2800000e+00   8.1683459e+01
   4.2900000e+00   2.7200267e+01
   4.3000000e+00  -3.6219591e+01
   4.3100000e+00  -9.5134034e+01
   4.3200000e+00  -1.3917915e+02
   4.3300000e+00  -1.6895396e+02
   4.3400000e+00  -1.9070000e+02
   4.3500000e+00  -2.0711867e+02
   4.3600000e+00  -2.1718885e+02
   4.3700000e+00  -2.2187393e+02
   4.3800000e+00  -2.2516729e+02
   4.3900000e+00  -2.3004141e+02
   4.4000000e+00  -2.3580537e+02
   4.4100000e+00  -2.3893622e+02
   4.4200000e+00  -2.3605755e+02
   4.4300000e+00  -2.2748371e+02
   4.4400000e+00  -2.1676770e+02
   4.4500000e+00  -2.0399541e+02
   4.4600000e+00  -1.8173555e+02
   4.4700000e+00  -1.4301205e+02
   4.4800000e+00  -9.2811617e+01
   4.4900000e+00  -4.6260854e+01
   4.5000000e+00  -1.4621734e+01
   4.5100000e+00   2.7057242e+00
   4.5200000e+00   1.1711416e+01
   4.5300000e+00   1.3486721e+01
   4.5400000e+00   2.5379365e+00
   4.5500000e+00  -2.5901220e+01
   4.5600000e+00  -6.8083253e+01
   4.5700000e+00  -1.1218295e+02
   4.5800000e+00  -1.4764797e+02
   4.5900000e+00  -1.7343493e+02
   4.6000000e+00  -1.9573211e+02
   4.6100000e+00  -2.1967663e+02
   4.6200000e+00  -2.4577184e+02
   4.6300000e+00  -2.7129409e+02
   4.6400000e+00  -2.9098565e+02
   4.6500000e+00  -2.9908302e+02
   4.6600000e+00  -2.9536795e+02
   4.6700000e+00  -2.8705209e+02
   4.6800000e+00  -2.8100851e+02
   4.6900000e+00  -2.7726663e+02
   4.7000000e+00  -2.7289147e+02
   4.7100000e+00  -2.6610332e+02
   4.7200000e+00  -2.5149624e+02
   4.7300000e+00  -2.1838050e+02
   4.7400000e+00  -1.6255081e+02
   4.7500000e+00  -9.5708196e+01
   4.7600000e+00  -3.5528928e+01
   4.7700000e+00   1.0334433e+01
   4.7800000e+00   4.4038079e+01
   4.7900000e+00   6.6467233e+01
   4.8000000e+00   7.5374727e+01
   4.8100000e+00   7.2552770e+01
   4.8200000e+00   6.5027162e+01
   4.8300000e+00   5.9093063e+01
   4.8400000e+00   5.7846766e+01
   4.8500000e+00   6.3085603e+01
   4.8600000e+00   7.4766913e+01
   4.8700000e+00   8.9649676e+01
   4.8800000e+00   1.0461347e+02
   4.8900000e+00   1.2059024e+02
   4.9000000e+00   1.4057008e+02
   4.9100000e+00   1.6551202e+02
   4.9200000e+00   1.9443115e+02
   4.9300000e+00   2.2549258e+02
   4.9400000e+00   2.5400550e+02
   4.9500000e+00   2.7278231e+02
   4.9600000e+00   2.7935222e+02
   4.9700000e+00   2.8160508e+02
   4.9800000e+00   2.9201578e+02
   4.9900000e+00   3.1585230e+02
   5.0000000e+00   3.4709417e+02
   5.0100000e+00   3.7494973e+02
   5.0200000e+00   3.9144338e+02
   5.0300000e+00   3.9300265e+02
   5.0400000e+00   3.7866008e+02
   5.0500000e+00   3.4992904e+02
   5.0600000e+00   3.1211631e+02
   5.0700000e+00   2.7301624e+02
   5.0800000e+00   2.3806094e+02
   5.0900000e+00   2.0703898e+02
   5.1000000e+00   1.7714418e+02
   5.1100000e+00   1.4880465e+02
   5.1200000e+00   1.2629505e+02
   5.1300000e+00   1.1272582e+02
   5.1400000e+00   1.0742944e+02
   5.1500000e+00   1.0903989e+02
   5.1600000e+00   1.1748262e+02
   5.1700000e+00   1.3038288e+02
   5.1800000e+00   1.4058800e+02
   5.1900000e+00   1.4151261e+02
   5.2000000e+00   1.3437140e+02
   5.2100000e+00   1.2700261e+02
   5.2200000e+00   1.2550484e+02
   5.2300000e+00   1.2901127e+02
   5.2400000e+00   1.3189942e+02
   5.2500000e+00   1.2846568e+02
   5.2600000e+00   1.1577771e+02
   5.2700000e+00   9.5179676e+01
   5.2800000e+00   7.2190207e+01
   5.2900000e+00   5.2772347e+01
   5.3000000e+00   3.8168083e+01
   5.3100000e+00   2.4450495e+01
   5.3200000e+00   7.9402766e+00
   5.3300000e+00  -1.0352222e+01
   5.3400000e+00  -2.6837846e+01
   5.3500000e+00  -4.0546032e+01
   5.3600000e+00  -5.4089117e+01
   5.3700000e+00  -6.9355806e+01
   5.3800000e+00  -8.4063335e+01
   5.3900000e+00  -9.3798393e+01
   5.4000000e+00  -9.6736087e+01
   5.4100000e+00  -9.5147533e+01
   5.4200000e+00  -9.2520193e+01
   5.4300000e+00  -9.0133669e+01
   5.4400000e+00  -8.5987409e+01
   5.4500000e+00  -7.5817671e+01
   5.4600000e+00  -5.5703037e+01
   5.4700000e+00  -2.5851777e+01
   5.4800000e+00   7.3622085e+00
   5.4900000e+00   3.4490674e+01
   5.5000000e+00   4.9311593e+01
   5.5100000e+00   5.1925063e+01
   5.5200000e+00   4.5832106e+01
   5.5300000e+00   3.3421639e+01
   5.5400000e+00   1.5264576e+01
   5.5500000e+00  -7.2577163e+00
   5.5600000e+00  -3.0549814e+01
   5.5700000e+00  -5.0562743e+01
   5.5800000e+00  -6.5019136e+01
   5.5900000e+00  -7.3474988e+01
   5.6000000e+00  -7.6534418e+01
   5.6100000e+00  -7.6320730e+01
   5.6200000e+00  -7.6442399e+01
   5.6300000e+00  -7.9002238e+01
   5.6400000e+00  -8.1697215e+01
   5.6500000e+00  -7.9948201e+01
   5.6600000e+00  -7.1885210e+01
   5.6700000e+00  -5.9340681e+01
   5.6800000e+00  -4.4550031e+01
   5.6900000e+00  -2.8812989e+01
   5.7000000e+00  -1.4466818e+01
   5.7100000e+00  -4.8724108e+00
   5.7200000e+00  -1.2302987e+00
   5.7300000e+00  -1.5704146e+00
   5.7400000e+00  -3.6332202e+00
   5.7500000e+00  -6.7939686e+00
   5.7600000e+00  -1.0736820e+01
   5.7700000e+00  -1.4420245e+01
   5.7800000e+00  -1.7192702e+01
   5.7900000e+00  -1.9374658e+01
   5.8000000e+00  -2.1228907e+01
   5.8100000e+00  -2.2760931e+01
   5.8200000e+00  -2.4813018e+01
   5.8300000e+00  -2.8855308e+01
   5.8400000e+00  -3.5145410e+01
   5.8500000e+00  -4.2003326e+01
   5.8600000e+00  -4.7073335e+01
   5.8700000e+00  -4.8679825e+01
   5.8800000e+00  -4.6424044e+01
   5.8900000e+00  -4.1458232e+01
   5.9000000e+00  -3.5498511e+01
   5.9100000e+00  -2.7973282e+01
   5.9200000e+00  -1.4465163e+01
   5.9300000e+00   9.9230478e+00
   5.9400000e+00   4.4711361e+01
   5.9500000e+00   8.2575997e+01
   5.9600000e+00   1.1451290e+02
   5.9700000e+00   1.3574266e+02
   5.9800000e+00   1.4576484e+02
   5.9900000e+00   1.4367442e+02
   6.0000000e+00   1.2621324e+02
   6.0100000e+00   9.2696190e+01
   6.0200000e+00   5.1013017e+01
   6.0300000e+00   1.5192448e+01
   6.0400000e+00  -5.1631731e+00
   6.0500000e+00  -1.1585979e+01
   6.0600000e+00  -1.1684580e+01
   6.0700000e+00  -9.8857491e+00
   6.0800000e+00  -5.5681855e+00
   6.0900000e+00   2.4361787e+00
   6.1000000e+00   1.3823316e+01
   6.1100000e+00   2.8023550e+01
   6.1200000e+00   4.2975547e+01
   6.1300000e+00   5.3279976e+01
   6.1400000e+00   5.4361781e+01
   6.1500000e+00   4.9143661e+01
   6.1600000e+00   4.6598925e+01
   6.1700000e+00   5.2475988e+01
   6.1800000e+00   6.4086878e+01
   6.1900000e+00   7.4461162e+01
   6.2000000e+00   7.8741736e+01
   6.2100000e+00   7.6383613e+01
   6.2200000e+00   7.0359131e+01
   6.2300000e+00   6.5278617e+01
   6.2400000e+00   6.4065403e+01
   6.2500000e+00   6.5447000e+01
   6.2600000e+00   6.5669237e+01
   6.2700000e+00   6.2290253e+01
   6.2800000e+00   5.5080199e+01
   6.2900000e+00   4.4505507e+01
   6.3000000e+00   3.1689644e+01
   6.3100000e+00   1.9067579e+01
   6.3200000e+00   8.3076043e+00
   6.3300000e+00  -2.4328215e+00
   6.3400000e+00  -1.6570618e+01
   6.3500000e+00  -3.3788014e+01
   6.3600000e+00  -4.9291276e+01
   6.3700000e+00  -6.0250682e+01
   6.3800000e+00  -7.0961799e+01
   6.3900000e+00  -8.8191461e+01
   6.4000000e+00  -1.1141074e+02
   6.4100000e+00  -1.3112845e+02
   6.4200000e+00  -1.3865608e+02
   6.4300000e+00  -1.3499426e+02
   6.4400000e+00  -1.2784898e+02
   6.4500000e+00  -1.2241067e+02
   6.4600000e+00  -1.1857050e+02
   6.4700000e+00  -1.1540906e+02
   6.4800000e+00  -1.1361680e+02
   6.4900000e+00  -1.1311269e+02
   6.5000000e+00  -1.1214154e+02
   6.5100000e+00  -1.0990760e+02
   6.5200000e+00  -1.0751777e+02
   6.5300000e+00  -1.0567913e+02
   6.5400000e+00  -1.0403627e+02
   6.5500000e+00  -1.0364025e+02
   6.5600000e+00  -1.0775404e+02
   6.5700000e+00  -1.1883027e+02
   6.5800000e+00  -1.3575632e+02
   6.5900000e+00  -1.5456519e+02
   6.6000000e+00  -1.7079028e+02
   6.6100000e+00  -1.8088842e+02
   6.6200000e+00  -1.8248141e+02
   6.6300000e+00  -1.7401835e+02
   6.6400000e+00  -1.5480324e+02
   6.6500000e+00  -1.2656200e+02
   6.6600000e+00  -9.5201362e+01
   6.6700000e+00  -6.9001299e+01
   6.6800000e+00  -5.3185007e+01
   6.6900000e+00  -4.6693272e+01
   6.7000000e+00  -4.5026453e+01
   6.7100000e+00  -4.5022916e+01
   6.7200000e+00  -4.5784007e+01
   6.7300000e+00  -4.6751165e+01
   6.7400000e+00  -4.7440041e+01
   6.7500000e+00  -4.8536823e+01
   6.7600000e+00  -5.0888181e+01
   6.7700000e+00  -5.3437388e+01
   6.7800000e+00  -5.4339661e+01
   6.7900000e+00  -5.4349083e+01
   6.8000000e+00  -5.6975326e+01
   6.8100000e+00  -6.4664037e+01
   6.8200000e+00  -7.6423836e+01
   6.8300000e+00  -8.9407923e+01
   6.8400000e+00  -1.0105005e+02
   6.8500000e+00  -1.0984735e+02
   6.8600000e+00  -1.1658453e+02
   6.8700000e+00  -1.2500111e+02
   6.8800000e+00  -1.3847826e+02
   6.8900000e+00  -1.5515039e+02
   6.9000000e+00  -1.6814261e+02
   6.9100000e+00  -1.7102358e+02
   6.9200000e+00  -1.6179106e+02
   6.9300000e+00  -1.4274304e+02
   6.9400000e+00  -1.1921585e+02
   6.9500000e+00  -9.7734820e+01
   6.9600000e+00  -8.2139348e+01
   6.9700000e+00  -7.1051027e+01
   6.9800000e+00  -6.0882661e+01
   6.9900000e+00  -5.0779376e+01
   7.0000000e+00  -4.2935650e+01
   7.0100000e+00  -3.9220999e+01
   7.0200000e+00  -3.9639566e+01
   7.0300000e+00  -4.3338763e+01
   7.0400000e+00  -4.9070432e+01
   7.0500000e+00  -5.4803033e+01
   7.0600000e+00  -5.8469336e+01
   7.0700000e+00  -5.9799595e+01
   7.0800000e+00  -6.1204887e+01
   7.0900000e+00  -6.6239153e+01
   7.1000000e+00  -7.6236239e+01
   7.1100000e+00  -8.8154793e+01
   7.1200000e+00  -9.6298222e+01
   7.1300000e+00  -9.5972140e+01
   7.1400000e+00  -8.5000240e+01
   7.1500000e+00  -6.3640635e+01
   7.1600000e+00  -3.5981693e+01
   7.1700000e+00  -1.0514192e+01
   7.1800000e+00   4.6011218e+00
   7.1900000e+00   7.9791090e+00
   7.2000000e+00   5.0752889e+00
   7.2100000e+00   2.4249150e+00
   7.2200000e+00   3.9268569e+00
   7.2300000e+00   1.1268476e+01
   7.2400000e+00   2.4161233e+01
   7.2500000e+00   3.9911200e+01
   7.2600000e+00   5.5344652e+01
   7.2700000e+00   6.9334053e+01
   7.2800000e+00   8.2099261e+01
   7.2900000e+00   9.3413339e+01
   7.3000000e+00   1.0355443e+02
   7.3100000e+00   1.1443217e+02
   7.3200000e+00   1.2714455e+02
   7.3300000e+00   1.3945082e+02
   7.3400000e+00   1.4798317e+02
   7.3500000e+00   1.5204488e+02
   7.3600000e+00   1.5318991e+02
   7.3700000e+00   1.5209644e+02
   7.3800000e+00   1.4794685e+02
   7.3900000e+00   1.4000415e+02
   7.4000000e+00   1.2780252e+02
   7.4100000e+00   1.1054618e+02
   7.4200000e+00   8.8257203e+01
   7.4300000e+00   6.3078292e+01
   7.4400000e+00   3.8004984e+01
   7.4500000e+00   1.5028539e+01
   7.4600000e+00  -4.1392077e+00
   7.4700000e+00  -1.6766884e+01
   7.4800000e+00  -2.0896470e+01
   7.4900000e+00  -1.8020947e+01
   7.5000000e+00  -1.1528418e+01
   7.5100000e+00  -2.3053105e+00
   7.5200000e+00   1.1694841e+01
   7.5300000e+00   3.0793921e+01
   7.5400000e+00   5.0870122e+01
   7.5500000e+00   6.6958319e+01
   7.5600000e+00   7.8355382e+01
   7.5700000e+00   8.8749919e+01
   7.5800000e+00   1.0201036e+02
   7.5900000e+00   1.1887815e+02
   7.6000000e+00   1.3702693e+02
   7.6100000e+00   1.5305099e+02
   7.6200000e+00   1.6458212e+02
   7.6300000e+00   1.7151562e+02
   7.6400000e+00   1.7551862e+02
   7.6500000e+00   1.7821707e+02
   7.6600000e+00   1.8006054e+02
   7.6700000e+00   1.8095140e+02
   7.6800000e+00   1.8106286e+02
   7.6900000e+00   1.7986937e+02
   7.7000000e+00   1.7441002e+02
   7.7100000e+00   1.6021265e+02
   7.7200000e+00   1.3570960e+02
   7.7300000e+00   1.0556915e+02
   7.7400000e+00   7.8136639e+01
   7.7500000e+00   5.9127876e+01
   7.7600000e+00   4.8442653e+01
   7.7700000e+00   4.2589882e+01
   7.7800000e+00   3.8858689e+01
   7.7900000e+00   3.7550437e+01
   7.8000000e+00   4.1652747e+01
   7.8100000e+00   5.3877319e+01
   7.8200000e+00   7.2475381e+01
   7.8300000e+00   9.0631255e+01
   7.8400000e+00   1.0175837e+02
   7.8500000e+00   1.0492711e+02
   7.8600000e+00   1.0377660e+02
   7.8700000e+00   1.0130365e+02
   7.8800000e+00   9.7630753e+01
   7.8900000e+00   9.1952330e+01
   7.9000000e+00   8.4513044e+01
   7.9100000e+00   7.6476823e+01
   7.9200000e+00   6.8605897e+01
   7.9300000e+00   6.0166677e+01
   7.9400000e+00   4.9759968e+01
   7.9500000e+00   3.8052464e+01
   7.9600000e+00   2.8405963e+01
   7.9700000e+00   2.3093029e+01
   7.9800000e+00   2.0312579e+01
   7.9900000e+00   1.7115489e+01
   8.0000000e+00   1.3797831e+01
   8.0100000e+00   1.3034718e+01
   8.0200000e+00   1.6039038e+01
   8.0300000e+00   2.1571779e+01
   8.0400000e+00   2.7011293e+01
   8.0500000e+00   2.8602920e+01
   8.0600000e+00   2.2879557e+01
   8.0700000e+00   9.8519398e+00
   8.0800000e+00  -7.2054245e+00
   8.0900000e+00  -2.6371312e+01
   8.1000000e+00  -4.8575236e+01
   8.1100000e+00  -7.3099193e+01
   8.1200000e+00  -9.5156211e+01
   8.1300000e+00  -1.1022884e+02
   8.1400000e+00  -1.1790630e+02
   8.1500000e+00  -1.1955459e+02
   8.1600000e+00  -1.1562706e+02
   8.1700000e+00  -1.0795891e+02
   8.1800000e+00  -1.0159213e+02
   8.1900000e+00  -1.0048529e+02
   8.2000000e+00  -1.0261919e+02
   8.2100000e+00  -1.0245965e+02
   8.2200000e+00  -9.7762087e+01
   8.2300000e+00  -9.1081241e+01
   8.2400000e+00  -8.4290060e+01
   8.2500000e+00  -7.4674411e+01
   8.2600000e+00  -5.8865712e+01
   8.2700000e+00  -3.9411347e+01
   8.2800000e+00  -2.4295300e+01
   8.2900000e+00  -1.8951119e+01
   8.3000000e+00  -2.0889101e+01
   8.3100000e+00  -2.3901702e+01
   8.3200000e+00  -2.5904680e+01
   8.3300000e+00  -3.0068368e+01
   8.3400000e+00  -3.8841608e+01
   8.3500000e+00  -4.9869737e+01
   8.3600000e+00  -5.8941907e+01
   8.3700000e+00  -6.5156990e+01
   8.3800000e+00  -7.1438380e+01
   8.3900000e+00  -8.0344975e+01
   8.4000000e+00  -9.0791266e+01
   8.4100000e+00  -9.9367089e+01
   8.4200000e+00  -1.0392971e+02
   8.4300000e+00  -1.0492045e+02
   8.4400000e+00  -1.0383755e+02
   8.4500000e+00  -1.0199691e+02
   8.4600000e+00  -1.0050633e+02
   8.4700000e+00  -9.9135064e+01
   8.4800000e+00  -9.4359556e+01
   8.4900000e+00  -8.0613444e+01
   8.5000000e+00  -5.5195822e+01
   8.5100000e+00  -2.1158641e+01
   8.5200000e+00   1.5262348e+01
   8.5300000e+00   4.8668703e+01
   8.5400000e+00   7.5463545e+01
   8.5500000e+00   9.3091169e+01
   8.5600000e+00   1.0042176e+02
   8.5700000e+00   9.8473304e+01
   8.5800000e+00   8.9639955e+01
   8.5900000e+00   7.6214484e+01
   8.6000000e+00   5.9861776e+01
   8.6100000e+00   4.2136211e+01
   8.6200000e+00   2.5239873e+01
   8.6300000e+00   1.2177343e+01
   8.6400000e+00   5.5398338e+00
   8.6500000e+00   5.4963960e+00
   8.6600000e+00   9.2416195e+00
   8.6700000e+00   1.3040284e+01
   8.6800000e+00   1.5003303e+01
   8.6900000e+00   1.5903071e+01
   8.7000000e+00   1.7345266e+01
   8.7100000e+00   1.9068204e+01
   8.7200000e+00   1.8368261e+01
   8.7300000e+00   1.2956768e+01
   8.7400000e+00   4.1880219e+00
   8.7500000e+00  -3.7308341e+00
   8.7600000e+00  -7.7982992e+00
   8.7700000e+00  -8.3128954e+00
   8.7800000e+00  -7.0229860e+00
   8.7900000e+00  -4.7844446e+00
   8.8000000e+00  -1.5135004e+00
   8.8100000e+00   2.6924817e+00
   8.8200000e+00   7.0000962e+00
   8.8300000e+00   1.0041352e+01
   8.8400000e+00   1.0606580e+01
   8.8500000e+00   8.1150553e+00
   8.8600000e+00   2.0582203e+00
   8.8700000e+00  -8.2674454e+00
   8.8800000e+00  -2.2044172e+01
   8.8900000e+00  -3.5765566e+01
   8.9000000e+00  -4.6071675e+01
   8.9100000e+00  -5.3306398e+01
   8.9200000e+00  -5.9967111e+01
   8.9300000e+00  -6.6460795e+01
   8.9400000e+00  -7.0910032e+01
   8.9500000e+00  -7.1447503e+01
   8.9600000e+00  -6.5159037e+01
   8.9700000e+00  -4.7143781e+01
   8.9800000e+00  -1.6346577e+01
   8.9900000e+00   1.8532564e+01
   9.0000000e+00   4.4897450e+01
   9.0100000e+00   5.8342087e+01
   9.0200000e+00   6.4053453e+01
   9.0300000e+00   6.6757253e+01
   9.0400000e+00   6.5237957e+01
   9.0500000e+00   5.7529775e+01
   9.0600000e+00   4.5964088e+01
   9.0700000e+00   3.5145098e+01
   9.0800000e+00   2.8582303e+01
   9.0900000e+00   2.8319410e+01
   9.1000000e+00   3.4437185e+01
   9.1100000e+00   4.3971677e+01
   9.1200000e+00   5.3186085e+01
   9.1300000e+00   6.1653249e+01
   9.1400000e+00   7.2006212e+01
   9.1500000e+00   8.5669290e+01
   9.1600000e+00   1.0080771e+02
   9.1700000e+00   1.1417721e+02
   9.1800000e+00   1.2314233e+02
   9.1900000e+00   1.2612765e+02
   9.2000000e+00   1.2248748e+02
   9.2100000e+00   1.1181243e+02
   9.2200000e+00   9.3232540e+01
   9.2300000e+00   6.7081775e+01
   9.2400000e+00   3.7997391e+01
   9.2500000e+00   1.4005421e+01
   9.2600000e+00   3.8232919e-01
   9.2700000e+00  -4.4907105e+00
   9.2800000e+00  -5.7675004e+00
   9.2900000e+00  -6.2058696e+00
   9.3000000e+00  -5.5089980e+00
   9.3100000e+00  -4.1641065e+00
   9.3200000e+00  -5.0606326e+00
   9.3300000e+00  -1.0962166e+01
   9.3400000e+00  -2.2024264e+01
   9.3500000e+00  -3.6106434e+01
   9.3600000e+00  -5.0284805e+01
   9.3700000e+00  -6.1810851e+01
   9.3800000e+00  -6.8889306e+01
   9.3900000e+00  -7.1465023e+01
   9.4000000e+00  -7.1045153e+01
   9.4100000e+00  -6.9585914e+01
   9.4200000e+00  -6.8772261e+01
   9.4300000e+00  -6.9817132e+01
   9.4400000e+00  -7.2761408e+01
   9.4500000e+00  -7.5899109e+01
   9.4600000e+00  -7.6993284e+01
   9.4700000e+00  -7.5371394e+01
   9.4800000e+00  -7.2018923e+01
   9.4900000e+00  -6.7551315e+01
   9.5000000e+00  -6.1247699e+01
   9.5100000e+00  -5.2608201e+01
   9.5200000e+00  -4.2994069e+01
   9.5300000e+00  -3.5025707e+01
   9.5400000e+00  -3.0737192e+01
   9.5500000e+00  -3.0698840e+01
   9.5600000e+00  -3.4544630e+01
   9.5700000e+00  -4.1709304e+01
   9.5800000e+00  -5.1259601e+01
   9.5900000e+00  -6.1081808e+01
   9.6000000e+00  -6.8116484e+01
   9.6100000e+00  -7.0490907e+01
   9.6200000e+00  -6.9266191e+01
   9.6300000e+00  -6.6849919e+01
   9.6400000e+00  -6.3376710e+01
   9.6500000e+00  -5.5632294e+01
   9.6600000e+00  -3.9995617e+01
   9.6700000e+00  -1.6030809e+01
   9.6800000e+00   1.2580098e+01
   9.6900000e+00   3.9992049e+01
   9.7000000e+00   6.1572912e+01
   9.7100000e+00   7.6337981e+01
   9.7200000e+00   8.6088249e+01
   9.7300000e+00   9.2413530e+01
   9.7400000e+00   9.5963087e+01
   9.7500000e+00   9.8671540e+01
   9.7600000e+00   1.0393581e+02
   9.7700000e+00   1.1272130e+02
   9.7800000e+00   1.2124074e+02
   9.7900000e+00   1.2465481e+02
   9.8000000e+00   1.2228353e+02
   9.8100000e+00   1.1749632e+02
   9.8200000e+00   1.1299228e+02
   9.8300000e+00   1.0787048e+02
   9.8400000e+00   9.9880003e+01
   9.8500000e+00   8.9844112e+01
   9.8600000e+00   8.2559163e+01
   9.8700000e+00   8.2168431e+01
   9.8800000e+00   8.7173763e+01
   9.8900000e+00   9.1762848e+01
   9.9000000e+00   9.1713604e+01
   9.9100000e+00   8.6474205e+01
   9.9200000e+00   7.5576240e+01
   9.9300000e+00   5.6778987e+01
   9.9400000e+00   2.9309508e+01
   9.9500000e+00  -3.8898984e+00
   9.9600000e+00  -3.8683749e+01
   9.9700000e+00  -7.2364400e+01
   9.9800000e+00  -1.0305849e+02
   9.9900000e+00  -1.2911257e+02
   1.0000000e+01  -1.5008450e+02
   1.0010000e+01  -1.6648242e+02
   1.0020000e+01  -1.7816507e+02
   1.0030000e+01  -1.8439707e+02
   1.0040000e+01  -1.8429888e+02
   1.0050000e+01  -1.7462488e+02
   1.0060000e+01  -1.4872077e+02
   1.0070000e+01  -1.0245096e+02
   1.0080000e+01  -4.2205766e+01
   1.0090000e+01   1.6279576e+01
   1.0100000e+01   5.8915585e+01
   1.0110000e+01   8.2104207e+01
   1.0120000e+01   9.1073879e+01
   1.0130000e+01   9.2414006e+01
   1.0140000e+01   9.0033283e+01
   1.0150000e+01   8.6483937e+01
   1.0160000e+01   8.4514031e+01
   1.0170000e+01   8.5676102e+01
   1.0180000e+01   8.8975213e+01
   1.0190000e+01   9.2644464e+01
   1.0200000e+01   9.6330183e+01
   1.0210000e+01   9.9914470e+01
   1.0220000e+01   1.0148418e+02
   1.0230000e+01   9.9006983e+01
   1.0240000e+01   9.3407755e+01
   1.0250000e+01   8.7479378e+01
   1.0260000e+01   8.2133198e+01
   1.0270000e+01   7.6213139e+01
   1.0280000e+01   6.9789507e+01
   1.0290000e+01   6.4919171e+01
   1.0300000e+01   6.2428064e+01
   1.0310000e+01   5.9692857e+01
   1.0320000e+01   5.2425519e+01
   1.0330000e+01   3.8079310e+01
   1.0340000e+01   1.7817990e+01
   1.0350000e+01  -3.8130877e+00
   1.0360000e+01  -2.1239524e+01
   1.0370000e+01  -3.0932346e+01
   1.0380000e+01  -3.2980182e+01
   1.0390000e+01  -3.0202537e+01
   1.0400000e+01  -2.5985624e+01
   1.0410000e+01  -2.2446280e+01
   1.0420000e+01  -1.9914839e+01
   1.0430000e+01  -1.7937902e+01
   1.0440000e+01  -1.6544196e+01
   1.0450000e+01  -1.6109066e+01
   1.0460000e+01  -1.6314204e+01
   1.0470000e+01  -1.6126276e+01
   1.0480000e+01  -1.4771437e+01
   1.0490000e+01  -1.2018634e+01
   1.0500000e+01  -7.7037983e+00
   1.0510000e+01  -1.8460716e+00
   1.0520000e+01   4.7753135e+00
   1.0530000e+01   1.0812884e+01
   1.0540000e+01   1.5129097e+01
   1.0550000e+01   1.7145485e+01
   1.0560000e+01   1.6783087e+01
   1.0570000e+01   1.4150831e+01
   1.0580000e+01   8.5453621e+00
   1.0590000e+01  -2.2701137e+00
   1.0600000e+01  -2.0377276e+01
   1.0610000e+01  -4.4430859e+01
   1.0620000e+01  -6.9022306e+01
   1.0630000e+01  -8.8419394e+01
   1.0640000e+01  -1.0079121e+02
   1.0650000e+01  -1.0839072e+02
   1.0660000e+01  -1.1418713e+02
   1.0670000e+01  -1.1904403e+02
   1.0680000e+01  -1.2193923e+02
   1.0690000e+01  -1.2215388e+02
   1.0700000e+01  -1.2083205e+02
   1.0710000e+01  -1.2041487e+02
   1.0720000e+01  -1.2271783e+02
   1.0730000e+01  -1.2786911e+02
   1.0740000e+01  -1.3531203e+02
   1.0750000e+01  -1.4535163e+02
   1.0760000e+01  -1.5884092e+02
   1.0770000e+01  -1.7526090e+02
   1.0780000e+01  -1.9189285e+02
   1.0790000e+01  -2.0520603e+02
   1.0800000e+01  -2.1273603e+02
   1.0810000e+01  -2.1393299e+02
   1.0820000e+01  -2.1007057e+02
   1.0830000e+01  -2.0329967e+02
   1.0840000e+01  -1.9506158e+02
   1.0850000e+01  -1.8548569e+02
   1.0860000e+01  -1.7470931e+02
   1.0870000e+01  -1.6407480e+02
   1.0880000e+01  -1.5525914e+02
   1.0890000e+01  -1.4882680e+02
   1.0900000e+01  -1.4385731e+02
   1.0910000e+01  -1.3725054e+02
   1.0920000e+01  -1.2263554e+02
   1.0930000e+01  -9.2898899e+01
   1.0940000e+01  -4.6990629e+01
   1.0950000e+01   6.6652796e+00
   1.0960000e+01   5.6210436e+01
   1.0970000e+01   9.5523340e+01
   1.0980000e+01   1.2528158e+02
   1.0990000e+01   1.4570618e+02
   1.1000000e+01   1.5229478e+02
   1.1010000e+01   1.4154314e+02
   1.1020000e+01   1.1923767e+02
   1.1030000e+01   9.8654686e+01
   1.1040000e+01   8.8133094e+01
   1.1050000e+01   8.2628305e+01
   1.1060000e+01   7.0739165e+01
   1.1070000e+01   4.8691556e+01
   1.1080000e+01   2.3170232e+01
   1.1090000e+01   8.8272323e-01
   1.1100000e+01  -1.8796575e+01
   1.1110000e+01  -3.8509473e+01
   1.1120000e+01  -5.5335843e+01
   1.1130000e+01  -6.2739618e+01
   1.1140000e+01  -5.7071962e+01
   1.1150000e+01  -3.8099689e+01
   1.1160000e+01  -5.7805988e+00
   1.1170000e+01   3.7954161e+01
   1.1180000e+01   8.4642825e+01
   1.1190000e+01   1.2208271e+02
   1.1200000e+01   1.4418693e+02
   1.1210000e+01   1.5549971e+02
   1.1220000e+01   1.6423816e+02
   1.1230000e+01   1.7318770e+02
   1.1240000e+01   1.7938821e+02
   1.1250000e+01   1.8037845e+02
   1.1260000e+01   1.7724417e+02
   1.1270000e+01   1.7203957e+02
   1.1280000e+01   1.6553948e+02
   1.1290000e+01   1.5838962e+02
   1.1300000e+01   1.5206807e+02
   1.1310000e+01   1.4730005e+02
   1.1320000e+01   1.4283575e+02
   1.1330000e+01   1.3686631e+02
   1.1340000e+01   1.2887013e+02
   1.1350000e+01   1.1965036e+02
   1.1360000e+01   1.1055339e+02
   1.1370000e+01   1.0292967e+02
   1.1380000e+01   9.7219995e+01
   1.1390000e+01   9.2249197e+01
   1.1400000e+01   8.6428254e+01
   1.1410000e+01   7.9595171e+01
   1.1420000e+01   7.2386271e+01
   1.1430000e+01   6.4261013e+01
   1.1440000e+01   5.4390542e+01
   1.1450000e+01   4.4656997e+01
   1.1460000e+01   3.9330545e+01
   1.1470000e+01   4.0891564e+01
   1.1480000e+01   4.7815805e+01
   1.1490000e+01   5.6769007e+01
   1.1500000e+01   6.5066679e+01
   1.1510000e+01   7.0773383e+01
   1.1520000e+01   7.2735727e+01
   1.1530000e+01   7.1474838e+01
   1.1540000e+01   6.8580727e+01
   1.1550000e+01   6.4829460e+01
   1.1560000e+01   6.0208877e+01
   1.1570000e+01   5.5543796e+01
   1.1580000e+01   5.2146187e+01
   1.1590000e+01   4.9628139e+01
   1.1600000e+01   4.5678507e+01
   1.1610000e+01   3.8387457e+01
   1.1620000e+01   2.7827502e+01
   1.1630000e+01   1.5402981e+01
   1.1640000e+01   2.4604081e+00
   1.1650000e+01  -1.0623543e+01
   1.1660000e+01  -2.4423867e+01
   1.1670000e+01  -3.9262766e+01
   1.1680000e+01  -5.4235845e+01
   1.1690000e+01  -6.8289011e+01
   1.1700000e+01  -8.1775015e+01
   1.1710000e+01  -9.5525359e+01
   1.1720000e+01  -1.0874054e+02
   1.1730000e+01  -1.1939355e+02
   1.1740000e+01  -1.2658832e+02
   1.1750000e+01  -1.3128745e+02
   1.1760000e+01  -1.3506980e+02
   1.1770000e+01  -1.3904069e+02
   1.1780000e+01  -1.4313053e+02
   1.1790000e+01  -1.4585120e+02
   1.1800000e+01  -1.4607135e+02
   1.1810000e+01  -1.4528281e+02
   1.1820000e+01  -1.4613301e+02
   1.1830000e+01  -1.4886950e+02
   1.1840000e+01  -1.5206029e+02
   1.1850000e+01  -1.5641245e+02
   1.1860000e+01  -1.6430009e+02
   1.1870000e+01  -1.7624913e+02
   1.1880000e+01  -1.9184762e+02
   1.1890000e+01  -2.1157926e+02
   1.1900000e+01  -2.3057393e+02
   1.1910000e+01  -2.3221733e+02
   1.1920000e+01  -1.9858557e+02
   1.1930000e+01  -1.3105793e+02
   1.1940000e+01  -5.3652133e+01
   1.1950000e+01   7.8038908e+00
   1.1960000e+01   4.5217199e+01
   1.1970000e+01   6.6157136e+01
   1.1980000e+01   7.9579739e+01
   1.1990000e+01   8.7884054e+01
   1.2000000e+01   8.9198014e+01
   1.2010000e+01   8.3117283e+01
   1.2020000e+01   7.3437065e+01
   1.2030000e+01   6.4628255e+01
   1.2040000e+01   5.5729465e+01
   1.2050000e+01   4.1174315e+01
   1.2060000e+01   1.9363490e+01
   1.2070000e+01  -3.9517749e+00
   1.2080000e+01  -2.3724527e+01
   1.2090000e+01  -4.2279799e+01
   1.2100000e+01  -6.3946825e+01
   1.2110000e+01  -8.7503709e+01
   1.2120000e+01  -1.0858013e+02
   1.2130000e+01  -1.2570761e+02
   1.2140000e+01  -1.3927063e+02
   1.2150000e+01  -1.4785522e+02
   1.2160000e+01  -1.5040288e+02
   1.2170000e+01  -1.4943599e+02
   1.2180000e+01  -1.4806407e+02
   1.2190000e+01  -1.4584013e+02
   1.2200000e+01  -1.4073583e+02
   1.2210000e+01  -1.3324003e+02
   1.2220000e+01  -1.2601786e+02
   1.2230000e+01  -1.2131884e+02
   1.2240000e+01  -1.2030645e+02
   1.2250000e+01  -1.2274400e+02
   1.2260000e+01  -1.2574582e+02
   1.2270000e+01  -1.2440380e+02
   1.2280000e+01  -1.1456579e+02
   1.2290000e+01  -9.4403715e+01
   1.2300000e+01  -6.4653067e+01
   1.2310000e+01  -2.9431155e+01
   1.2320000e+01   4.7110382e+00
   1.2330000e+01   3.3480817e+01
   1.2340000e+01   5.7989093e+01
   1.2350000e+01   8.1375747e+01
   1.2360000e+01   1.0360489e+02
   1.2370000e+01   1.2150450e+02
   1.2380000e+01   1.3285829e+02
   1.2390000e+01   1.3908759e+02
   1.2400000e+01   1.4458853e+02
   1.2410000e+01   1.5317627e+02
   1.2420000e+01   1.6357832e+02
   1.2430000e+01   1.6954159e+02
   1.2440000e+01   1.6692252e+02
   1.2450000e+01   1.5906040e+02
   1.2460000e+01   1.5174819e+02
   1.2470000e+01   1.4484075e+02
   1.2480000e+01   1.3340150e+02
   1.2490000e+01   1.1581353e+02
   1.2500000e+01   9.5708088e+01
   1.2510000e+01   7.6294838e+01
   1.2520000e+01   5.7579592e+01
   1.2530000e+01   3.9490095e+01
   1.2540000e+01   2.3657232e+01
   1.2550000e+01   1.1349826e+01
   1.2560000e+01   2.5746108e+00
   1.2570000e+01  -2.4732726e+00
   1.2580000e+01  -3.4879130e+00
   1.2590000e+01  -1.5278771e+00
   1.2600000e+01   1.7870606e+00
   1.2610000e+01   6.4554640e+00
   1.2620000e+01   1.3587040e+01
   1.2630000e+01   2.2907348e+01
   1.2640000e+01   3.2488687e+01
   1.2650000e+01   4.0793050e+01
   1.2660000e+01   4.7397183e+01
   1.2670000e+01   5.1872304e+01
   1.2680000e+01   5.3595459e+01
   1.2690000e+01   5.2807761e+01
   1.2700000e+01   5.0476930e+01
   1.2710000e+01   4.6840699e+01
   1.2720000e+01   4.1239647e+01
   1.2730000e+01   3.3821976e+01
   1.2740000e+01   2.6563934e+01
   1.2750000e+01   2.2077547e+01
   1.2760000e+01   2.1791795e+01
   1.2770000e+01   2.5352327e+01
   1.2780000e+01   3.1040762e+01
   1.2790000e+01   3.6477787e+01
   1.2800000e+01   3.9742527e+01
   1.2810000e+01   4.0533323e+01
   1.2820000e+01   3.9851369e+01
   1.2830000e+01   3.7977868e+01
   1.2840000e+01   3.3266017e+01
   1.2850000e+01   2.3946870e+01
   1.2860000e+01   1.1101982e+01
   1.2870000e+01  -1.3105242e+00
   1.2880000e+01  -9.9966317e+00
   1.2890000e+01  -1.5109732e+01
   1.2900000e+01  -1.8790933e+01
   1.2910000e+01  -2.1802174e+01
   1.2920000e+01  -2.2999403e+01
   1.2930000e+01  -2.1922430e+01
   1.2940000e+01  -2.0263671e+01
   1.2950000e+01  -1.9997373e+01
   1.2960000e+01  -2.0991885e+01
   1.2970000e+01  -2.1400517e+01
   1.2980000e+01  -1.9872933e+01
   1.2990000e+01  -1.6338083e+01
   1.3000000e+01  -1.0804853e+01
   1.3010000e+01  -2.6502694e+00
   1.3020000e+01   8.2932399e+00
   1.3030000e+01   2.0509161e+01
   1.3040000e+01   3.1242244e+01
   1.3050000e+01   3.8169199e+01
   1.3060000e+01   4.0696821e+01
   1.3070000e+01   4.0040077e+01
   1.3080000e+01   3.8220946e+01
   1.3090000e+01   3.6773680e+01
   1.3100000e+01   3.6270674e+01
   1.3110000e+01   3.6943734e+01
   1.3120000e+01   3.9158150e+01
   1.3130000e+01   4.2789320e+01
   1.3140000e+01   4.6589100e+01
   1.3150000e+01   4.8921625e+01
   1.3160000e+01   4.9138820e+01
   1.3170000e+01   4.7985282e+01
   1.3180000e+01   4.6959395e+01
   1.3190000e+01   4.7553485e+01
   1.3200000e+01   5.0648737e+01
   1.3210000e+01   5.6050830e+01
   1.3220000e+01   6.2556024e+01
   1.3230000e+01   6.8560827e+01
   1.3240000e+01   7.2586557e+01
   1.3250000e+01   7.3520027e+01
   1.3260000e+01   7.0904234e+01
   1.3270000e+01   6.5201272e+01
   1.3280000e+01   5.7704045e+01
   1.3290000e+01   5.0112334e+01
   1.3300000e+01   4.3767757e+01
   1.3310000e+01   3.8770421e+01
   1.3320000e+01   3.4089163e+01
   1.3330000e+01   2.9028777e+01
   1.3340000e+01   2.4005563e+01
   1.3350000e+01   1.9102521e+01
   1.3360000e+01   1.2811195e+01
   1.3370000e+01   3.7981115e+00
   1.3380000e+01  -6.5468806e+00
   1.3390000e+01  -1.5028384e+01
   1.3400000e+01  -1.9903854e+01
   1.3410000e+01  -2.1629204e+01
   1.3420000e+01  -2.0699940e+01
   1.3430000e+01  -1.6765193e+01
   1.3440000e+01  -1.0141999e+01
   1.3450000e+01  -2.5383886e+00
   1.3460000e+01   4.2642102e+00
   1.3470000e+01   9.4650818e+00
   1.3480000e+01   1.2903283e+01
   1.3490000e+01   1.4619587e+01
   1.3500000e+01   1.4659940e+01
   1.3510000e+01   1.2313407e+01
   1.3520000e+01   5.7613105e+00
   1.3530000e+01  -6.2480420e+00
   1.3540000e+01  -2.2287104e+01
   1.3550000e+01  -3.8921477e+01
   1.3560000e+01  -5.3637978e+01
   1.3570000e+01  -6.6172070e+01
   1.3580000e+01  -7.7051384e+01
   1.3590000e+01  -8.6168920e+01
   1.3600000e+01  -9.3034215e+01
   1.3610000e+01  -9.6980105e+01
   1.3620000e+01  -9.6348051e+01
   1.3630000e+01  -8.8735008e+01
   1.3640000e+01  -7.3448317e+01
   1.3650000e+01  -5.3284131e+01
   1.3660000e+01  -3.2741366e+01
   1.3670000e+01  -1.4648559e+01
   1.3680000e+01   7.8825117e-01
   1.3690000e+01   1.4462535e+01
   1.3700000e+01   2.7286229e+01
   1.3710000e+01   4.0065254e+01
   1.3720000e+01   5.2741852e+01
   1.3730000e+01   6.3666616e+01
   1.3740000e+01   7.0856393e+01
   1.3750000e+01   7.4002614e+01
   1.3760000e+01   7.4260276e+01
   1.3770000e+01   7.2503201e+01
   1.3780000e+01   6.9233421e+01
   1.3790000e+01   6.5809364e+01
   1.3800000e+01   6.3903406e+01
   1.3810000e+01   6.3673892e+01
   1.3820000e+01   6.4017868e+01
   1.3830000e+01   6.4489893e+01
   1.3840000e+01   6.5320061e+01
   1.3850000e+01   6.5802802e+01
   1.3860000e+01   6.4711160e+01
   1.3870000e+01   6.2425075e+01
   1.3880000e+01   6.0648403e+01
   1.3890000e+01   5.9674259e+01
   1.3900000e+01   5.7817108e+01
   1.3910000e+01   5.4028075e+01
   1.3920000e+01   4.9313990e+01
   1.3930000e+01   4.4971949e+01
   1.3940000e+01   4.1021923e+01
   1.3950000e+01   3.7174238e+01
   1.3960000e+01   3.4044255e+01
   1.3970000e+01   3.2387917e+01
   1.3980000e+01   3.1829274e+01
   1.3990000e+01   3.1232596e+01
   1.4000000e+01   3.0064786e+01
   1.4010000e+01   2.8664382e+01
   1.4020000e+01   2.7103940e+01
   1.4030000e+01   2.4413629e+01
   1.4040000e+01   1.9369198e+01
   1.4050000e+01   1.1612582e+01
   1.4060000e+01   1.3259945e+00
   1.4070000e+01  -1.1743339e+01
   1.4080000e+01  -2.7731394e+01
   1.4090000e+01  -4.5244845e+01
   1.4100000e+01  -6.1921025e+01
   1.4110000e+01  -7.6563054e+01
   1.4120000e+01  -8.9324862e+01
   1.4130000e+01  -9.9783363e+01
   1.4140000e+01  -1.0668060e+02
   1.4150000e+01  -1.0985525e+02
   1.4160000e+01  -1.1048456e+02
   1.4170000e+01  -1.0897342e+02
   1.4180000e+01  -1.0457015e+02
   1.4190000e+01  -9.7657202e+01
   1.4200000e+01  -9.0443355e+01
   1.4210000e+01  -8.4424832e+01
   1.4220000e+01  -7.8681431e+01
   1.4230000e+01  -7.1616997e+01
   1.4240000e+01  -6.3128535e+01
   1.4250000e+01  -5.4087194e+01
   1.4260000e+01  -4.4705183e+01
   1.4270000e+01  -3.4677509e+01
   1.4280000e+01  -2.4621650e+01
   1.4290000e+01  -1.6248578e+01
   1.4300000e+01  -1.0725686e+01
   1.4310000e+01  -7.4397975e+00
   1.4320000e+01  -4.9332812e+00
   1.4330000e+01  -2.7706203e+00
   1.4340000e+01  -1.7719532e+00
   1.4350000e+01  -2.5118488e+00
   1.4360000e+01  -4.4684315e+00
   1.4370000e+01  -6.7967226e+00
   1.4380000e+01  -9.1090445e+00
   1.4390000e+01  -1.1257318e+01
   1.4400000e+01  -1.3035802e+01
   1.4410000e+01  -1.4261596e+01
   1.4420000e+01  -1.4633951e+01
   1.4430000e+01  -1.3627373e+01
   1.4440000e+01  -1.1001092e+01
   1.4450000e+01  -6.9810998e+00
   1.4460000e+01  -1.4121030e+00
   1.4470000e+01   6.3828826e+00
   1.4480000e+01   1.5916734e+01
   1.4490000e+01   2.4685471e+01
   1.4500000e+01   3.0503853e+01
   1.4510000e+01   3.4133604e+01
   1.4520000e+01   3.8035278e+01
   1.4530000e+01   4.2798376e+01
   1.4540000e+01   4.6405537e+01
   1.4550000e+01   4.7163992e+01
   1.4560000e+01   4.5935910e+01
   1.4570000e+01   4.4857400e+01
   1.4580000e+01   4.4789083e+01
   1.4590000e+01   4.4905858e+01
   1.4600000e+01   4.4440800e+01
   1.4610000e+01   4.3859936e+01
   1.4620000e+01   4.4038595e+01
   1.4630000e+01   4.5018900e+01
   1.4640000e+01   4.6187939e+01
   1.4650000e+01   4.7161250e+01
   1.4660000e+01   4.7724664e+01
   1.4670000e+01   4.7277586e+01
   1.4680000e+01   4.5216587e+01
   1.4690000e+01   4.1680705e+01
   1.4700000e+01   3.7112152e+01
   1.4710000e+01   3.1348042e+01
   1.4720000e+01   2.4094994e+01
   1.4730000e+01   1.6112855e+01
   1.4740000e+01   8.9385326e+00
   1.4750000e+01   3.4892773e+00
   1.4760000e+01  -3.0225789e-01
   1.4770000e+01  -2.7425651e+00
   1.4780000e+01  -4.1594305e+00
   1.4790000e+01  -5.2920086e+00
   1.4800000e+01  -7.0752592e+00
   1.4810000e+01  -9.8876228e+00
   1.4820000e+01  -1.3401617e+01
   1.4830000e+01  -1.7220576e+01
   1.4840000e+01  -2.1369361e+01
   1.4850000e+01  -2.5977684e+01
   1.4860000e+01  -3.0540810e+01
   1.4870000e+01  -3.3810584e+01
   1.4880000e+01  -3.4833184e+01
   1.4890000e+01  -3.4115601e+01
   1.4900000e+01  -3.3342431e+01
   1.4910000e+01  -3.3804531e+01
   1.4920000e+01  -3.5443784e+01
   1.4930000e+01  -3.7387445e+01
   1.4940000e+01  -3.8820630e+01
   1.4950000e+01  -3.9242974e+01
   1.4960000e+01  -3.8462610e+01
   1.4970000e+01  -3.6624318e+01
   1.4980000e+01  -3.4104402e+01
   1.4990000e+01  -3.1457579e+01
   1.5000000e+01  -2.9500128e+01
   1.5010000e+01  -2.9002621e+01
   1.5020000e+01  -3.0069632e+01
   1.5030000e+01  -3.2184067e+01
   1.5040000e+01  -3.4896062e+01
   1.5050000e+01  -3.7928640e+01
   1.5060000e+01  -4.0656899e+01
   1.5070000e+01  -4.2253208e+01
   1.5080000e+01  -4.2497102e+01
   1.5090000e+01  -4.1903623e+01
   1.5100000e+01  -4.1082151e+01
   1.5110000e+01  -4.0439415e+01
   1.5120000e+01  -4.0287396e+01
   1.5130000e+01  -4.0692456e+01
   1.5140000e+01  -4.1417356e+01
   1.5150000e+01  -4.2412514e+01
   1.5160000e+01  -4.4007223e+01
   1.5170000e+01  -4.6272767e+01
   1.5180000e+01  -4.8743816e+01
   1.5190000e+01  -5.1213728e+01
   1.5200000e+01  -5.4243577e+01
   1.5210000e+01  -5.8293984e+01
   1.5220000e+01  -6.2646090e+01
   1.5230000e+01  -6.5729969e+01
   1.5240000e+01  -6.6610360e+01
   1.5250000e+01  -6.5882677e+01
   1.5260000e+01  -6.4763054e+01
   1.5270000e+01  -6.3252829e+01
   1.5280000e+01  -5.9693628e+01
   1.5290000e+01  -5.2446233e+01
   1.5300000e+01  -4.1489749e+01
   1.5310000e+01  -2.8100937e+01
   1.5320000e+01  -1.3942613e+01
   1.5330000e+01  -1.1018668e+00
   1.5340000e+01   8.2222483e+00
   1.5350000e+01   1.3303789e+01
   1.5360000e+01   1.5385540e+01
   1.5370000e+01   1.5732725e+01
   1.5380000e+01   1.4268298e+01
   1.5390000e+01   1.0988534e+01
   1.5400000e+01   7.3094161e+00
   1.5410000e+01   4.7692759e+00
   1.5420000e+01   3.4958998e+00
   1.5430000e+01   2.9345463e+00
   1.5440000e+01   2.9226234e+00
   1.5450000e+01   3.1308966e+00
   1.5460000e+01   2.5807739e+00
   1.5470000e+01   6.3457154e-01
   1.5480000e+01  -2.3548734e+00
   1.5490000e+01  -5.8909055e+00
   1.5500000e+01  -9.9895235e+00
   1.5510000e+01  -1.4767201e+01
   1.5520000e+01  -2.0259438e+01
   1.5530000e+01  -2.6628049e+01
   1.5540000e+01  -3.3621818e+01
   1.5550000e+01  -4.0094969e+01
   1.5560000e+01  -4.5085406e+01
   1.5570000e+01  -4.9017843e+01
   1.5580000e+01  -5.2813638e+01
   1.5590000e+01  -5.6200972e+01
   1.5600000e+01  -5.7911596e+01
   1.5610000e+01  -5.7247242e+01
   1.5620000e+01  -5.4682457e+01
   1.5630000e+01  -5.1359556e+01
   1.5640000e+01  -4.8674196e+01
   1.5650000e+01  -4.7751706e+01
   1.5660000e+01  -4.8495538e+01
   1.5670000e+01  -4.9562239e+01
   1.5680000e+01  -4.9889424e+01
   1.5690000e+01  -4.9803395e+01
   1.5700000e+01  -5.0161952e+01
   1.5710000e+01  -5.0935336e+01
   1.5720000e+01  -5.1134658e+01
   1.5730000e+01  -4.9881204e+01
   1.5740000e+01  -4.7357251e+01
   1.5750000e+01  -4.4854809e+01
   1.5760000e+01  -4.3673441e+01
   1.5770000e+01  -4.3654777e+01
   1.5780000e+01  -4.3132301e+01
   1.5790000e+01  -4.0632513e+01
   1.5800000e+01  -3.6150200e+01
   1.5810000e+01  -3.0544646e+01
   1.5820000e+01  -2.4509412e+01
   1.5830000e+01  -1.8482899e+01
   1.5840000e+01  -1.2551787e+01
   1.5850000e+01  -5.9726616e+00
   1.5860000e+01   2.0630376e+00
   1.5870000e+01   1.0650505e+01
   1.5880000e+01   1.7420882e+01
   1.5890000e+01   2.1196722e+01
   1.5900000e+01   2.3158656e+01
   1.5910000e+01   2.4836232e+01
   1.5920000e+01   2.6361168e+01
   1.5930000e+01   2.7399422e+01
   1.5940000e+01   2.8393629e+01
   1.5950000e+01   2.9929439e+01
   1.5960000e+01   3.1855932e+01
   1.5970000e+01   3.3765994e+01
   1.5980000e+01   3.5588981e+01
   1.5990000e+01   3.7270446e+01
   1.6000000e+01   3.8468097e+01
   1.6010000e+01   3.8650186e+01
   1.6020000e+01   3.7014698e+01
   1.6030000e+01   3.2722589e+01
   1.6040000e+01   2.5942137e+01
   1.6050000e+01   1.8231361e+01
   1.6060000e+01   1.1219629e+01
   1.6070000e+01   5.4030393e+00
   1.6080000e+01   6.6790944e-01
   1.6090000e+01  -2.9063848e+00
   1.6100000e+01  -5.4159564e+00
   1.6110000e+01  -7.4338897e+00
   1.6120000e+01  -9.3483720e+00
   1.6130000e+01  -1.1133482e+01
   1.6140000e+01  -1.2980372e+01
   1.6150000e+01  -1.5212402e+01
   1.6160000e+01  -1.7472613e+01
   1.6170000e+01  -1.8921380e+01
   1.6180000e+01  -1.9168499e+01
   1.6190000e+01  -1.8198236e+01
   1.6200000e+01  -1.5794434e+01
   1.6210000e+01  -1.1904628e+01
   1.6220000e+01  -6.8745489e+00
   1.6230000e+01  -4.2242741e-01
   1.6240000e+01   8.5444792e+00
   1.6250000e+01   1.9926216e+01
   1.6260000e+01   3.1448537e+01
   1.6270000e+01   4.1069060e+01
   1.6280000e+01   4.9238458e+01
   1.6290000e+01   5.7404391e+01
   1.6300000e+01   6.5454239e+01
   1.6310000e+01   7.2142499e+01
   1.6320000e+01   7.7073120e+01
   1.6330000e+01   8.0793825e+01
   1.6340000e+01   8.3574825e+01
   1.6350000e+01   8.5207950e+01
   1.6360000e+01   8.5488781e+01
   1.6370000e+01   8.4186170e+01
   1.6380000e+01   8.1189774e+01
   1.6390000e+01   7.7259180e+01
   1.6400000e+01   7.3939896e+01
   1.6410000e+01   7.2178058e+01
   1.6420000e+01   7.1502048e+01
   1.6430000e+01   7.0932154e+01
   1.6440000e+01   7.0259605e+01
   1.6450000e+01   7.0076506e+01
   1.6460000e+01   7.0772342e+01
   1.6470000e+01   7.1846022e+01
   1.6480000e+01   7.2392909e+01
   1.6490000e+01   7.2191647e+01
   1.6500000e+01   7.1848387e+01
   1.6510000e+01   7.1681019e+01
   1.6520000e+01   7.1184072e+01
   1.6530000e+01   7.0069943e+01
   1.6540000e+01   6.8828871e+01
   1.6550000e+01   6.7291761e+01
   1.6560000e+01   6.3592551e+01
   1.6570000e+01   5.5847353e+01
   1.6580000e+01   4.4201603e+01
   1.6590000e+01   3.0134262e+01
   1.6600000e+01   1.4734754e+01
   1.6610000e+01  -8.8993562e-01
   1.6620000e+01  -1.4530776e+01
   1.6630000e+01  -2.4202660e+01
   1.6640000e+01  -3.0245656e+01
   1.6650000e+01  -3.4516237e+01
   1.6660000e+01  -3.7791750e+01
   1.6670000e+01  -3.9465116e+01
   1.6680000e+01  -3.9519546e+01
   1.6690000e+01  -3.9157622e+01
   1.6700000e+01  -3.9194489e+01
   1.6710000e+01  -3.8948807e+01
   1.6720000e+01  -3.7156646e+01
   1.6730000e+01  -3.3464195e+01
   1.6740000e+01  -2.8829737e+01
   1.6750000e+01  -2.4710252e+01
   1.6760000e+01  -2.1872346e+01
   1.6770000e+01  -1.9918639e+01
   1.6780000e+01  -1.8046632e+01
   1.6790000e+01  -1.6079416e+01
   1.6800000e+01  -1.4369088e+01
   1.6810000e+01  -1.2902595e+01
   1.6820000e+01  -1.1191979e+01
   1.6830000e+01  -9.1389375e+00
   1.6840000e+01  -7.4539976e+00
   1.6850000e+01  -7.0158855e+00
   1.6860000e+01  -8.0690377e+00
   1.6870000e+01  -1.0073903e+01
   1.6880000e+01  -1.2174278e+01
   1.6890000e+01  -1.3828211e+01
   1.6900000e+01  -1.4955897e+01
   1.6910000e+01  -1.5336199e+01
   1.6920000e+01  -1.4138471e+01
   1.6930000e+01  -1.0607385e+01
   1.6940000e+01  -5.1858617e+00
   1.6950000e+01   5.5685422e-01
   1.6960000e+01   5.1002719e+00
   1.6970000e+01   7.6149434e+00
   1.6980000e+01   7.7554901e+00
   1.6990000e+01   5.8576997e+00
   1.7000000e+01   3.4787942e+00
   1.7010000e+01   2.6740322e+00
   1.7020000e+01   4.2233997e+00
   1.7030000e+01   7.2603686e+00
   1.7040000e+01   1.0873959e+01
   1.7050000e+01   1.5078350e+01
   1.7060000e+01   1.9730621e+01
   1.7070000e+01   2.3632292e+01
   1.7080000e+01   2.5713538e+01
   1.7090000e+01   2.6373268e+01
   1.7100000e+01   2.6599690e+01
   1.7110000e+01   2.6374036e+01
   1.7120000e+01   2.5115162e+01
   1.7130000e+01   2.3247696e+01
   1.7140000e+01   2.2018059e+01
   1.7150000e+01   2.1846019e+01
   1.7160000e+01   2.1936709e+01
   1.7170000e+01   2.1540038e+01
   1.7180000e+01   2.0726240e+01
   1.7190000e+01   1.9917087e+01
   1.7200000e+01   1.9419227e+01
   1.7210000e+01   1.9473331e+01
   1.7220000e+01   2.0185355e+01
   1.7230000e+01   2.1334637e+01
   1.7240000e+01   2.2434123e+01
   1.7250000e+01   2.2730599e+01
   1.7260000e+01   2.1214253e+01
   1.7270000e+01   1.7419676e+01
   1.7280000e+01   1.2330267e+01
   1.7290000e+01   7.5646185e+00
   1.7300000e+01   3.6137265e+00
   1.7310000e+01   6.0456506e-02
   1.7320000e+01  -2.4564376e+00
   1.7330000e+01  -2.1998903e+00
   1.7340000e+01   1.2208202e+00
   1.7350000e+01   5.9440985e+00
   1.7360000e+01   1.0075673e+01
   1.7370000e+01   1.3360548e+01
   1.7380000e+01   1.6078665e+01
   1.7390000e+01   1.7975446e+01
   1.7400000e+01   1.9168986e+01
   1.7410000e+01   2.0648078e+01
   1.7420000e+01   2.2982992e+01
   1.7430000e+01   2.5707683e+01
   1.7440000e+01   2.8517537e+01
   1.7450000e+01   3.1856187e+01
   1.7460000e+01   3.5878570e+01
   1.7470000e+01   3.9972965e+01
   1.7480000e+01   4.3599623e+01
   1.7490000e+01   4.6582381e+01
   1.7500000e+01   4.8524859e+01
   1.7510000e+01   4.8920741e+01
   1.7520000e+01   4.7640698e+01
   1.7530000e+01   4.4360704e+01
   1.7540000e+01   3.8111452e+01
   1.7550000e+01   2.8674498e+01
   1.7560000e+01   1.7881032e+01
   1.7570000e+01   8.2259016e+00
   1.7580000e+01   6.5456645e-01
   1.7590000e+01  -5.2566741e+00
   1.7600000e+01  -9.7605814e+00
   1.7610000e+01  -1.2873246e+01
   1.7620000e+01  -1.5141725e+01
   1.7630000e+01  -1.7118377e+01
   1.7640000e+01  -1.8459846e+01
   1.7650000e+01  -1.8639005e+01
   1.7660000e+01  -1.8208309e+01
   1.7670000e+01  -1.8341882e+01
   1.7680000e+01  -1.9272820e+01
   1.7690000e+01  -2.0064071e+01
   1.7700000e+01  -2.0005225e+01
   1.7710000e+01  -1.9524867e+01
   1.7720000e+01  -1.9350066e+01
   1.7730000e+01  -1.9123550e+01
   1.7740000e+01  -1.7379939e+01
   1.7750000e+01  -1.2968993e+01
   1.7760000e+01  -6.1139186e+00
   1.7770000e+01   2.0797753e+00
   1.7780000e+01   1.0552835e+01
   1.7790000e+01   1.8225486e+01
   1.7800000e+01   2.3653477e+01
   1.7810000e+01   2.5781519e+01
   1.7820000e+01   2.5002964e+01
   1.7830000e+01   2.2777445e+01
   1.7840000e+01   2.0313905e+01
   1.7850000e+01   1.8358278e+01
   1.7860000e+01   1.8060393e+01
   1.7870000e+01   2.0758997e+01
   1.7880000e+01   2.6280916e+01
   1.7890000e+01   3.2320132e+01
   1.7900000e+01   3.6453287e+01
   1.7910000e+01   3.8427964e+01
   1.7920000e+01   3.9660830e+01
   1.7930000e+01   4.0879997e+01
   1.7940000e+01   4.1475118e+01
   1.7950000e+01   4.1135276e+01
   1.7960000e+01   4.0622554e+01
   1.7970000e+01   4.0343491e+01
   1.7980000e+01   3.9510164e+01
   1.7990000e+01   3.7665705e+01
   1.8000000e+01   3.5915694e+01
   1.8010000e+01   3.5464556e+01
   1.8020000e+01   3.5727584e+01
   1.8030000e+01   3.5088534e+01
   1.8040000e+01   3.3025704e+01
   1.8050000e+01   3.0449008e+01
   1.8060000e+01   2.8234491e+01
   1.8070000e+01   2.6215669e+01
   1.8080000e+01   2.3425029e+01
   1.8090000e+01   1.8838586e+01
   1.8100000e+01   1.2088152e+01
   1.8110000e+01   3.6973465e+00
   1.8120000e+01  -5.5015704e+00
   1.8130000e+01  -1.4974308e+01
   1.8140000e+01  -2.4217350e+01
   1.8150000e+01  -3.2458576e+01
   1.8160000e+01  -3.9265940e+01
   1.8170000e+01  -4.4890392e+01
   1.8180000e+01  -4.9366946e+01
   1.8190000e+01  -5.2049382e+01
   1.8200000e+01  -5.2789377e+01
   1.8210000e+01  -5.2620272e+01
   1.8220000e+01  -5.2311219e+01
   1.8230000e+01  -5.1232887e+01
   1.8240000e+01  -4.8723465e+01
   1.8250000e+01  -4.5564947e+01
   1.8260000e+01  -4.2978157e+01
   1.8270000e+01  -4.1150822e+01
   1.8280000e+01  -3.9818760e+01
   1.8290000e+01  -3.9160219e+01
   1.8300000e+01  -3.8936818e+01
   1.8310000e+01  -3.7908158e+01
   1.8320000e+01  -3.5404836e+01
   1.8330000e+01  -3.2406155e+01
   1.8340000e+01  -2.9747950e+01
   1.8350000e+01  -2.6456304e+01
   1.8360000e+01  -2.1461412e+01
   1.8370000e+01  -1.5900779e+01
   1.8380000e+01  -1.1888047e+01
   1.8390000e+01  -9.7874353e+00
   1.8400000e+01  -8.5594614e+00
   1.8410000e+01  -8.1032235e+00
   1.8420000e+01  -9.2077629e+00
   1.8430000e+01  -1.1590672e+01
   1.8440000e+01  -1.4025685e+01
   1.8450000e+01  -1.6222516e+01
   1.8460000e+01  -1.8683593e+01
   1.8470000e+01  -2.0935925e+01
   1.8480000e+01  -2.1854459e+01
   1.8490000e+01  -2.1545513e+01
   1.8500000e+01  -2.1006619e+01
   1.8510000e+01  -2.0229908e+01
   1.8520000e+01  -1.8692913e+01
   1.8530000e+01  -1.7425749e+01
   1.8540000e+01  -1.8320837e+01
   1.8550000e+01  -2.1371260e+01
   1.8560000e+01  -2.4660280e+01
   1.8570000e+01  -2.7135041e+01
   1.8580000e+01  -2.9446237e+01
   1.8590000e+01  -3.2014593e+01
   1.8600000e+01  -3.4187314e+01
   1.8610000e+01  -3.5519145e+01
   1.8620000e+01  -3.6279193e+01
   1.8630000e+01  -3.6516764e+01
   1.8640000e+01  -3.6008945e+01
   1.8650000e+01  -3.5268057e+01
   1.8660000e+01  -3.5377218e+01
   1.8670000e+01  -3.6612944e+01
   1.8680000e+01  -3.8186107e+01
   1.8690000e+01  -3.9528624e+01
   1.8700000e+01  -4.0980488e+01
   1.8710000e+01  -4.2887971e+01
   1.8720000e+01  -4.4712075e+01
   1.8730000e+01  -4.5545113e+01
   1.8740000e+01  -4.5127209e+01
   1.8750000e+01  -4.3722635e+01
   1.8760000e+01  -4.1049936e+01
   1.8770000e+01  -3.6102625e+01
   1.8780000e+01  -2.8530122e+01
   1.8790000e+01  -1.9731157e+01
   1.8800000e+01  -1.1930861e+01
   1.8810000e+01  -6.4459160e+00
   1.8820000e+01  -3.4582575e+00
   1.8830000e+01  -3.1024531e+00
   1.8840000e+01  -5.7978638e+00
   1.8850000e+01  -1.1411814e+01
   1.8860000e+01  -1.8810735e+01
   1.8870000e+01  -2.6513773e+01
   1.8880000e+01  -3.3498937e+01
   1.8890000e+01  -3.9380680e+01
   1.8900000e+01  -4.4159877e+01
   1.8910000e+01  -4.7874900e+01
   1.8920000e+01  -5.0365298e+01
   1.8930000e+01  -5.1473442e+01
   1.8940000e+01  -5.1499289e+01
   1.8950000e+01  -5.1093300e+01
   1.8960000e+01  -5.0540225e+01
   1.8970000e+01  -4.9526310e+01
   1.8980000e+01  -4.7776606e+01
   1.8990000e+01  -4.5485010e+01
   1.9000000e+01  -4.2899227e+01
   1.9010000e+01  -3.9918204e+01
   1.9020000e+01  -3.6367590e+01
   1.9030000e+01  -3.2309777e+01
   1.9040000e+01  -2.7856224e+01
   1.9050000e+01  -2.3019637e+01
   1.9060000e+01  -1.7960696e+01
   1.9070000e+01  -1.3088916e+01
   1.9080000e+01  -8.7900227e+00
   1.9090000e+01  -5.3249947e+00
   1.9100000e+01  -2.9676209e+00
   1.9110000e+01  -1.7859770e+00
   1.9120000e+01  -1.2193653e+00
   1.9130000e+01  -3.2050179e-01
   1.9140000e+01   1.3920782e+00
   1.9150000e+01   3.5094963e+00
   1.9160000e+01   5.1452711e+00
   1.9170000e+01   5.6210950e+00
   1.9180000e+01   4.8904257e+00
   1.9190000e+01   3.4865986e+00
   1.9200000e+01   1.9882442e+00
   1.9210000e+01   5.9728576e-01
   1.9220000e+01  -4.4716422e-01
   1.9230000e+01  -2.3091558e-01
   1.9240000e+01   2.2817957e+00
   1.9250000e+01   6.8274230e+00
   1.9260000e+01   1.1624750e+01
   1.9270000e+01   1.4948793e+01
   1.9280000e+01   1.6545494e+01
   1.9290000e+01   1.7325568e+01
   1.9300000e+01   1.8089118e+01
   1.9310000e+01   1.8734621e+01
   1.9320000e+01   1.8455819e+01
   1.9330000e+01   1.6658281e+01
   1.9340000e+01   1.3747602e+01
   1.9350000e+01   1.0760467e+01
   1.9360000e+01   8.1902088e+00
   1.9370000e+01   5.7273490e+00
   1.9380000e+01   3.2719978e+00
   1.9390000e+01   1.4362314e+00
   1.9400000e+01   7.1262578e-01
   1.9410000e+01   8.7253023e-01
   1.9420000e+01   1.6496538e+00
   1.9430000e+01   3.4815855e+00
   1.9440000e+01   7.1396933e+00
   1.9450000e+01   1.2852607e+01
   1.9460000e+01   1.9815447e+01
   1.9470000e+01   2.6314628e+01
   1.9480000e+01   3.0714194e+01
   1.9490000e+01   3.2869629e+01
   1.9500000e+01   3.4196413e+01
   1.9510000e+01   3.5835959e+01
   1.9520000e+01   3.7282405e+01
   1.9530000e+01   3.7306897e+01
   1.9540000e+01   3.5512051e+01
   1.9550000e+01   3.2382297e+01
   1.9560000e+01   2.8559121e+01
   1.9570000e+01   2.4716319e+01
   1.9580000e+01   2.1482019e+01
   1.9590000e+01   1.8908346e+01
   1.9600000e+01   1.6554021e+01
   1.9610000e+01   1.4361525e+01
   1.9620000e+01   1.2762953e+01
   1.9630000e+01   1.1795532e+01
   1.9640000e+01   1.1022490e+01
   1.9650000e+01   1.0494348e+01
   1.9660000e+01   1.0762837e+01
   1.9670000e+01   1.1677973e+01
   1.9680000e+01   1.2176202e+01
   1.9690000e+01   1.1534300e+01
   1.9700000e+01   9.8519142e+00
   1.9710000e+01   7.0691695e+00
   1.9720000e+01   2.6429406e+00
   1.9730000e+01  -3.2737735e+00
   1.9740000e+01  -9.2417911e+00
   1.9750000e+01  -1.3758820e+01
   1.9760000e+01  -1.6455300e+01
   1.9770000e+01  -1.7628282e+01
   1.9780000e+01  -1.7344801e+01
   1.9790000e+01  -1.5694688e+01
   1.9800000e+01  -1.3369967e+01
   1.9810000e+01  -1.1187772e+01
   1.9820000e+01  -9.2142926e+00
   1.9830000e+01  -6.9054919e+00
   1.9840000e+01  -4.0149997e+00
   1.9850000e+01  -9.9491454e-01
   1.9860000e+01   1.3928296e+00
   1.9870000e+01   2.6252337e+00
   1.9880000e+01   2.8027803e+00
   1.9890000e+01   2.7613309e+00
   1.9900000e+01   3.5560991e+00
   1.9910000e+01   5.4661575e+00
   1.9920000e+01   7.6082153e+00
   1.9930000e+01   8.8003567e+00
   1.9940000e+01   8.6771235e+00
   1.9950000e+01   7.6680005e+00
   1.9960000e+01   6.0570320e+00
   1.9970000e+01   3.6021728e+00
   1.9980000e+01   2.6252221e-01
   1.9990000e+01  -3.0796526e+00
   2.0000000e+01  -4.9473332e+00
   2.0010000e+01  -4.2000019e+00
   2.0020000e+01  -5.5588446e-01
   2.0030000e+01   5.4357028e+00
   2.0040000e+01   1.2610781e+01
   2.0050000e+01   1.9651091e+01
   2.0060000e+01   2.5748216e+01
   2.0070000e+01   3.0807927e+01
   2.0080000e+01   3.4978137e+01
   2.0090000e+01   3.8312667e+01
   2.0100000e+01   4.0960965e+01
   2.0110000e+01   4.3140936e+01
   2.0120000e+01   4.4628449e+01
   2.0130000e+01   4.4691075e+01
   2.0140000e+01   4.2839439e+01
   2.0150000e+01   3.9402071e+01
   2.0160000e+01   3.5274396e+01
   2.0170000e+01   3.1435667e+01
   2.0180000e+01   2.8693913e+01
   2.0190000e+01   2.7407994e+01
   2.0200000e+01   2.7330243e+01
   2.0210000e+01   2.7988420e+01
   2.0220000e+01   2.9088393e+01
   2.0230000e+01   3.0252712e+01
   2.0240000e+01   3.0742559e+01
   2.0250000e+01   2.9939064e+01
   2.0260000e+01   2.7765892e+01
   2.0270000e+01   2.4173792e+01
   2.0280000e+01   1.8716809e+01
   2.0290000e+01   1.1380203e+01
   2.0300000e+01   3.4951858e+00
   2.0310000e+01  -3.0303467e+00
   2.0320000e+01  -7.3575389e+00
   2.0330000e+01  -9.9129705e+00
   2.0340000e+01  -1.1030138e+01
   2.0350000e+01  -1.0258304e+01
   2.0360000e+01  -7.2539847e+00
   2.0370000e+01  -2.6443826e+00
   2.0380000e+01   2.4102146e+00
   2.0390000e+01   7.1263410e+00
   2.0400000e+01   1.1341614e+01
   2.0410000e+01   1.5214883e+01
   2.0420000e+01   1.8869992e+01
   2.0430000e+01   2.2075110e+01
   2.0440000e+01   2.4251399e+01
   2.0450000e+01   2.5079613e+01
   2.0460000e+01   2.4931058e+01
   2.0470000e+01   2.4252878e+01
   2.0480000e+01   2.2812319e+01
   2.0490000e+01   2.0227058e+01
   2.0500000e+01   1.6967708e+01
   2.0510000e+01   1.4033130e+01
   2.0520000e+01   1.1867993e+01
   2.0530000e+01   1.0289096e+01
   2.0540000e+01   8.9878633e+00
   2.0550000e+01   7.3540184e+00
   2.0560000e+01   4.5103062e+00
   2.0570000e+01   4.1842327e-01
   2.0580000e+01  -3.7284257e+00
   2.0590000e+01  -6.9388982e+00
   2.0600000e+01  -9.3591532e+00
   2.0610000e+01  -1.1159000e+01
   2.0620000e+01  -1.1753360e+01
   2.0630000e+01  -1.1014397e+01
   2.0640000e+01  -1.0005002e+01
   2.0650000e+01  -9.6056450e+00
   2.0660000e+01  -9.6198076e+00
   2.0670000e+01  -9.9144442e+00
   2.0680000e+01  -1.1026844e+01
   2.0690000e+01  -1.2997155e+01
   2.0700000e+01  -1.5060763e+01
   2.0710000e+01  -1.7042476e+01
   2.0720000e+01  -1.9620118e+01
   2.0730000e+01  -2.2822850e+01
   2.0740000e+01  -2.5672690e+01
   2.0750000e+01  -2.7580372e+01
   2.0760000e+01  -2.8821611e+01
   2.0770000e+01  -2.9507826e+01
   2.0780000e+01  -2.9142707e+01
   2.0790000e+01  -2.7085100e+01
   2.0800000e+01  -2.2689626e+01
   2.0810000e+01  -1.5651709e+01
   2.0820000e+01  -7.0897841e+00
   2.0830000e+01   6.2143239e-01
   2.0840000e+01   6.0088954e+00
   2.0850000e+01   9.5436041e+00
   2.0860000e+01   1.1954434e+01
   2.0870000e+01   1.2920613e+01
   2.0880000e+01   1.2182920e+01
   2.0890000e+01   1.0541999e+01
   2.0900000e+01   9.0159071e+00
   2.0910000e+01   8.1847906e+00
   2.0920000e+01   8.6520900e+00
   2.0930000e+01   1.0761193e+01
   2.0940000e+01   1.3714209e+01
   2.0950000e+01   1.6427426e+01
   2.0960000e+01   1.9198528e+01
   2.0970000e+01   2.2954199e+01
   2.0980000e+01   2.7070299e+01
   2.0990000e+01   2.9702117e+01
   2.1000000e+01   3.0117010e+01
   2.1010000e+01   2.8997615e+01
   2.1020000e+01   2.6670730e+01
   2.1030000e+01   2.2782982e+01
   2.1040000e+01   1.7625625e+01
   2.1050000e+01   1.2256001e+01
   2.1060000e+01   7.3964881e+00
   2.1070000e+01   3.3663098e+00
   2.1080000e+01   6.7507280e-01
   2.1090000e+01  -5.2079974e-01
   2.1100000e+01  -1.0823389e+00
   2.1110000e+01  -1.8256144e+00
   2.1120000e+01  -2.2436491e+00
   2.1130000e+01  -1.3984224e+00
   2.1140000e+01   3.8976780e-01
   2.1150000e+01   1.8861024e+00
   2.1160000e+01   2.5771936e+00
   2.1170000e+01   2.8351463e+00
   2.1180000e+01   2.7447993e+00
   2.1190000e+01   1.9098996e+00
   2.1200000e+01   3.9263740e-01
   2.1210000e+01  -1.1101383e+00
   2.1220000e+01  -2.1971685e+00
   2.1230000e+01  -3.2372377e+00
   2.1240000e+01  -4.7638488e+00
   2.1250000e+01  -6.8846301e+00
   2.1260000e+01  -9.5004732e+00
   2.1270000e+01  -1.2711120e+01
   2.1280000e+01  -1.6584563e+01
   2.1290000e+01  -2.0633115e+01
   2.1300000e+01  -2.3985555e+01
   2.1310000e+01  -2.6255308e+01
   2.1320000e+01  -2.7855600e+01
   2.1330000e+01  -2.9130173e+01
   2.1340000e+01  -2.9578792e+01
   2.1350000e+01  -2.8559478e+01
   2.1360000e+01  -2.6471553e+01
   2.1370000e+01  -2.4389809e+01
   2.1380000e+01  -2.2630716e+01
   2.1390000e+01  -2.0667243e+01
   2.1400000e+01  -1.8496354e+01
   2.1410000e+01  -1.6948242e+01
   2.1420000e+01  -1.6340356e+01
   2.1430000e+01  -1.5934185e+01
   2.1440000e+01  -1.5233212e+01
   2.1450000e+01  -1.4823052e+01
   2.1460000e+01  -1.5292686e+01
   2.1470000e+01  -1.6216593e+01
   2.1480000e+01  -1.6959547e+01
   2.1490000e+01  -1.7768072e+01
   2.1500000e+01  -1.9266867e+01
   2.1510000e+01  -2.1383993e+01
   2.1520000e+01  -2.3519542e+01
   2.1530000e+01  -2.5478091e+01
   2.1540000e+01  -2.7603638e+01
   2.1550000e+01  -3.0086798e+01
   2.1560000e+01  -3.2586094e+01
   2.1570000e+01  -3.4584740e+01
   2.1580000e+01  -3.5905442e+01
   2.1590000e+01  -3.6812375e+01
   2.1600000e+01  -3.7677556e+01
   2.1610000e+01  -3.8562072e+01
   2.1620000e+01  -3.9046177e+01
   2.1630000e+01  -3.8372221e+01
   2.1640000e+01  -3.5833301e+01
   2.1650000e+01  -3.1359151e+01
   2.1660000e+01  -2.5901784e+01
   2.1670000e+01  -2.0900753e+01
   2.1680000e+01  -1.7015448e+01
   2.1690000e+01  -1.3660436e+01
   2.1700000e+01  -1.0145554e+01
   2.1710000e+01  -6.8894379e+00
   2.1720000e+01  -4.9739297e+00
   2.1730000e+01  -4.7948952e+00
   2.1740000e+01  -5.7344587e+00
   2.1750000e+01  -6.9590032e+00
   2.1760000e+01  -7.9430304e+00
   2.1770000e+01  -8.3099756e+00
   2.1780000e+01  -7.7891802e+00
   2.1790000e+01  -6.4921790e+00
   2.1800000e+01  -4.8779408e+00
   2.1810000e+01  -3.3260586e+00
   2.1820000e+01  -1.9068530e+00
   2.1830000e+01  -4.9046740e-01
   2.1840000e+01   1.1259155e+00
   2.1850000e+01   3.1090663e+00
   2.1860000e+01   5.4681254e+00
   2.1870000e+01   8.1305505e+00
   2.1880000e+01   1.1058659e+01
   2.1890000e+01   1.3971898e+01
   2.1900000e+01   1.6082449e+01
   2.1910000e+01   1.6710760e+01
   2.1920000e+01   1.6244888e+01
   2.1930000e+01   1.5854502e+01
   2.1940000e+01   1.6079418e+01
   2.1950000e+01   1.6376314e+01
   2.1960000e+01   1.6313054e+01
   2.1970000e+01   1.6449086e+01
   2.1980000e+01   1.7533653e+01
   2.1990000e+01   1.9400629e+01
   2.2000000e+01   2.1220029e+01
   2.2010000e+01   2.2496542e+01
   2.2020000e+01   2.3332130e+01
   2.2030000e+01   2.3932791e+01
   2.2040000e+01   2.4314540e+01
   2.2050000e+01   2.4441688e+01
   2.2060000e+01   2.4330742e+01
   2.2070000e+01   2.3991541e+01
   2.2080000e+01   2.3481565e+01
   2.2090000e+01   2.3055856e+01
   2.2100000e+01   2.3042191e+01
   2.2110000e+01   2.3460542e+01
   2.2120000e+01   2.4003525e+01
   2.2130000e+01   2.4581711e+01
   2.2140000e+01   2.5611891e+01
   2.2150000e+01   2.7451907e+01
   2.2160000e+01   2.9813573e+01
   2.2170000e+01   3.2138974e+01
   2.2180000e+01   3.4310668e+01
   2.2190000e+01   3.6504655e+01
   2.2200000e+01   3.8537093e+01
   2.2210000e+01   3.9893243e+01
   2.2220000e+01   4.0335887e+01
   2.2230000e+01   4.0058392e+01
   2.2240000e+01   3.9280153e+01
   2.2250000e+01   3.8017142e+01
   2.2260000e+01   3.6226227e+01
   2.2270000e+01   3.3977672e+01
   2.2280000e+01   3.1521851e+01
   2.2290000e+01   2.9244659e+01
   2.2300000e+01   2.7458559e+01
   2.2310000e+01   2.6265763e+01
   2.2320000e+01   2.5771123e+01
   2.2330000e+01   2.6295448e+01
   2.2340000e+01   2.8069832e+01
   2.2350000e+01   3.0754976e+01
   2.2360000e+01   3.3600301e+01
   2.2370000e+01   3.6163906e+01
   2.2380000e+01   3.8594475e+01
   2.2390000e+01   4.1020167e+01
   2.2400000e+01   4.2909360e+01
   2.2410000e+01   4.3463040e+01
   2.2420000e+01   4.2624260e+01
   2.2430000e+01   4.1120095e+01
   2.2440000e+01   3.9246288e+01
   2.2450000e+01   3.6264135e+01
   2.2460000e+01   3.1531984e+01
   2.2470000e+01   2.5619872e+01
   2.2480000e+01   1.9596908e+01
   2.2490000e+01   1.3765332e+01
   2.2500000e+01   7.9249233e+00
   2.2510000e+01   2.4170002e+00
   2.2520000e+01  -2.0390599e+00
   2.2530000e+01  -5.3111529e+00
   2.2540000e+01  -7.8857371e+00
   2.2550000e+01  -1.0155385e+01
   2.2560000e+01  -1.2315628e+01
   2.2570000e+01  -1.4723863e+01
   2.2580000e+01  -1.7773175e+01
   2.2590000e+01  -2.1533279e+01
   2.2600000e+01  -2.5804763e+01
   2.2610000e+01  -3.0260012e+01
   2.2620000e+01  -3.4344098e+01
   2.2630000e+01  -3.7403178e+01
   2.2640000e+01  -3.9139293e+01
   2.2650000e+01  -3.9722925e+01
   2.2660000e+01  -3.9402086e+01
   2.2670000e+01  -3.8192089e+01
   2.2680000e+01  -3.5887046e+01
   2.2690000e+01  -3.2220594e+01
   2.2700000e+01  -2.7202992e+01
   2.2710000e+01  -2.1450074e+01
   2.2720000e+01  -1.5929499e+01
   2.2730000e+01  -1.1300663e+01
   2.2740000e+01  -7.8107591e+00
   2.2750000e+01  -5.7511784e+00
   2.2760000e+01  -5.4416940e+00
   2.2770000e+01  -6.7248146e+00
   2.2780000e+01  -9.0587221e+00
   2.2790000e+01  -1.2180459e+01
   2.2800000e+01  -1.6115884e+01
   2.2810000e+01  -2.0507564e+01
   2.2820000e+01  -2.4570332e+01
   2.2830000e+01  -2.7820732e+01
   2.2840000e+01  -3.0288505e+01
   2.2850000e+01  -3.1952146e+01
   2.2860000e+01  -3.2572759e+01
   2.2870000e+01  -3.2238650e+01
   2.2880000e+01  -3.1565171e+01
   2.2890000e+01  -3.1121870e+01
   2.2900000e+01  -3.0921618e+01
   2.2910000e+01  -3.0555747e+01
   2.2920000e+01  -2.9634221e+01
   2.2930000e+01  -2.8115052e+01
   2.2940000e+01  -2.6408067e+01
   2.2950000e+01  -2.5109712e+01
   2.2960000e+01  -2.4428678e+01
   2.2970000e+01  -2.3891377e+01
   2.2980000e+01  -2.2771830e+01
   2.2990000e+01  -2.0806455e+01
   2.3000000e+01  -1.8375298e+01
   2.3010000e+01  -1.5973000e+01
   2.3020000e+01  -1.3645984e+01
   2.3030000e+01  -1.1160494e+01
   2.3040000e+01  -8.7016431e+00
   2.3050000e+01  -6.9618723e+00
   2.3060000e+01  -6.2275234e+00
   2.3070000e+01  -5.8080521e+00
   2.3080000e+01  -4.9102196e+00
   2.3090000e+01  -3.7265010e+00
   2.3100000e+01  -2.9881963e+00
   2.3110000e+01  -2.7823868e+00
   2.3120000e+01  -2.6857357e+00
   2.3130000e+01  -2.8260302e+00
   2.3140000e+01  -3.7683305e+00
   2.3150000e+01  -5.4076296e+00
   2.3160000e+01  -7.0147911e+00
   2.3170000e+01  -8.4025833e+00
   2.3180000e+01  -1.0012184e+01
   2.3190000e+01  -1.1762161e+01
   2.3200000e+01  -1.2873163e+01
   2.3210000e+01  -1.3097411e+01
   2.3220000e+01  -1.3201138e+01
   2.3230000e+01  -1.3844781e+01
   2.3240000e+01  -1.4684694e+01
   2.3250000e+01  -1.4990076e+01
   2.3260000e+01  -1.4663470e+01
   2.3270000e+01  -1.4249497e+01
   2.3280000e+01  -1.4147596e+01
   2.3290000e+01  -1.4099924e+01
   2.3300000e+01  -1.3507406e+01
   2.3310000e+01  -1.2198421e+01
   2.3320000e+01  -1.0648009e+01
   2.3330000e+01  -9.2277902e+00
   2.3340000e+01  -7.6212140e+00
   2.3350000e+01  -5.4922811e+00
   2.3360000e+01  -3.2834580e+00
   2.3370000e+01  -1.5416980e+00
   2.3380000e+01   1.1755871e-01
   2.3390000e+01   2.3418603e+00
   2.3400000e+01   4.7079170e+00
   2.3410000e+01   6.2157714e+00
   2.3420000e+01   6.8131832e+00
   2.3430000e+01   7.2379669e+00
   2.3440000e+01   7.6302283e+00
   2.3450000e+01   7.4849806e+00
   2.3460000e+01   6.6687256e+00
   2.3470000e+01   5.3308735e+00
   2.3480000e+01   3.2146163e+00
   2.3490000e+01   2.1757568e-01
   2.3500000e+01  -2.8300316e+00
   2.3510000e+01  -5.0360361e+00
   2.3520000e+01  -6.5172669e+00
   2.3530000e+01  -7.6491233e+00
   2.3540000e+01  -8.0974141e+00
   2.3550000e+01  -7.6566634e+00
   2.3560000e+01  -7.1426389e+00
   2.3570000e+01  -7.3067861e+00
   2.3580000e+01  -7.6463459e+00
   2.3590000e+01  -7.3014701e+00
   2.3600000e+01  -6.3790192e+00
   2.3610000e+01  -5.5107093e+00
   2.3620000e+01  -4.7911057e+00
   2.3630000e+01  -3.8312002e+00
   2.3640000e+01  -2.2440080e+00
   2.3650000e+01   2.9001895e-01
   2.3660000e+01   3.7376331e+00
   2.3670000e+01   7.3101931e+00
   2.3680000e+01   1.0070720e+01
   2.3690000e+01   1.1943397e+01
   2.3700000e+01   1.3416724e+01
   2.3710000e+01   1.4541953e+01
   2.3720000e+01   1.5110297e+01
   2.3730000e+01   1.5409160e+01
   2.3740000e+01   1.5753887e+01
   2.3750000e+01   1.5644836e+01
   2.3760000e+01   1.4442636e+01
   2.3770000e+01   1.2508998e+01
   2.3780000e+01   1.0659013e+01
   2.3790000e+01   8.8664787e+00
   2.3800000e+01   6.5096231e+00
   2.3810000e+01   3.5604191e+00
   2.3820000e+01   6.2458346e-01
   2.3830000e+01  -1.8860683e+00
   2.3840000e+01  -3.8632526e+00
   2.3850000e+01  -5.1568847e+00
   2.3860000e+01  -5.8112854e+00
   2.3870000e+01  -6.3195341e+00
   2.3880000e+01  -7.1248770e+00
   2.3890000e+01  -8.1898218e+00
   2.3900000e+01  -9.3080939e+00
   2.3910000e+01  -1.0339412e+01
   2.3920000e+01  -1.0983613e+01
   2.3930000e+01  -1.0929888e+01
   2.3940000e+01  -1.0282068e+01
   2.3950000e+01  -9.1685810e+00
   2.3960000e+01  -7.1133366e+00
   2.3970000e+01  -3.7520149e+00
   2.3980000e+01   3.9778942e-02
   2.3990000e+01   2.9606805e+00
   2.4000000e+01   5.1626940e+00
   2.4010000e+01   8.0091037e+00
   2.4020000e+01   1.1853514e+01
   2.4030000e+01   1.5329959e+01
   2.4040000e+01   1.7148053e+01
   2.4050000e+01   1.7560118e+01
   2.4060000e+01   1.7729487e+01
   2.4070000e+01   1.8425729e+01
   2.4080000e+01   1.9593266e+01
   2.4090000e+01   2.0693131e+01
   2.4100000e+01   2.1339379e+01
   2.4110000e+01   2.1757793e+01
   2.4120000e+01   2.2401447e+01
   2.4130000e+01   2.3140799e+01
   2.4140000e+01   2.3476351e+01
   2.4150000e+01   2.3608636e+01
   2.4160000e+01   2.4361348e+01
   2.4170000e+01   2.5719713e+01
   2.4180000e+01   2.6387229e+01
   2.4190000e+01   2.5312989e+01
   2.4200000e+01   2.2907176e+01
   2.4210000e+01   2.0265743e+01
   2.4220000e+01   1.7862953e+01
   2.4230000e+01   1.5510078e+01
   2.4240000e+01   1.3107586e+01
   2.4250000e+01   1.0917509e+01
   2.4260000e+01   9.2290563e+00
   2.4270000e+01   7.9964380e+00
   2.4280000e+01   6.8404413e+00
   2.4290000e+01   5.5150873e+00
   2.4300000e+01   4.3996640e+00
   2.4310000e+01   4.2101718e+00
   2.4320000e+01   5.0859923e+00
   2.4330000e+01   6.3548304e+00
   2.4340000e+01   7.3331665e+00
   2.4350000e+01   7.8517050e+00
   2.4360000e+01   7.8990010e+00
   2.4370000e+01   7.4758400e+00
   2.4380000e+01   7.0393599e+00
   2.4390000e+01   7.3468269e+00
   2.4400000e+01   8.5645573e+00
   2.4410000e+01   1.0162933e+01
   2.4420000e+01   1.1750900e+01
   2.4430000e+01   1.3217792e+01
   2.4440000e+01   1.4144166e+01
   2.4450000e+01   1.4126897e+01
   2.4460000e+01   1.3595229e+01
   2.4470000e+01   1.3158714e+01
   2.4480000e+01   1.2390907e+01
   2.4490000e+01   1.0599139e+01
   2.4500000e+01   8.4343997e+00
   2.4510000e+01   7.1317996e+00
   2.4520000e+01   6.4695269e+00
   2.4530000e+01   5.2138564e+00
   2.4540000e+01   3.3606591e+00
   2.4550000e+01   2.1978332e+00
   2.4560000e+01   2.2401021e+00
   2.4570000e+01   2.6343132e+00
   2.4580000e+01   2.5373368e+00
   2.4590000e+01   1.8282692e+00
   2.4600000e+01   6.0160035e-01
   2.4610000e+01  -1.0286280e+00
   2.4620000e+01  -2.7542184e+00
   2.4630000e+01  -4.3223868e+00
   2.4640000e+01  -5.7446169e+00
   2.4650000e+01  -7.0981363e+00
   2.4660000e+01  -8.5606336e+00
   2.4670000e+01  -1.0479844e+01
   2.4680000e+01  -1.2804546e+01
   2.4690000e+01  -1.4865941e+01
   2.4700000e+01  -1.6364799e+01
   2.4710000e+01  -1.7808310e+01
   2.4720000e+01  -1.9241326e+01
   2.4730000e+01  -1.9672193e+01
   2.4740000e+01  -1.8688893e+01
   2.4750000e+01  -1.7307601e+01
   2.4760000e+01  -1.6112884e+01
   2.4770000e+01  -1.4034040e+01
   2.4780000e+01  -1.0272196e+01
   2.4790000e+01  -5.9902068e+00
   2.4800000e+01  -2.6718309e+00
   2.4810000e+01  -1.4308872e-01
   2.4820000e+01   2.3348858e+00
   2.4830000e+01   4.2581002e+00
   2.4840000e+01   4.7259411e+00
   2.4850000e+01   4.1739720e+00
   2.4860000e+01   3.8039860e+00
   2.4870000e+01   3.8598450e+00
   2.4880000e+01   3.5997367e+00
   2.4890000e+01   2.5597910e+00
   2.4900000e+01   1.0439640e+00
   2.4910000e+01  -2.9251943e-01
   2.4920000e+01  -8.9996647e-01
   2.4930000e+01  -7.6954792e-01
   2.4940000e+01  -5.4578734e-01
   2.4950000e+01  -6.6651422e-01
   2.4960000e+01  -5.0904899e-01
   2.4970000e+01   7.7220746e-01
   2.4980000e+01   2.7014544e+00
   2.4990000e+01   3.8916652e+00
   2.5000000e+01   4.0357868e+00
   2.5010000e+01   4.2576547e+00
   2.5020000e+01   5.2401020e+00
   2.5030000e+01   6.2733818e+00
   2.5040000e+01   6.6371990e+00
   2.5050000e+01   6.7174021e+00
   2.5060000e+01   7.0395587e+00
   2.5070000e+01   7.2373596e+00
   2.5080000e+01   6.8743123e+00
   2.5090000e+01   6.4486909e+00
   2.5100000e+01   6.5193870e+00
   2.5110000e+01   6.4422393e+00
   2.5120000e+01   5.2041245e+00
   2.5130000e+01   3.1707553e+00
   2.5140000e+01   1.6435661e+00
   2.5150000e+01   7.9130367e-01
   2.5160000e+01  -4.3429662e-01
   2.5170000e+01  -2.1666512e+00
   2.5180000e+01  -3.1264951e+00
   2.5190000e+01  -2.7632718e+00
   2.5200000e+01  -2.1852215e+00
   2.5210000e+01  -2.2022092e+00
   2.5220000e+01  -2.0867900e+00
   2.5230000e+01  -1.1837372e+00
   2.5240000e+01  -1.6771291e-01
   2.5250000e+01   3.1024166e-01
   2.5260000e+01   7.3655433e-01
   2.5270000e+01   1.4994701e+00
   2.5280000e+01   2.0391242e+00
   2.5290000e+01   2.2310730e+00
   2.5300000e+01   3.0710596e+00
   2.5310000e+01   4.8842673e+00
   2.5320000e+01   6.3170013e+00
   2.5330000e+01   6.2569395e+00
   2.5340000e+01   5.4664126e+00
   2.5350000e+01   5.2188144e+00
   2.5360000e+01   5.4682882e+00
   2.5370000e+01   5.4466317e+00
   2.5380000e+01   5.1258251e+00
   2.5390000e+01   5.0113953e+00
   2.5400000e+01   5.0465894e+00
   2.5410000e+01   4.5642990e+00
   2.5420000e+01   3.0461952e+00
   2.5430000e+01   4.1021718e-01
   2.5440000e+01  -3.2485469e+00
   2.5450000e+01  -7.8027085e+00
   2.5460000e+01  -1.2951470e+01
   2.5470000e+01  -1.8056265e+01
   2.5480000e+01  -2.2280633e+01
   2.5490000e+01  -2.5127911e+01
   2.5500000e+01  -2.6788985e+01
   2.5510000e+01  -2.7657393e+01
   2.5520000e+01  -2.7637193e+01
   2.5530000e+01  -2.6399968e+01
   2.5540000e+01  -2.4191012e+01
   2.5550000e+01  -2.1779548e+01
   2.5560000e+01  -1.9648717e+01
   2.5570000e+01  -1.7813353e+01
   2.5580000e+01  -1.6389157e+01
   2.5590000e+01  -1.5684515e+01
   2.5600000e+01  -1.5628219e+01
   2.5610000e+01  -1.5649724e+01
   2.5620000e+01  -1.5317041e+01
   2.5630000e+01  -1.4827275e+01
   2.5640000e+01  -1.4808373e+01
   2.5650000e+01  -1.5698782e+01
   2.5660000e+01  -1.7170889e+01
   2.5670000e+01  -1.8210590e+01
   2.5680000e+01  -1.8110771e+01
   2.5690000e+01  -1.7300618e+01
   2.5700000e+01  -1.6728530e+01
   2.5710000e+01  -1.6605213e+01
   2.5720000e+01  -1.6412007e+01
   2.5730000e+01  -1.5953641e+01
   2.5740000e+01  -1.5559032e+01
   2.5750000e+01  -1.5331303e+01
   2.5760000e+01  -1.5025202e+01
   2.5770000e+01  -1.4548602e+01
   2.5780000e+01  -1.3832703e+01
   2.5790000e+01  -1.2542753e+01
   2.5800000e+01  -1.0747842e+01
   2.5810000e+01  -9.3219438e+00
   2.5820000e+01  -8.6692493e+00
   2.5830000e+01  -7.7856647e+00
   2.5840000e+01  -5.9108787e+00
   2.5850000e+01  -4.3587317e+00
   2.5860000e+01  -4.9798779e+00
   2.5870000e+01  -7.2193850e+00
   2.5880000e+01  -8.5134637e+00
   2.5890000e+01  -7.5529331e+00
