   0.0000000e+00  -2.2353875e+00
   2.0000000e-02  -3.6204575e+00
   4.0000000e-02  -4.1825293e+00
   6.0000000e-02  -4.6308813e+00
   8.0000000e-02  -2.7780642e+00
   1.0000000e-01  -1.6492474e+00
   1.2000000e-01  -1.0022351e+00
   1.4000000e-01  -6.7925825e-01
   1.6000000e-01   5.5100928e-01
   1.8000000e-01  -2.8282364e+00
   2.0000000e-01  -7.7947764e+00
   2.2000000e-01  -6.5858433e+00
   2.4000000e-01  -5.1414974e+00
   2.6000000e-01  -7.0461170e+00
   2.8000000e-01  -1.0004641e+01
   3.0000000e-01  -5.9586764e+00
   3.2000000e-01   6.2043521e+00
   3.4000000e-01   1.7742546e+01
   3.6000000e-01   2.3908591e+01
   3.8000000e-01   1.6507656e+01
   4.0000000e-01  -9.5607223e-01
   4.2000000e-01  -1.5311392e+01
   4.4000000e-01  -1.4430156e+01
   4.6000000e-01  -3.5273698e+00
   4.8000000e-01   5.7915440e-01
   5.0000000e-01   2.6069287e+00
   5.2000000e-01   4.2787972e+00
   5.4000000e-01   5.8896078e+00
   5.6000000e-01   5.8560455e+00
   5.8000000e-01   1.2976719e+01
   6.0000000e-01   2.0010501e+01
   6.2000000e-01   9.2472844e+00
   6.4000000e-01  -1.4232193e+01
   6.6000000e-01  -2.4563254e+01
   6.8000000e-01  -2.8478565e+01
   7.0000000e-01  -1.9942896e+01
   7.2000000e-01   2.7735733e+01
   7.4000000e-01   4.3118380e+01
   7.6000000e-01   1.5164030e+01
   7.8000000e-01  -9.8501616e+00
   8.0000000e-01  -1.8158122e+01
   8.2000000e-01  -1.8253009e+01
   8.4000000e-01  -1.2531311e+01
   8.6000000e-01   4.8368714e+00
   8.8000000e-01   1.6463519e+01
   9.0000000e-01   1.2830970e+01
   9.2000000e-01   7.5891915e+00
   9.4000000e-01   1.9965749e+01
   9.6000000e-01   2.2067598e+01
   9.8000000e-01   1.2130706e+01
   1.0000000e+00   4.3598007e-01
   1.0200000e+00  -1.3868704e+01
   1.0400000e+00  -3.2154370e+01
   1.0600000e+00  -2.7370641e+01
   1.0800000e+00   7.6239550e+00
   1.1000000e+00   1.6477692e+01
   1.1200000e+00   1.1342840e+01
   1.1400000e+00   6.6739985e+00
   1.1600000e+00   4.0521019e+00
   1.1800000e+00   2.6258118e+00
   1.2000000e+00   2.9471684e+00
   1.2200000e+00   1.5690792e+01
   1.2400000e+00   1.0905916e+01
   1.2600000e+00  -7.1522596e+00
   1.2800000e+00  -2.2859899e+01
   1.3000000e+00  -1.2565104e+01
   1.3200000e+00   8.8895478e+00
   1.3400000e+00   2.1428667e+01
   1.3600000e+00   3.2265211e+01
   1.3800000e+00   3.1789571e+01
   1.4000000e+00   2.0785905e+01
   1.4200000e+00  -9.8094620e-01
   1.4400000e+00  -9.5989847e+00
   1.4600000e+00  -1.3200429e+01
   1.4800000e+00  -1.4190453e+01
   1.5000000e+00  -8.1056055e+00
   1.5200000e+00  -1.0108842e+01
   1.5400000e+00  -1.0145705e+01
   1.5600000e+00  -4.1129027e+00
   1.5800000e+00   4.8588118e-01
   1.6000000e+00   7.7016958e+00
   1.6200000e+00   1.7482358e+01
   1.6400000e+00   2.2400385e+00
   1.6600000e+00  -1.5136429e+01
   1.6800000e+00  -2.0362563e+01
   1.7000000e+00   1.1809802e+01
   1.7200000e+00   5.3502688e+01
   1.7400000e+00   5.6116671e+01
   1.7600000e+00   3.1895469e+01
   1.7800000e+00  -1.0966951e+00
   1.8000000e+00  -1.6117753e+01
   1.8200000e+00  -4.0871635e+01
   1.8400000e+00  -5.4435032e+01
   1.8600000e+00  -2.1754739e+01
   1.8800000e+00   2.2384192e+01
   1.9000000e+00   2.1688358e+01
   1.9200000e+00   1.7198771e+01
   1.9400000e+00   5.7477416e+00
   1.9600000e+00   4.5472286e+00
   1.9800000e+00   5.8728640e+00
   2.0000000e+00  -8.7835913e-01
   2.0200000e+00   8.9390622e+00
   2.0400000e+00   1.0315005e+00
   2.0600000e+00  -2.3380163e+01
   2.0800000e+00  -5.3205050e+01
   2.1000000e+00  -3.0843372e+01
   2.1200000e+00   1.9400069e+01
   2.1400000e+00   5.2144682e+01
   2.1600000e+00   4.0790174e+01
   2.1800000e+00   2.3805680e+01
   2.2000000e+00   4.9627383e+00
   2.2200000e+00  -4.8524410e+01
   2.2400000e+00  -8.9396058e+01
   2.2600000e+00  -6.5398155e+01
   2.2800000e+00  -1.2386854e+01
   2.3000000e+00   1.9263510e+01
   2.3200000e+00   3.1124009e+01
   2.3400000e+00   4.9740568e+01
   2.3600000e+00   6.3720134e+01
   2.3800000e+00   4.6754911e+01
   2.4000000e+00   3.5125078e+01
   2.4200000e+00   2.5305438e+01
   2.4400000e+00   2.2092744e+01
   2.4600000e+00  -5.5843635e+00
   2.4800000e+00  -3.1150922e+01
   2.5000000e+00  -5.2878315e+01
   2.5200000e+00  -6.6199256e+01
   2.5400000e+00  -4.2320022e+01
   2.5600000e+00  -2.2913336e+01
   2.5800000e+00  -1.3071731e+01
   2.6000000e+00  -1.2323221e+01
   2.6200000e+00   1.1184758e+00
   2.6400000e+00   3.5712366e+01
   2.6600000e+00   6.4020203e+01
   2.6800000e+00   6.0212458e+01
   2.7000000e+00   5.1429576e+01
   2.7200000e+00   4.2950235e+01
   2.7400000e+00   5.0696549e+01
   2.7600000e+00   6.5857522e+01
   2.7800000e+00   7.0487869e+01
   2.8000000e+00   4.9860681e+01
   2.8200000e+00  -1.7246220e+01
   2.8400000e+00  -5.4383622e+01
   2.8600000e+00  -6.9650916e+01
   2.8800000e+00  -8.1518208e+01
   2.9000000e+00  -7.5460172e+01
   2.9200000e+00  -4.9023319e+01
   2.9400000e+00   2.1662398e+01
   2.9600000e+00   5.5577590e+01
   2.9800000e+00   8.1569230e+01
   3.0000000e+00   7.4087768e+01
   3.0200000e+00   4.8728438e+01
   3.0400000e+00   4.6614593e+01
   3.0600000e+00   2.0710627e+01
   3.0800000e+00   1.9836373e+01
   3.1000000e+00   1.6936530e+01
   3.1200000e+00   1.8794614e+01
   3.1400000e+00   4.9178134e+00
   3.1600000e+00  -5.8268032e+00
   3.1800000e+00  -2.3378832e+01
   3.2000000e+00  -3.8324967e+01
   3.2200000e+00  -4.9115035e+01
   3.2400000e+00  -6.8196860e+01
   3.2600000e+00  -1.0429535e+02
   3.2800000e+00  -9.7084569e+01
   3.3000000e+00  -1.1767948e+01
   3.3200000e+00   4.5564312e+01
   3.3400000e+00   6.5415388e+01
   3.3600000e+00   5.1111183e+01
   3.3800000e+00   3.4048254e+01
   3.4000000e+00   1.1879121e+01
   3.4200000e+00  -8.3124871e+00
   3.4400000e+00  -1.0256727e+01
   3.4600000e+00  -9.4991497e+00
   3.4800000e+00  -2.4604052e+01
   3.5000000e+00  -3.6532008e+01
   3.5200000e+00  -3.8593368e+01
   3.5400000e+00  -3.5857998e+01
   3.5600000e+00  -3.3361047e+01
   3.5800000e+00  -4.5242656e+01
   3.6000000e+00  -9.1730301e+01
   3.6200000e+00  -1.5472985e+02
   3.6400000e+00  -1.9667843e+02
   3.6600000e+00  -2.2847683e+02
   3.6800000e+00  -2.5323551e+02
   3.7000000e+00  -2.7253838e+02
   3.7200000e+00  -2.9959703e+02
   3.7400000e+00  -3.4148574e+02
   3.7600000e+00  -3.9355689e+02
   3.7800000e+00  -4.2309107e+02
   3.8000000e+00  -4.2504391e+02
   3.8200000e+00  -3.7677846e+02
   3.8400000e+00  -2.6619135e+02
   3.8600000e+00  -1.5647474e+02
   3.8800000e+00  -6.0320868e+01
   3.9000000e+00   2.1079914e+01
   3.9200000e+00   8.2619636e+01
   3.9400000e+00   9.3173932e+01
   3.9600000e+00   6.7543140e+01
   3.9800000e+00   1.9143549e+01
   4.0000000e+00  -2.0259617e+01
   4.0200000e+00   2.1526283e+01
   4.0400000e+00   1.2087123e+02
   4.0600000e+00   2.1197450e+02
   4.0800000e+00   2.7705521e+02
   4.1000000e+00   2.4212737e+02
   4.1200000e+00   1.2828247e+02
   4.1400000e+00   1.7169850e+01
   4.1600000e+00  -4.2978332e+01
   4.1800000e+00  -5.3656407e+01
   4.2000000e+00  -7.7044477e+01
   4.2200000e+00  -3.8675223e+01
   4.2400000e+00   1.1500980e+02
   4.2600000e+00   2.7387899e+02
   4.2800000e+00   4.1179781e+02
   4.3000000e+00   5.6350226e+02
   4.3200000e+00   6.3659369e+02
   4.3400000e+00   5.9220398e+02
   4.3600000e+00   4.9527204e+02
   4.3800000e+00   4.6841691e+02
   4.4000000e+00   2.6179891e+02
   4.4200000e+00  -3.3305318e+01
   4.4400000e+00  -2.2415212e+02
   4.4600000e+00  -3.5768207e+02
   4.4800000e+00  -3.8885623e+02
   4.5000000e+00  -3.1409758e+02
   4.5200000e+00  -9.2288574e+01
   4.5400000e+00   9.1526297e+01
   4.5600000e+00   2.1008843e+02
   4.5800000e+00   2.5909350e+02
   4.6000000e+00   2.7192812e+02
   4.6200000e+00   2.2967916e+02
   4.6400000e+00   2.3233110e+02
   4.6600000e+00   2.1856394e+02
   4.6800000e+00   1.3583876e+02
   4.7000000e+00   1.1814400e+02
   4.7200000e+00   9.1607446e+01
   4.7400000e+00   1.0484453e+02
   4.7600000e+00   1.0537424e+02
   4.7800000e+00   9.7706173e+01
   4.8000000e+00   1.0069157e+02
   4.8200000e+00   1.2208910e+02
   4.8400000e+00   1.5996793e+02
   4.8600000e+00   1.8285760e+02
   4.8800000e+00   1.9489488e+02
   4.9000000e+00   1.6784938e+02
   4.9200000e+00   1.5725103e+02
   4.9400000e+00   1.1355944e+02
   4.9600000e+00   1.7305556e+01
   4.9800000e+00  -3.9181790e+01
   5.0000000e+00  -1.6237559e+02
   5.0200000e+00  -3.1323359e+02
   5.0400000e+00  -4.3349915e+02
   5.0600000e+00  -5.1789675e+02
   5.0800000e+00  -5.4368025e+02
   5.1000000e+00  -5.5607311e+02
   5.1200000e+00  -5.2692869e+02
   5.1400000e+00  -4.9194643e+02
   5.1600000e+00  -4.6547818e+02
   5.1800000e+00  -4.3985146e+02
   5.2000000e+00  -3.9030541e+02
   5.2200000e+00  -3.4229441e+02
   5.2400000e+00  -3.1539909e+02
   5.2600000e+00  -2.7944393e+02
   5.2800000e+00  -2.2796329e+02
   5.3000000e+00  -1.6714412e+02
   5.3200000e+00  -9.3549933e+01
   5.3400000e+00   3.2700958e+01
   5.3600000e+00   2.6935687e+02
   5.3800000e+00   5.5582866e+02
   5.4000000e+00   6.7361716e+02
   5.4200000e+00   5.9704673e+02
   5.4400000e+00   5.3612907e+02
   5.4600000e+00   5.1933962e+02
   5.4800000e+00   4.9620678e+02
   5.5000000e+00   4.9808268e+02
   5.5200000e+00   4.8910491e+02
   5.5400000e+00   4.7712391e+02
   5.5600000e+00   4.7980781e+02
   5.5800000e+00   4.6224998e+02
   5.6000000e+00   4.6456241e+02
   5.6200000e+00   4.4368860e+02
   5.6400000e+00   3.1508757e+02
   5.6600000e+00   2.0157615e+02
   5.6800000e+00   7.1514305e+01
   5.7000000e+00  -5.1800140e+01
   5.7200000e+00  -1.3307085e+02
   5.7400000e+00  -2.8278290e+02
   5.7600000e+00  -4.7770289e+02
   5.7800000e+00  -5.9633664e+02
   5.8000000e+00  -5.5907638e+02
   5.8200000e+00  -4.1578480e+02
   5.8400000e+00  -1.6565913e+02
   5.8600000e+00   5.2046279e+01
   5.8800000e+00   1.5809462e+02
   5.9000000e+00   1.8385211e+02
   5.9200000e+00   1.1741647e+02
   5.9400000e+00   1.9263484e+00
   5.9600000e+00  -1.1198704e+02
   5.9800000e+00  -2.3646431e+02
   6.0000000e+00  -3.0526288e+02
   6.0200000e+00  -2.9042145e+02
   6.0400000e+00  -2.7176820e+02
   6.0600000e+00  -2.4900530e+02
   6.0800000e+00  -2.7559825e+02
   6.1000000e+00  -3.2052631e+02
   6.1200000e+00  -2.8782334e+02
   6.1400000e+00  -1.3704229e+02
   6.1600000e+00   3.8282839e+00
   6.1800000e+00   8.6429465e+01
   6.2000000e+00   1.5167832e+02
   6.2200000e+00   1.8969163e+02
   6.2400000e+00   2.0082101e+02
   6.2600000e+00   1.4136316e+02
   6.2800000e+00   3.9228046e+01
   6.3000000e+00  -6.6777511e+01
   6.3200000e+00  -1.6802755e+02
   6.3400000e+00  -1.6397926e+02
   6.3600000e+00  -4.8722562e+01
   6.3800000e+00   7.1867628e+01
   6.4000000e+00   1.6727403e+02
   6.4200000e+00   1.5464586e+02
   6.4400000e+00   7.5033752e+01
   6.4600000e+00   2.2537827e+01
   6.4800000e+00  -3.0247648e+01
   6.5000000e+00  -9.9075206e+01
   6.5200000e+00  -1.4359959e+02
   6.5400000e+00  -1.6493078e+02
   6.5600000e+00  -1.7889058e+02
   6.5800000e+00  -1.8681787e+02
   6.6000000e+00  -1.6825988e+02
   6.6200000e+00  -1.0174417e+02
   6.6400000e+00  -1.0482326e+01
   6.6600000e+00   8.4484528e+01
   6.6800000e+00   1.4710285e+02
   6.7000000e+00   1.7859665e+02
   6.7200000e+00   1.9222426e+02
   6.7400000e+00   1.7929370e+02
   6.7600000e+00   1.5780515e+02
   6.7800000e+00   1.3011015e+02
   6.8000000e+00   8.8428824e+01
   6.8200000e+00   4.5984215e+01
   6.8400000e+00  -2.8911979e+01
   6.8600000e+00  -1.3178097e+02
   6.8800000e+00  -1.5174565e+02
   6.9000000e+00  -1.1181024e+02
   6.9200000e+00  -7.4326951e+01
   6.9400000e+00  -3.3213742e+01
   6.9600000e+00   4.1100586e+01
   6.9800000e+00   1.2397043e+02
   7.0000000e+00   1.4622220e+02
   7.0200000e+00   1.7277278e+02
   7.0400000e+00   1.7840471e+02
   7.0600000e+00   1.6623411e+02
   7.0800000e+00   1.5184572e+02
   7.1000000e+00   1.1170751e+02
   7.1200000e+00   2.2421985e+01
   7.1400000e+00  -6.9587393e+01
   7.1600000e+00  -1.1636794e+02
   7.1800000e+00  -1.5111501e+02
   7.2000000e+00  -1.6295013e+02
   7.2200000e+00  -1.4615137e+02
   7.2400000e+00  -1.0387275e+02
   7.2600000e+00  -8.6670308e+01
   7.2800000e+00  -1.0437213e+02
   7.3000000e+00  -1.5525487e+02
   7.3200000e+00  -1.9381432e+02
   7.3400000e+00  -1.9851768e+02
   7.3600000e+00  -1.7738727e+02
   7.3800000e+00  -1.1471401e+02
   7.4000000e+00  -3.1792645e+01
   7.4200000e+00   2.0000551e+01
   7.4400000e+00   1.1642895e+01
   7.4600000e+00  -5.4728184e+01
   7.4800000e+00  -1.1139375e+02
   7.5000000e+00  -1.1782126e+02
   7.5200000e+00  -1.0849832e+02
   7.5400000e+00  -6.1985544e+01
   7.5600000e+00   5.7097900e+00
   7.5800000e+00   4.7323653e+01
   7.6000000e+00   4.1442598e+01
   7.6200000e+00   5.3608909e+00
   7.6400000e+00  -3.8782622e+01
   7.6600000e+00  -7.9423075e+01
   7.6800000e+00  -1.1179662e+02
   7.7000000e+00  -1.2886924e+02
   7.7200000e+00  -1.2602598e+02
   7.7400000e+00  -1.1023145e+02
   7.7600000e+00  -9.0276559e+01
   7.7800000e+00  -7.5379409e+01
   7.8000000e+00  -5.1035401e+01
   7.8200000e+00  -2.3322466e+01
   7.8400000e+00  -1.2912392e+01
   7.8600000e+00  -4.3555954e+00
   7.8800000e+00   2.0823699e+01
   7.9000000e+00   3.6589407e+01
   7.9200000e+00   3.2971020e+01
   7.9400000e+00   1.8367916e+01
   7.9600000e+00  -1.3578458e+01
   7.9800000e+00  -5.4400932e+01
   8.0000000e+00  -7.9711551e+01
   8.0200000e+00  -9.3433074e+01
   8.0400000e+00  -8.8666879e+01
   8.0600000e+00  -4.2764392e+01
   8.0800000e+00   1.5747953e+01
   8.1000000e+00   7.8308091e+01
   8.1200000e+00   1.4567212e+02
   8.1400000e+00   2.0758184e+02
   8.1600000e+00   2.2226529e+02
   8.1800000e+00   1.9760019e+02
   8.2000000e+00   1.3984158e+02
   8.2200000e+00   2.4079449e+01
   8.2400000e+00  -5.6185917e+01
   8.2600000e+00  -8.8727085e+01
   8.2800000e+00  -9.2598653e+01
   8.3000000e+00  -4.8852138e+01
   8.3200000e+00   2.3348100e+01
   8.3400000e+00   1.0753896e+02
   8.3600000e+00   1.5795940e+02
   8.3800000e+00   1.5253914e+02
   8.4000000e+00   1.4726570e+02
   8.4200000e+00   1.5036510e+02
   8.4400000e+00   1.5834003e+02
   8.4600000e+00   1.9602864e+02
   8.4800000e+00   2.2769678e+02
   8.5000000e+00   2.5203805e+02
   8.5200000e+00   2.7117848e+02
   8.5400000e+00   2.7262319e+02
   8.5600000e+00   2.4813019e+02
   8.5800000e+00   1.4282553e+02
   8.6000000e+00   1.8180963e+01
   8.6200000e+00  -4.9680864e+01
   8.6400000e+00  -1.0765235e+02
   8.6600000e+00  -1.6632098e+02
   8.6800000e+00  -2.1998166e+02
   8.7000000e+00  -2.4056767e+02
   8.7200000e+00  -2.3134076e+02
   8.7400000e+00  -2.3255329e+02
   8.7600000e+00  -3.0134497e+02
   8.7800000e+00  -3.0444426e+02
   8.8000000e+00  -2.3192213e+02
   8.8200000e+00  -1.2071235e+02
   8.8400000e+00   9.6084959e+00
   8.8600000e+00   4.5423328e+01
   8.8800000e+00   8.8845225e+01
   8.9000000e+00   1.0363774e+02
   8.9200000e+00   1.3622126e+02
   8.9400000e+00   1.8072898e+02
   8.9600000e+00   2.1807074e+02
   8.9800000e+00   2.4921288e+02
   9.0000000e+00   2.7023703e+02
   9.0200000e+00   2.9797967e+02
   9.0400000e+00   3.0676574e+02
   9.0600000e+00   3.1957209e+02
   9.0800000e+00   3.1828434e+02
   9.1000000e+00   2.7188724e+02
   9.1200000e+00   7.9958515e+01
   9.1400000e+00  -8.8390734e+01
   9.1600000e+00  -1.7200257e+02
   9.1800000e+00  -2.6393082e+02
   9.2000000e+00  -3.3690597e+02
   9.2200000e+00  -3.8214040e+02
   9.2400000e+00  -3.6808730e+02
   9.2600000e+00  -3.8291138e+02
   9.2800000e+00  -3.3387167e+02
   9.3000000e+00  -2.0371493e+02
   9.3200000e+00  -1.4553017e+02
   9.3400000e+00  -7.7395926e+01
   9.3600000e+00  -3.1239021e+01
   9.3800000e+00  -2.9836611e-01
   9.4000000e+00   2.1308933e+01
   9.4200000e+00   4.2355965e+01
   9.4400000e+00   8.0517778e+01
   9.4600000e+00   1.1457905e+02
   9.4800000e+00   1.2959450e+02
   9.5000000e+00   1.0930341e+02
   9.5200000e+00   7.7274600e+01
   9.5400000e+00   3.8466170e+01
   9.5600000e+00   1.1892778e+01
   9.5800000e+00  -1.9754477e+01
   9.6000000e+00  -2.2057153e+01
   9.6200000e+00  -9.9470552e+00
   9.6400000e+00   9.0821402e+00
   9.6600000e+00   9.9487234e+00
   9.6800000e+00   8.4053465e-01
   9.7000000e+00  -1.7782229e+01
   9.7200000e+00  -3.7821632e+01
   9.7400000e+00  -4.1158296e+01
   9.7600000e+00  -3.6726562e+01
   9.7800000e+00  -3.5406024e+01
   9.8000000e+00  -4.3720914e+01
   9.8200000e+00  -5.3546236e+01
   9.8400000e+00  -5.6819548e+01
   9.8600000e+00  -2.9328073e+01
   9.8800000e+00   1.6635052e+01
   9.9000000e+00   6.6528542e+01
   9.9200000e+00   1.0016240e+02
   9.9400000e+00   1.0959302e+02
   9.9600000e+00   1.0281942e+02
   9.9800000e+00   9.0318343e+01
   1.0000000e+01   7.6798416e+01
   1.0020000e+01   6.3950716e+01
   1.0040000e+01   5.1048804e+01
   1.0060000e+01   5.3705788e+01
   1.0080000e+01   6.1928213e+01
   1.0100000e+01   6.2782466e+01
   1.0120000e+01   4.7754504e+01
   1.0140000e+01   2.0322503e+01
   1.0160000e+01  -5.2875550e+00
   1.0180000e+01  -1.5199664e+01
   1.0200000e+01  -1.1929854e+01
   1.0220000e+01   1.8713203e+00
   1.0240000e+01   1.3198906e+01
   1.0260000e+01   1.5736778e+01
   1.0280000e+01   7.2298227e+00
   1.0300000e+01  -3.0176918e+00
   1.0320000e+01  -1.7512392e+00
   1.0340000e+01   1.1532910e+01
   1.0360000e+01   2.9074669e+01
   1.0380000e+01   3.9445028e+01
   1.0400000e+01   4.2065498e+01
   1.0420000e+01   3.3495059e+01
   1.0440000e+01   1.6472043e+01
   1.0460000e+01  -1.1437453e+00
   1.0480000e+01  -1.0204788e+01
   1.0500000e+01  -1.2740304e+01
   1.0520000e+01  -4.3001430e+00
   1.0540000e+01   9.0818657e+00
   1.0560000e+01   2.2976779e+01
   1.0580000e+01   2.7874656e+01
   1.0600000e+01   2.5699468e+01
   1.0620000e+01   2.0263004e+01
   1.0640000e+01   1.5098806e+01
   1.0660000e+01   9.4161654e+00
   1.0680000e+01   6.4334862e+00
   1.0700000e+01   6.1118605e+00
   1.0720000e+01   2.9079781e+00
   1.0740000e+01  -6.2336229e+00
   1.0760000e+01  -1.8118102e+01
   1.0780000e+01  -3.0968762e+01
   1.0800000e+01  -3.9910770e+01
   1.0820000e+01  -4.0398991e+01
   1.0840000e+01  -3.5902670e+01
   1.0860000e+01  -2.2320525e+01
   1.0880000e+01  -7.0049676e+00
   1.0900000e+01   1.9937553e+00
   1.0920000e+01  -1.1370548e+00
   1.0940000e+01  -8.8556623e+00
   1.0960000e+01  -1.8063141e+01
   1.0980000e+01  -2.2148094e+01
   1.1000000e+01  -2.0517506e+01
   1.1020000e+01  -1.9206884e+01
   1.1040000e+01  -2.0066119e+01
   1.1060000e+01  -2.3992059e+01
   1.1080000e+01  -2.9777732e+01
   1.1100000e+01  -4.1126062e+01
   1.1120000e+01  -5.2357514e+01
   1.1140000e+01  -5.5040731e+01
   1.1160000e+01  -3.6978678e+01
   1.1180000e+01  -6.3112083e+00
   1.1200000e+01   8.6754630e+00
   1.1220000e+01   7.7345700e+00
   1.1240000e+01  -8.8785840e+00
   1.1260000e+01  -3.2703299e+01
   1.1280000e+01  -5.2329232e+01
   1.1300000e+01  -6.1843677e+01
   1.1320000e+01  -5.6157169e+01
   1.1340000e+01  -3.8392516e+01
   1.1360000e+01  -1.5806051e+01
   1.1380000e+01  -7.4464817e+00
   1.1400000e+01  -9.7978541e+00
   1.1420000e+01  -2.4033773e+01
   1.1440000e+01  -4.9892729e+01
   1.1460000e+01  -7.5515559e+01
   1.1480000e+01  -1.0008117e+02
   1.1500000e+01  -1.1854583e+02
   1.1520000e+01  -1.2720826e+02
   1.1540000e+01  -1.3048208e+02
   1.1560000e+01  -1.2702565e+02
   1.1580000e+01  -1.1794292e+02
   1.1600000e+01  -9.5819667e+01
   1.1620000e+01  -5.6965308e+01
   1.1640000e+01  -1.6696602e+01
   1.1660000e+01   1.3283546e+01
   1.1680000e+01   2.6314310e+01
   1.1700000e+01   3.0976996e+01
   1.1720000e+01   2.8476976e+01
   1.1740000e+01   2.1924017e+01
   1.1760000e+01   1.5478028e+01
   1.1780000e+01   1.4472132e+01
   1.1800000e+01   2.0248028e+01
   1.1820000e+01   2.7610248e+01
   1.1840000e+01   3.2609054e+01
   1.1860000e+01   3.2637488e+01
   1.1880000e+01   3.3291144e+01
   1.1900000e+01   3.2090062e+01
   1.1920000e+01   3.0588782e+01
   1.1940000e+01   2.8824586e+01
   1.1960000e+01   2.7931981e+01
   1.1980000e+01   2.6563784e+01
   1.2000000e+01   2.6367228e+01
   1.2020000e+01   2.7962741e+01
   1.2040000e+01   3.4989879e+01
   1.2060000e+01   4.3771380e+01
   1.2080000e+01   5.1184409e+01
   1.2100000e+01   5.7359235e+01
   1.2120000e+01   5.8594501e+01
   1.2140000e+01   6.1746822e+01
   1.2160000e+01   6.3803122e+01
   1.2180000e+01   6.2620875e+01
   1.2200000e+01   5.1825259e+01
   1.2220000e+01   3.6673209e+01
   1.2240000e+01   2.5812912e+01
   1.2260000e+01   2.3792990e+01
   1.2280000e+01   3.2185911e+01
   1.2300000e+01   4.9885103e+01
   1.2320000e+01   7.0330150e+01
   1.2340000e+01   8.3116695e+01
   1.2360000e+01   8.7528858e+01
   1.2380000e+01   8.4152891e+01
   1.2400000e+01   8.0185304e+01
   1.2420000e+01   7.7673154e+01
   1.2440000e+01   7.7444652e+01
   1.2460000e+01   8.0814916e+01
   1.2480000e+01   8.5699874e+01
   1.2500000e+01   9.0853127e+01
   1.2520000e+01   9.0699000e+01
   1.2540000e+01   7.6202270e+01
   1.2560000e+01   3.1617935e+01
   1.2580000e+01  -1.6310036e+01
   1.2600000e+01  -3.6628313e+01
   1.2620000e+01  -4.3548897e+01
   1.2640000e+01  -4.0398780e+01
   1.2660000e+01  -3.2481794e+01
   1.2680000e+01  -2.3671575e+01
   1.2700000e+01  -1.6842918e+01
   1.2720000e+01  -1.4943600e+01
   1.2740000e+01  -1.9496410e+01
   1.2760000e+01  -2.6737502e+01
   1.2780000e+01  -3.1912777e+01
   1.2800000e+01  -3.8718580e+01
   1.2820000e+01  -4.5652901e+01
   1.2840000e+01  -5.4420746e+01
   1.2860000e+01  -6.1633860e+01
   1.2880000e+01  -6.4256846e+01
   1.2900000e+01  -6.2616051e+01
   1.2920000e+01  -5.8768563e+01
   1.2940000e+01  -5.6991990e+01
   1.2960000e+01  -5.7772112e+01
   1.2980000e+01  -6.4383966e+01
   1.3000000e+01  -7.1891363e+01
   1.3020000e+01  -7.8019166e+01
   1.3040000e+01  -8.3251131e+01
   1.3060000e+01  -7.9116687e+01
   1.3080000e+01  -6.6768368e+01
   1.3100000e+01  -5.1443390e+01
   1.3120000e+01  -3.9327582e+01
   1.3140000e+01  -3.3003157e+01
   1.3160000e+01  -3.0955648e+01
   1.3180000e+01  -2.7984961e+01
   1.3200000e+01  -1.9349724e+01
   1.3220000e+01  -7.4610627e+00
   1.3240000e+01   5.8789560e+00
   1.3260000e+01   1.9624765e+01
   1.3280000e+01   3.0880915e+01
   1.3300000e+01   3.7471448e+01
   1.3320000e+01   3.8284288e+01
   1.3340000e+01   3.5394005e+01
   1.3360000e+01   2.9501154e+01
   1.3380000e+01   2.1671679e+01
   1.3400000e+01   1.6276521e+01
   1.3420000e+01   1.4576519e+01
   1.3440000e+01   1.5398532e+01
   1.3460000e+01   1.5915838e+01
   1.3480000e+01   1.5869156e+01
   1.3500000e+01   1.2865998e+01
   1.3520000e+01   5.8463286e+00
   1.3540000e+01  -5.4321291e-01
   1.3560000e+01  -4.0396738e+00
   1.3580000e+01  -3.7790445e+00
   1.3600000e+01  -3.3795489e-01
   1.3620000e+01   6.5180402e+00
   1.3640000e+01   9.5383206e+00
   1.3660000e+01   1.0616259e+01
   1.3680000e+01   1.6944168e+01
   1.3700000e+01   2.7249914e+01
   1.3720000e+01   4.1414862e+01
   1.3740000e+01   5.2266441e+01
   1.3760000e+01   5.8465612e+01
   1.3780000e+01   5.9290890e+01
   1.3800000e+01   5.3334577e+01
   1.3820000e+01   4.1784678e+01
   1.3840000e+01   3.0623748e+01
   1.3860000e+01   2.4250203e+01
   1.3880000e+01   2.5233485e+01
   1.3900000e+01   3.2293329e+01
   1.3920000e+01   4.0582452e+01
   1.3940000e+01   4.7115719e+01
   1.3960000e+01   4.9232038e+01
   1.3980000e+01   4.4750539e+01
   1.4000000e+01   3.6348480e+01
   1.4020000e+01   2.7803619e+01
   1.4040000e+01   1.5667624e+01
   1.4060000e+01   3.6228274e+00
   1.4080000e+01  -7.9367879e+00
   1.4100000e+01  -1.6080108e+01
   1.4120000e+01  -2.1340301e+01
   1.4140000e+01  -2.4526823e+01
   1.4160000e+01  -2.2229130e+01
   1.4180000e+01  -1.3393065e+01
   1.4200000e+01   1.0142006e+00
   1.4220000e+01   1.5768037e+01
   1.4240000e+01   2.8432224e+01
   1.4260000e+01   3.6568689e+01
   1.4280000e+01   4.0081326e+01
   1.4300000e+01   3.7088284e+01
   1.4320000e+01   2.6447199e+01
   1.4340000e+01   5.5591788e+00
   1.4360000e+01  -1.8176563e+01
   1.4380000e+01  -3.4573095e+01
   1.4400000e+01  -4.7788898e+01
   1.4420000e+01  -5.6075595e+01
   1.4440000e+01  -5.7268935e+01
   1.4460000e+01  -4.6496042e+01
   1.4480000e+01  -3.0123800e+01
   1.4500000e+01  -1.8865035e+01
   1.4520000e+01  -1.1780948e+01
   1.4540000e+01  -9.2721078e+00
   1.4560000e+01  -6.1808235e+00
   1.4580000e+01  -2.2699309e+00
   1.4600000e+01   1.3330207e+00
   1.4620000e+01   4.0774588e+00
   1.4640000e+01   3.4628242e+00
   1.4660000e+01   9.5589048e-01
   1.4680000e+01   2.3612609e+00
   1.4700000e+01   8.1709612e+00
   1.4720000e+01   1.5342466e+01
   1.4740000e+01   2.1995579e+01
   1.4760000e+01   2.5871006e+01
   1.4780000e+01   2.5507994e+01
   1.4800000e+01   1.7675281e+01
   1.4820000e+01   2.6589037e+00
   1.4840000e+01  -1.4904004e+01
   1.4860000e+01  -3.0654689e+01
   1.4880000e+01  -4.0808512e+01
   1.4900000e+01  -4.2991602e+01
   1.4920000e+01  -3.5389941e+01
   1.4940000e+01  -2.1120798e+01
   1.4960000e+01  -6.7267988e+00
   1.4980000e+01   3.0527479e+00
   1.5000000e+01   7.8809602e+00
   1.5020000e+01   8.1260851e+00
   1.5040000e+01   4.8707967e+00
   1.5060000e+01   1.6973510e+00
   1.5080000e+01  -1.9122434e+00
   1.5100000e+01  -6.5596769e+00
   1.5120000e+01  -1.3253128e+01
   1.5140000e+01  -2.6506917e+01
   1.5160000e+01  -4.3808756e+01
   1.5180000e+01  -5.3329687e+01
   1.5200000e+01  -5.3753438e+01
   1.5220000e+01  -4.5432934e+01
   1.5240000e+01  -2.8492283e+01
   1.5260000e+01  -1.1523803e+01
   1.5280000e+01   1.2434382e-01
   1.5300000e+01   6.2853728e+00
   1.5320000e+01   7.3236259e+00
   1.5340000e+01   6.2831138e+00
   1.5360000e+01   2.1787603e+00
   1.5380000e+01  -9.0596513e+00
   1.5400000e+01  -2.2918731e+01
   1.5420000e+01  -3.6393721e+01
   1.5440000e+01  -4.7947368e+01
   1.5460000e+01  -4.8957799e+01
   1.5480000e+01  -3.8530607e+01
   1.5500000e+01  -2.4483973e+01
   1.5520000e+01  -1.5279490e+01
   1.5540000e+01  -1.4320273e+01
   1.5560000e+01  -1.9195522e+01
   1.5580000e+01  -2.3842385e+01
   1.5600000e+01  -2.5995618e+01
   1.5620000e+01  -2.3425499e+01
   1.5640000e+01  -1.4107999e+01
   1.5660000e+01  -5.1482861e-01
   1.5680000e+01   1.4392227e+01
   1.5700000e+01   2.5515316e+01
   1.5720000e+01   3.6378716e+01
   1.5740000e+01   4.8144231e+01
   1.5760000e+01   5.9672008e+01
   1.5780000e+01   6.7948217e+01
   1.5800000e+01   7.0377986e+01
   1.5820000e+01   6.4736990e+01
   1.5840000e+01   5.1554480e+01
   1.5860000e+01   3.3209243e+01
   1.5880000e+01   1.0468985e+01
   1.5900000e+01  -6.6805912e+00
   1.5920000e+01  -1.2175317e+01
   1.5940000e+01  -1.0008261e+01
   1.5960000e+01   2.3728365e-01
   1.5980000e+01   1.4566954e+01
   1.6000000e+01   2.4201321e+01
   1.6020000e+01   2.3356254e+01
   1.6040000e+01   1.2411252e+01
   1.6060000e+01  -7.2176485e+00
   1.6080000e+01  -2.8622076e+01
   1.6100000e+01  -4.4164291e+01
   1.6120000e+01  -5.1119852e+01
   1.6140000e+01  -4.2087519e+01
   1.6160000e+01  -2.6186089e+01
   1.6180000e+01  -1.3652118e+01
   1.6200000e+01  -7.6005046e+00
   1.6220000e+01  -6.1682325e+00
   1.6240000e+01  -9.7682662e+00
   1.6260000e+01  -1.0016534e+01
   1.6280000e+01  -4.2536523e+00
   1.6300000e+01   3.0890133e+00
   1.6320000e+01   9.2969072e+00
   1.6340000e+01   9.8972365e+00
   1.6360000e+01   6.4827164e+00
   1.6380000e+01  -1.4283287e-01
   1.6400000e+01  -4.0464857e+00
   1.6420000e+01  -5.2777581e+00
   1.6440000e+01  -3.8867419e+00
   1.6460000e+01   6.3720965e-01
   1.6480000e+01   8.3109938e+00
   1.6500000e+01   1.5090983e+01
   1.6520000e+01   1.9696462e+01
   1.6540000e+01   2.0960072e+01
   1.6560000e+01   1.8637324e+01
   1.6580000e+01   1.1726433e+01
   1.6600000e+01   5.0098436e+00
   1.6620000e+01   5.8175253e-01
   1.6640000e+01  -2.0757412e+00
   1.6660000e+01  -3.3689193e+00
   1.6680000e+01  -4.3456878e+00
   1.6700000e+01  -2.2950178e+00
   1.6720000e+01   2.9668598e+00
   1.6740000e+01   1.1124816e+01
   1.6760000e+01   1.4651483e+01
   1.6780000e+01   1.8099198e+01
   1.6800000e+01   2.0601001e+01
   1.6820000e+01   1.9751673e+01
   1.6840000e+01   1.8585300e+01
   1.6860000e+01   1.8400896e+01
   1.6880000e+01   1.8798406e+01
   1.6900000e+01   1.6564340e+01
   1.6920000e+01   1.2883375e+01
   1.6940000e+01   7.6756599e+00
   1.6960000e+01   2.9487796e+00
   1.6980000e+01  -1.2295145e+00
   1.7000000e+01  -1.2721319e+01
   1.7020000e+01  -2.6248455e+01
   1.7040000e+01  -3.9216343e+01
   1.7060000e+01  -5.0937798e+01
   1.7080000e+01  -5.3551405e+01
   1.7100000e+01  -4.3928114e+01
   1.7120000e+01  -2.6231567e+01
   1.7140000e+01  -1.0668333e+01
   1.7160000e+01  -1.2850210e+00
   1.7180000e+01  -1.7152333e+00
   1.7200000e+01  -4.7800161e+00
   1.7220000e+01  -4.8972467e+00
   1.7240000e+01   1.2366032e+00
   1.7260000e+01   1.2489462e+01
   1.7280000e+01   2.2382271e+01
   1.7300000e+01   2.7235409e+01
   1.7320000e+01   2.1733434e+01
   1.7340000e+01   4.2586103e+00
   1.7360000e+01  -2.1035215e+01
   1.7380000e+01  -3.9754118e+01
   1.7400000e+01  -4.8142147e+01
   1.7420000e+01  -5.0260931e+01
   1.7440000e+01  -4.5724179e+01
   1.7460000e+01  -3.9017320e+01
   1.7480000e+01  -3.0675474e+01
   1.7500000e+01  -2.1113598e+01
   1.7520000e+01  -9.2346683e+00
   1.7540000e+01   1.3009633e+00
   1.7560000e+01   7.3952749e+00
   1.7580000e+01   8.8940729e+00
   1.7600000e+01   2.9773266e+00
   1.7620000e+01  -4.1595340e+00
   1.7640000e+01  -8.4075843e+00
   1.7660000e+01  -7.1754180e+00
   1.7680000e+01   1.5820458e+00
   1.7700000e+01   1.7721804e+01
   1.7720000e+01   3.4989459e+01
   1.7740000e+01   4.6331436e+01
   1.7760000e+01   4.9020019e+01
   1.7780000e+01   4.4663335e+01
   1.7800000e+01   3.6445584e+01
   1.7820000e+01   2.6578607e+01
   1.7840000e+01   1.8248409e+01
   1.7860000e+01   1.2134102e+01
   1.7880000e+01   8.4621574e+00
   1.7900000e+01   3.9755499e+00
   1.7920000e+01  -4.1299488e-01
   1.7940000e+01  -2.3145294e+00
   1.7960000e+01  -5.0189632e+00
   1.7980000e+01  -8.0762784e+00
   1.8000000e+01  -1.1808856e+01
   1.8020000e+01  -1.5360677e+01
   1.8040000e+01  -1.5748773e+01
   1.8060000e+01  -1.2546497e+01
   1.8080000e+01  -7.6162245e+00
   1.8100000e+01  -5.4558517e+00
   1.8120000e+01  -6.5551715e+00
   1.8140000e+01  -1.0212258e+01
   1.8160000e+01  -1.3009873e+01
   1.8180000e+01  -1.0829085e+01
   1.8200000e+01  -3.9522494e+00
   1.8220000e+01   4.4551167e+00
   1.8240000e+01   1.0984469e+01
   1.8260000e+01   1.4148005e+01
   1.8280000e+01   1.1430688e+01
   1.8300000e+01   4.4622324e+00
   1.8320000e+01  -2.2808949e+00
   1.8340000e+01  -7.7228831e+00
   1.8360000e+01  -9.3485619e+00
   1.8380000e+01  -3.9733228e+00
   1.8400000e+01   6.4906641e+00
   1.8420000e+01   1.7526599e+01
   1.8440000e+01   2.7664775e+01
   1.8460000e+01   3.3690372e+01
   1.8480000e+01   3.3027664e+01
   1.8500000e+01   2.6986670e+01
   1.8520000e+01   1.6681328e+01
   1.8540000e+01   2.5505250e+00
   1.8560000e+01  -1.3004252e+01
   1.8580000e+01  -2.4617370e+01
   1.8600000e+01  -3.1469296e+01
   1.8620000e+01  -3.1505674e+01
   1.8640000e+01  -2.6235452e+01
   1.8660000e+01  -1.7437678e+01
   1.8680000e+01  -7.2259954e+00
   1.8700000e+01   6.9158369e-01
   1.8720000e+01   3.9232421e+00
   1.8740000e+01   1.1003195e+00
   1.8760000e+01  -3.1120636e+00
   1.8780000e+01  -7.8517142e+00
   1.8800000e+01  -1.2741922e+01
   1.8820000e+01  -1.4191376e+01
   1.8840000e+01  -1.2563620e+01
   1.8860000e+01  -9.9855568e+00
   1.8880000e+01  -6.9222575e+00
   1.8900000e+01  -6.8002129e+00
   1.8920000e+01  -8.6987596e+00
   1.8940000e+01  -1.0208623e+01
   1.8960000e+01  -1.0535564e+01
   1.8980000e+01  -9.2050241e+00
   1.9000000e+01  -6.4833382e+00
   1.9020000e+01  -3.9237070e+00
   1.9040000e+01  -4.3925743e+00
   1.9060000e+01  -7.7090285e+00
   1.9080000e+01  -6.7032691e+00
   1.9100000e+01   2.6502658e+00
   1.9120000e+01   1.7053879e+01
   1.9140000e+01   3.2301541e+01
   1.9160000e+01   4.3536412e+01
   1.9180000e+01   4.7552189e+01
   1.9200000e+01   4.4152750e+01
   1.9220000e+01   3.6361321e+01
   1.9240000e+01   2.4427047e+01
   1.9260000e+01   1.2329118e+01
   1.9280000e+01   4.2167392e+00
   1.9300000e+01  -8.1692321e-01
   1.9320000e+01  -2.0185083e-01
   1.9340000e+01   5.8487804e+00
   1.9360000e+01   1.3432876e+01
   1.9380000e+01   1.9366531e+01
   1.9400000e+01   2.0271399e+01
   1.9420000e+01   1.7170561e+01
   1.9440000e+01   1.2014294e+01
   1.9460000e+01   5.5396940e+00
   1.9480000e+01   6.5422084e-01
   1.9500000e+01  -8.4174067e-01
   1.9520000e+01   7.9261487e-01
   1.9540000e+01   3.7247538e+00
   1.9560000e+01   3.8856219e+00
   1.9580000e+01   3.3194802e+00
   1.9600000e+01   8.6797017e-01
   1.9620000e+01  -1.0805950e+00
   1.9640000e+01  -1.0761841e+00
   1.9660000e+01  -2.2024399e+00
   1.9680000e+01  -5.0921995e+00
   1.9700000e+01  -1.1632769e+01
   1.9720000e+01  -1.8980498e+01
   1.9740000e+01  -2.3578539e+01
   1.9760000e+01  -2.0443121e+01
   1.9780000e+01  -1.0231887e+01
   1.9800000e+01   4.0130430e+00
   1.9820000e+01   1.5702465e+01
   1.9840000e+01   1.9902352e+01
   1.9860000e+01   1.6151290e+01
   1.9880000e+01   9.9045861e+00
   1.9900000e+01   4.7645132e+00
   1.9920000e+01  -1.7249384e+00
   1.9940000e+01  -9.6262519e+00
   1.9960000e+01  -1.6356158e+01
   1.9980000e+01  -2.0075216e+01
   2.0000000e+01  -2.2232054e+01
   2.0020000e+01  -1.9387557e+01
   2.0040000e+01  -1.2676761e+01
   2.0060000e+01  -5.5937286e+00
   2.0080000e+01   1.7921117e+00
   2.0100000e+01   5.7407218e+00
   2.0120000e+01   6.3418372e+00
   2.0140000e+01   5.8329736e+00
   2.0160000e+01   2.1809368e+00
   2.0180000e+01  -6.7467124e+00
   2.0200000e+01  -1.7335719e+01
   2.0220000e+01  -2.5601590e+01
   2.0240000e+01  -2.8832098e+01
   2.0260000e+01  -2.2681932e+01
   2.0280000e+01  -1.1145413e+01
   2.0300000e+01   7.1680087e-01
   2.0320000e+01   1.0372405e+01
   2.0340000e+01   1.4607079e+01
   2.0360000e+01   1.2063324e+01
   2.0380000e+01   7.9269407e+00
   2.0400000e+01   3.5188089e+00
   2.0420000e+01   1.9041264e+00
   2.0440000e+01   5.1965754e+00
   2.0460000e+01   1.0631975e+01
   2.0480000e+01   1.6205796e+01
   2.0500000e+01   2.1645216e+01
   2.0520000e+01   2.6843139e+01
   2.0540000e+01   2.7294534e+01
   2.0560000e+01   2.2559823e+01
   2.0580000e+01   1.3549562e+01
   2.0600000e+01   5.6606442e+00
   2.0620000e+01   8.8588366e-01
   2.0640000e+01   2.8572746e+00
   2.0660000e+01   1.1218737e+01
   2.0680000e+01   2.1327449e+01
   2.0700000e+01   2.7958068e+01
   2.0720000e+01   3.0249174e+01
   2.0740000e+01   3.0860564e+01
   2.0760000e+01   2.9338137e+01
   2.0780000e+01   2.6208927e+01
   2.0800000e+01   2.0123293e+01
   2.0820000e+01   1.1866571e+01
   2.0840000e+01   1.9207956e+00
   2.0860000e+01  -5.4621771e+00
   2.0880000e+01  -1.0188400e+01
   2.0900000e+01  -1.2473680e+01
   2.0920000e+01  -1.3716321e+01
   2.0940000e+01  -1.3409565e+01
   2.0960000e+01  -1.1584655e+01
   2.0980000e+01  -9.9141228e+00
   2.1000000e+01  -9.2878692e+00
   2.1020000e+01  -1.1751219e+01
   2.1040000e+01  -1.4686091e+01
   2.1060000e+01  -2.0328651e+01
   2.1080000e+01  -2.6089930e+01
   2.1100000e+01  -3.1111723e+01
   2.1120000e+01  -3.3895138e+01
   2.1140000e+01  -3.2749403e+01
   2.1160000e+01  -2.7846016e+01
   2.1180000e+01  -2.0232949e+01
   2.1200000e+01  -1.4063383e+01
   2.1220000e+01  -9.9202152e+00
   2.1240000e+01  -1.1434981e+01
   2.1260000e+01  -1.8214140e+01
   2.1280000e+01  -2.6674613e+01
   2.1300000e+01  -3.3488302e+01
   2.1320000e+01  -3.5892981e+01
   2.1340000e+01  -3.4041881e+01
   2.1360000e+01  -2.9079801e+01
   2.1380000e+01  -2.2271187e+01
   2.1400000e+01  -1.4899619e+01
   2.1420000e+01  -8.7642276e+00
   2.1440000e+01  -4.9617312e+00
   2.1460000e+01  -2.2347097e+00
   2.1480000e+01  -1.6723489e+00
   2.1500000e+01  -3.2219139e+00
   2.1520000e+01  -3.9276346e+00
   2.1540000e+01  -3.5433416e+00
   2.1560000e+01  -2.5049824e+00
   2.1580000e+01  -2.4352580e+00
   2.1600000e+01  -3.3858998e+00
   2.1620000e+01  -4.5263534e+00
   2.1640000e+01  -4.2396976e+00
   2.1660000e+01  -2.1446766e-01
   2.1680000e+01   3.9911430e+00
   2.1700000e+01   8.9065963e+00
   2.1720000e+01   1.2514996e+01
   2.1740000e+01   1.1133783e+01
   2.1760000e+01   3.5649414e+00
   2.1780000e+01  -7.0356298e+00
   2.1800000e+01  -1.6192533e+01
   2.1820000e+01  -2.1478131e+01
   2.1840000e+01  -2.0185742e+01
   2.1860000e+01  -1.5611227e+01
   2.1880000e+01  -8.3297298e+00
   2.1900000e+01  -2.2657525e+00
   2.1920000e+01   7.0257401e-01
   2.1940000e+01   1.2621159e+00
   2.1960000e+01   1.6743494e+00
   2.1980000e+01   1.8142938e+00
   2.2000000e+01   4.0056040e-02
   2.2020000e+01  -1.1013038e+00
   2.2040000e+01  -3.5834111e-01
   2.2060000e+01   2.2576073e+00
   2.2080000e+01   7.3721811e+00
   2.2100000e+01   1.3172239e+01
   2.2120000e+01   1.7082253e+01
   2.2140000e+01   1.9673056e+01
   2.2160000e+01   1.9798535e+01
   2.2180000e+01   1.7988288e+01
   2.2200000e+01   1.5540253e+01
   2.2220000e+01   1.4375012e+01
   2.2240000e+01   1.3534634e+01
   2.2260000e+01   1.3856494e+01
   2.2280000e+01   1.6911057e+01
   2.2300000e+01   1.9183748e+01
   2.2320000e+01   2.1208217e+01
   2.2340000e+01   2.2189798e+01
   2.2360000e+01   2.1626504e+01
   2.2380000e+01   1.8935282e+01
   2.2400000e+01   1.4009673e+01
   2.2420000e+01   8.4944788e+00
   2.2440000e+01   2.1299974e+00
   2.2460000e+01  -4.0064222e+00
   2.2480000e+01  -6.1997285e+00
   2.2500000e+01  -5.3740922e+00
   2.2520000e+01  -3.9226075e+00
   2.2540000e+01   1.0274457e+00
   2.2560000e+01   5.4950862e+00
   2.2580000e+01   9.6904331e+00
   2.2600000e+01   1.0673770e+01
   2.2620000e+01   8.6516899e+00
   2.2640000e+01   5.5996964e+00
   2.2660000e+01   4.7213506e+00
   2.2680000e+01   7.6794357e+00
   2.2700000e+01   1.1944226e+01
   2.2720000e+01   1.7907119e+01
   2.2740000e+01   2.0390544e+01
   2.2760000e+01   1.7280066e+01
   2.2780000e+01   7.5053352e+00
   2.2800000e+01  -1.4717245e+00
   2.2820000e+01  -7.3512867e+00
   2.2840000e+01  -8.9530130e+00
   2.2860000e+01  -6.7917339e+00
   2.2880000e+01  -2.6259544e+00
   2.2900000e+01   1.7049089e+00
   2.2920000e+01   3.7866210e+00
   2.2940000e+01   3.9809125e+00
   2.2960000e+01   2.9981764e+00
   2.2980000e+01   3.6036560e+00
   2.3000000e+01   3.7793372e+00
   2.3020000e+01   3.4549544e+00
   2.3040000e+01   3.6029411e+00
   2.3060000e+01   2.4443490e+00
   2.3080000e+01   1.3173395e+00
   2.3100000e+01   3.5120495e+00
   2.3120000e+01   7.0093882e+00
   2.3140000e+01   1.1468334e+01
   2.3160000e+01   1.5487087e+01
   2.3180000e+01   1.9360000e+01
   2.3200000e+01   2.2084066e+01
   2.3220000e+01   2.1792937e+01
   2.3240000e+01   1.8477911e+01
   2.3260000e+01   1.5123956e+01
   2.3280000e+01   1.2097571e+01
   2.3300000e+01   6.6301503e+00
   2.3320000e+01  -5.5195237e-02
   2.3340000e+01  -7.1416173e+00
   2.3360000e+01  -1.5224224e+01
   2.3380000e+01  -2.1539240e+01
   2.3400000e+01  -2.1615599e+01
   2.3420000e+01  -1.7231276e+01
   2.3440000e+01  -1.0299037e+01
   2.3460000e+01  -3.4787986e+00
   2.3480000e+01   1.7432502e-01
   2.3500000e+01   2.2180961e+00
   2.3520000e+01   4.0619018e+00
   2.3540000e+01   5.4882293e+00
   2.3560000e+01   6.2025085e+00
   2.3580000e+01   5.1036665e+00
   2.3600000e+01   2.5744969e+00
   2.3620000e+01  -1.9770440e+00
   2.3640000e+01  -4.6632098e+00
   2.3660000e+01  -3.6029317e+00
   2.3680000e+01   4.9093116e-01
   2.3700000e+01   6.4460012e+00
   2.3720000e+01   1.0369447e+01
   2.3740000e+01   1.2144577e+01
   2.3760000e+01   1.1407435e+01
   2.3780000e+01   6.2093379e+00
   2.3800000e+01  -1.0058495e+00
   2.3820000e+01  -7.9776148e+00
   2.3840000e+01  -1.3610678e+01
   2.3860000e+01  -1.5636909e+01
   2.3880000e+01  -1.5636845e+01
   2.3900000e+01  -1.5371148e+01
   2.3920000e+01  -1.5616585e+01
   2.3940000e+01  -1.7064062e+01
   2.3960000e+01  -1.7711693e+01
   2.3980000e+01  -1.5884281e+01
   2.4000000e+01  -1.3603759e+01
   2.4020000e+01  -1.3230651e+01
   2.4040000e+01  -1.5426480e+01
   2.4060000e+01  -1.8991867e+01
   2.4080000e+01  -1.9333525e+01
   2.4100000e+01  -1.5464149e+01
   2.4120000e+01  -1.1820786e+01
   2.4140000e+01  -9.8649528e+00
   2.4160000e+01  -1.0448451e+01
   2.4180000e+01  -1.1674628e+01
   2.4200000e+01  -1.2334233e+01
   2.4220000e+01  -1.0561814e+01
   2.4240000e+01  -7.8906355e+00
   2.4260000e+01  -6.8074461e+00
   2.4280000e+01  -7.0806953e+00
   2.4300000e+01  -7.0150840e+00
   2.4320000e+01  -5.9417919e+00
   2.4340000e+01  -4.5277130e+00
   2.4360000e+01  -8.7317002e-01
   2.4380000e+01   3.2747961e+00
   2.4400000e+01   7.6993050e+00
   2.4420000e+01   1.1019630e+01
   2.4440000e+01   1.2222894e+01
   2.4460000e+01   1.2167810e+01
   2.4480000e+01   9.7631425e+00
   2.4500000e+01   5.6780359e+00
   2.4520000e+01   1.5437992e+00
   2.4540000e+01  -2.0764847e+00
   2.4560000e+01  -2.2509117e+00
   2.4580000e+01  -5.0586622e-01
   2.4600000e+01   3.6977965e+00
   2.4620000e+01   6.1845078e+00
   2.4640000e+01   3.3412197e+00
   2.4660000e+01  -1.2262451e+00
   2.4680000e+01  -7.4198431e+00
   2.4700000e+01  -1.1431184e+01
   2.4720000e+01  -1.1228951e+01
   2.4740000e+01  -7.5427718e+00
   2.4760000e+01  -9.4447038e-01
   2.4780000e+01   6.6677663e+00
   2.4800000e+01   1.4167072e+01
   2.4820000e+01   1.9782157e+01
   2.4840000e+01   2.1414026e+01
   2.4860000e+01   1.8700644e+01
   2.4880000e+01   1.0961753e+01
   2.4900000e+01   2.4208973e+00
   2.4920000e+01  -5.8513437e+00
   2.4940000e+01  -8.9098936e+00
   2.4960000e+01  -6.1621382e+00
   2.4980000e+01  -8.6973401e-01
   2.5000000e+01   6.3808064e+00
   2.5020000e+01   1.0749278e+01
   2.5040000e+01   1.2759608e+01
   2.5060000e+01   1.2597942e+01
   2.5080000e+01   1.0436426e+01
   2.5100000e+01   7.9225121e+00
   2.5120000e+01   6.4907048e+00
   2.5140000e+01   3.5574672e+00
   2.5160000e+01   6.7005300e-01
   2.5180000e+01   6.0166820e-02
   2.5200000e+01   9.2857495e-01
   2.5220000e+01   2.7727264e+00
   2.5240000e+01   2.6021265e+00
   2.5260000e+01  -1.9923423e-01
   2.5280000e+01  -7.6107554e-01
   2.5300000e+01   4.0259143e-04
   2.5320000e+01   1.1728840e+00
   2.5340000e+01   1.1816535e+00
   2.5360000e+01  -2.7052827e-01
   2.5380000e+01   1.1132111e+00
   2.5400000e+01   2.8721153e+00
   2.5420000e+01   7.3506429e+00
   2.5440000e+01   1.2610115e+01
   2.5460000e+01   1.6356847e+01
   2.5480000e+01   1.8053725e+01
   2.5500000e+01   1.6388254e+01
   2.5520000e+01   1.4492671e+01
   2.5540000e+01   1.3159785e+01
   2.5560000e+01   1.0584569e+01
   2.5580000e+01   6.7611127e+00
   2.5600000e+01   1.9212369e+00
   2.5620000e+01  -1.8788313e+00
   2.5640000e+01  -3.8082182e+00
   2.5660000e+01  -1.5827132e+00
   2.5680000e+01   2.1778140e+00
   2.5700000e+01   4.3204680e+00
   2.5720000e+01   4.2613595e+00
   2.5740000e+01  -4.2692196e-01
   2.5760000e+01  -6.6141273e+00
   2.5780000e+01  -1.1721991e+01
   2.5800000e+01  -1.5855296e+01
   2.5820000e+01  -1.8442344e+01
   2.5840000e+01  -1.8105395e+01
   2.5860000e+01  -1.6939775e+01
   2.5880000e+01  -1.2103984e+01
   2.5900000e+01  -6.4731550e+00
   2.5920000e+01  -2.2500628e+00
   2.5940000e+01  -2.8713344e+00
   2.5960000e+01  -7.1733211e+00
   2.5980000e+01  -1.3414910e+01
   2.6000000e+01  -1.7972464e+01
   2.6020000e+01  -1.8079425e+01
   2.6040000e+01  -1.6717829e+01
   2.6060000e+01  -1.3124337e+01
   2.6080000e+01  -1.1999182e+01
   2.6100000e+01  -1.1034584e+01
   2.6120000e+01  -1.2281284e+01
   2.6140000e+01  -1.2847658e+01
   2.6160000e+01  -1.0843872e+01
   2.6180000e+01  -9.9882538e+00
   2.6200000e+01  -7.7039787e+00
   2.6220000e+01  -6.5502807e+00
   2.6240000e+01  -7.1694135e+00
   2.6260000e+01  -8.0970795e+00
   2.6280000e+01  -8.6919562e+00
   2.6300000e+01  -9.3934658e+00
   2.6320000e+01  -1.0652201e+01
   2.6340000e+01  -1.1203059e+01
   2.6360000e+01  -1.2859053e+01
   2.6380000e+01  -1.4187158e+01
   2.6400000e+01  -1.4257093e+01
   2.6420000e+01  -1.1986128e+01
   2.6440000e+01  -6.2856158e+00
   2.6460000e+01  -1.2920212e+00
   2.6480000e+01   8.7657293e-01
   2.6500000e+01   1.5705802e+00
   2.6520000e+01  -2.1774241e+00
   2.6540000e+01  -8.0059382e+00
   2.6560000e+01  -1.1356875e+01
   2.6580000e+01  -1.0353495e+01
   2.6600000e+01  -5.7736089e+00
   2.6620000e+01  -1.3922577e+00
   2.6640000e+01   6.4560955e-01
   2.6660000e+01   1.3225780e+00
   2.6680000e+01   2.5980269e+00
   2.6700000e+01   3.3662543e+00
   2.6720000e+01   5.1331276e+00
   2.6740000e+01   5.4818537e+00
   2.6760000e+01   4.1987236e+00
   2.6780000e+01   4.3542102e-01
   2.6800000e+01  -3.9099312e+00
   2.6820000e+01  -4.8426938e+00
   2.6840000e+01  -4.4740211e+00
   2.6860000e+01  -1.5299649e+00
   2.6880000e+01   3.0967703e+00
   2.6900000e+01   9.1501061e+00
   2.6920000e+01   1.4027333e+01
   2.6940000e+01   1.6977710e+01
   2.6960000e+01   1.7322042e+01
   2.6980000e+01   1.2630305e+01
   2.7000000e+01   8.4207140e+00
   2.7020000e+01   4.6277242e+00
   2.7040000e+01   4.0045961e+00
   2.7060000e+01   5.0793325e+00
   2.7080000e+01   8.6326053e+00
   2.7100000e+01   1.3245308e+01
   2.7120000e+01   1.6016633e+01
   2.7140000e+01   1.6454974e+01
   2.7160000e+01   1.5552047e+01
   2.7180000e+01   1.1985832e+01
   2.7200000e+01   7.2616367e+00
   2.7220000e+01   4.9303170e+00
   2.7240000e+01   4.7431058e+00
   2.7260000e+01   9.3113515e+00
   2.7280000e+01   1.3461461e+01
   2.7300000e+01   1.7558619e+01
   2.7320000e+01   1.7755718e+01
   2.7340000e+01   1.4427834e+01
   2.7360000e+01   8.8239895e+00
   2.7380000e+01   3.9538807e+00
   2.7400000e+01  -2.1873330e-01
   2.7420000e+01  -1.2561760e+00
   2.7440000e+01  -1.4268223e+00
   2.7460000e+01   1.4348556e-01
   2.7480000e+01   4.5052574e+00
   2.7500000e+01   8.9594727e+00
   2.7520000e+01   1.3536786e+01
   2.7540000e+01   1.6267715e+01
   2.7560000e+01   1.9189855e+01
   2.7580000e+01   2.0824243e+01
   2.7600000e+01   2.3214116e+01
   2.7620000e+01   2.3460896e+01
   2.7640000e+01   2.3137837e+01
   2.7660000e+01   2.0853303e+01
   2.7680000e+01   1.7926942e+01
   2.7700000e+01   1.3664139e+01
   2.7720000e+01   1.0068803e+01
   2.7740000e+01   5.9507317e+00
   2.7760000e+01   8.1382001e-01
   2.7780000e+01  -4.0993376e+00
   2.7800000e+01  -7.8776608e+00
   2.7820000e+01  -1.0246041e+01
   2.7840000e+01  -1.3927480e+01
   2.7860000e+01  -1.6060107e+01
   2.7880000e+01  -1.7286092e+01
   2.7900000e+01  -1.5626480e+01
   2.7920000e+01  -1.2499114e+01
   2.7940000e+01  -5.9135726e+00
   2.7960000e+01   6.4649395e-01
   2.7980000e+01   4.8017542e+00
   2.8000000e+01   7.0257516e+00
   2.8020000e+01   5.3122620e+00
   2.8040000e+01   2.0519304e+00
   2.8060000e+01  -4.7409556e-01
   2.8080000e+01  -1.6636334e+00
   2.8100000e+01  -2.6680509e+00
   2.8120000e+01  -4.4783803e+00
   2.8140000e+01  -7.0044369e+00
   2.8160000e+01  -8.7606973e+00
   2.8180000e+01  -9.9129113e+00
   2.8200000e+01  -1.1196761e+01
   2.8220000e+01  -1.2230710e+01
   2.8240000e+01  -1.3278483e+01
   2.8260000e+01  -1.4672017e+01
   2.8280000e+01  -1.5328642e+01
   2.8300000e+01  -1.4863531e+01
   2.8320000e+01  -1.3614274e+01
   2.8340000e+01  -1.0604045e+01
   2.8360000e+01  -7.9012849e+00
   2.8380000e+01  -5.1370771e+00
   2.8400000e+01  -5.2402133e+00
   2.8420000e+01  -7.0629812e+00
   2.8440000e+01  -9.5636696e+00
   2.8460000e+01  -1.2554091e+01
   2.8480000e+01  -1.4302721e+01
   2.8500000e+01  -1.4324416e+01
   2.8520000e+01  -1.3066104e+01
   2.8540000e+01  -1.2617111e+01
   2.8560000e+01  -1.0742940e+01
   2.8580000e+01  -9.9793907e+00
   2.8600000e+01  -7.4956849e+00
   2.8620000e+01  -6.8732966e+00
   2.8640000e+01  -6.8344028e+00
   2.8660000e+01  -8.2145659e+00
   2.8680000e+01  -1.0234695e+01
   2.8700000e+01  -1.1053486e+01
   2.8720000e+01  -1.0967402e+01
   2.8740000e+01  -9.8574314e+00
   2.8760000e+01  -8.6558096e+00
   2.8780000e+01  -6.8232131e+00
   2.8800000e+01  -5.7474263e+00
   2.8820000e+01  -3.7208432e+00
   2.8840000e+01  -2.0856606e+00
   2.8860000e+01  -8.3876238e-01
   2.8880000e+01  -9.0995146e-01
   2.8900000e+01  -9.4420318e-01
   2.8920000e+01  -1.8124958e+00
   2.8940000e+01  -1.4478755e+00
   2.8960000e+01  -8.5171461e-01
   2.8980000e+01  -4.0498614e-01
   2.9000000e+01   1.2865233e+00
   2.9020000e+01   4.4939684e+00
   2.9040000e+01   7.2997939e+00
   2.9060000e+01   1.0823548e+01
   2.9080000e+01   1.1858233e+01
   2.9100000e+01   1.1285213e+01
   2.9120000e+01   1.0651125e+01
   2.9140000e+01   7.5646223e+00
   2.9160000e+01   7.3053142e+00
   2.9180000e+01   7.6667811e+00
   2.9200000e+01   9.5015544e+00
   2.9220000e+01   1.2617630e+01
   2.9240000e+01   1.5444590e+01
   2.9260000e+01   1.7221520e+01
   2.9280000e+01   1.8198606e+01
   2.9300000e+01   1.9147948e+01
   2.9320000e+01   1.8643628e+01
   2.9340000e+01   1.6166415e+01
   2.9360000e+01   9.6824818e+00
   2.9380000e+01   2.8484498e+00
   2.9400000e+01  -3.3536152e+00
   2.9420000e+01  -8.5528595e+00
   2.9440000e+01  -9.5812682e+00
   2.9460000e+01  -8.9843267e+00
   2.9480000e+01  -6.9984322e+00
   2.9500000e+01  -5.4765241e+00
   2.9520000e+01  -2.8052462e+00
   2.9540000e+01  -1.3768377e-01
   2.9560000e+01   2.7447141e+00
   2.9580000e+01   6.1585414e+00
   2.9600000e+01   8.7165578e+00
   2.9620000e+01   1.0097870e+01
   2.9640000e+01   1.0686881e+01
   2.9660000e+01   1.0746682e+01
   2.9680000e+01   9.7305888e+00
   2.9700000e+01   9.9945371e+00
   2.9720000e+01   9.9439298e+00
   2.9740000e+01   9.7890314e+00
   2.9760000e+01   9.4463658e+00
   2.9780000e+01   9.9063050e+00
   2.9800000e+01   9.3306716e+00
   2.9820000e+01   7.9174349e+00
   2.9840000e+01   6.0494890e+00
   2.9860000e+01   5.6302682e+00
   2.9880000e+01   4.6166287e+00
   2.9900000e+01   4.5991283e+00
   2.9920000e+01   5.4663285e+00
   2.9940000e+01   4.8588032e+00
   2.9960000e+01   4.1443262e+00
   2.9980000e+01   2.0514867e+00
   3.0000000e+01   5.0074585e-01
   3.0020000e+01  -5.6781961e-01
   3.0040000e+01   8.9875070e-01
   3.0060000e+01   4.6167199e-01
   3.0080000e+01  -6.4173943e-01
   3.0100000e+01  -2.5145378e+00
   3.0120000e+01  -5.7722171e+00
   3.0140000e+01  -8.3004342e+00
   3.0160000e+01  -1.0524480e+01
   3.0180000e+01  -1.2127444e+01
   3.0200000e+01  -1.3310589e+01
   3.0220000e+01  -1.4664850e+01
   3.0240000e+01  -1.6624524e+01
   3.0260000e+01  -1.6737340e+01
   3.0280000e+01  -1.4714559e+01
   3.0300000e+01  -1.1653566e+01
   3.0320000e+01  -9.8574280e+00
   3.0340000e+01  -9.5743337e+00
   3.0360000e+01  -1.1161284e+01
   3.0380000e+01  -1.2314108e+01
   3.0400000e+01  -1.2097495e+01
   3.0420000e+01  -1.0791525e+01
   3.0440000e+01  -7.8183776e+00
   3.0460000e+01  -6.2874445e+00
   3.0480000e+01  -5.1566042e+00
   3.0500000e+01  -4.6616502e+00
   3.0520000e+01  -4.9799504e+00
   3.0540000e+01  -4.1539203e+00
   3.0560000e+01  -3.9383460e+00
   3.0580000e+01  -3.1423031e+00
   3.0600000e+01  -2.6738123e+00
   3.0620000e+01  -3.9982018e+00
   3.0640000e+01  -5.7715575e+00
   3.0660000e+01  -8.1114229e+00
   3.0680000e+01  -8.9610686e+00
   3.0700000e+01  -7.9740014e+00
   3.0720000e+01  -6.2858666e+00
   3.0740000e+01  -3.0614877e+00
   3.0760000e+01  -2.7784623e-02
   3.0780000e+01   1.0653082e+00
   3.0800000e+01   8.4960458e-01
   3.0820000e+01  -1.2778766e+00
   3.0840000e+01  -4.7202012e+00
   3.0860000e+01  -4.5688746e+00
   3.0880000e+01  -6.9858088e-01
   3.0900000e+01   4.4814842e+00
   3.0920000e+01   1.1056919e+01
   3.0940000e+01   1.5772817e+01
   3.0960000e+01   1.8065020e+01
   3.0980000e+01   1.8251242e+01
   3.1000000e+01   1.5472207e+01
   3.1020000e+01   1.2320383e+01
   3.1040000e+01   9.3778192e+00
   3.1060000e+01   8.5346811e+00
   3.1080000e+01   7.4555455e+00
   3.1100000e+01   5.7877774e+00
   3.1120000e+01   3.7461742e+00
   3.1140000e+01   1.7682352e+00
   3.1160000e+01   1.1010012e+00
   3.1180000e+01  -8.3417859e-01
   3.1200000e+01  -7.9210232e-01
   3.1220000e+01  -1.9283609e+00
   3.1240000e+01  -3.5296301e+00
   3.1260000e+01  -3.3236846e+00
   3.1280000e+01  -2.5357939e+00
   3.1300000e+01  -9.6158269e-01
   3.1320000e+01   2.0329667e-01
   3.1340000e+01   1.3329163e+00
   3.1360000e+01   1.3091216e-01
   3.1380000e+01  -1.0476658e+00
   3.1400000e+01  -2.2483522e+00
   3.1420000e+01  -3.0851420e+00
   3.1440000e+01  -2.1283931e+00
   3.1460000e+01  -1.5429159e+00
   3.1480000e+01  -4.7625665e-01
   3.1500000e+01  -2.4763380e+00
   3.1520000e+01  -4.8732421e+00
   3.1540000e+01  -7.2647140e+00
   3.1560000e+01  -8.1123571e+00
   3.1580000e+01  -7.4179556e+00
   3.1600000e+01  -7.5999704e+00
   3.1620000e+01  -5.5644907e+00
   3.1640000e+01  -3.8750169e+00
   3.1660000e+01  -1.5279699e+00
   3.1680000e+01   1.1363448e+00
   3.1700000e+01   2.3463723e+00
   3.1720000e+01   3.8581381e+00
   3.1740000e+01   5.2797424e+00
   3.1760000e+01   7.1358323e+00
   3.1780000e+01   8.4962155e+00
   3.1800000e+01   1.0715461e+01
   3.1820000e+01   1.1397219e+01
   3.1840000e+01   1.0422650e+01
   3.1860000e+01   1.0434494e+01
   3.1880000e+01   9.4287118e+00
   3.1900000e+01   9.4521048e+00
   3.1920000e+01   8.4760349e+00
   3.1940000e+01   8.1072168e+00
   3.1960000e+01   6.6043365e+00
   3.1980000e+01   5.3967674e+00
   3.2000000e+01   5.5992464e+00
   3.2020000e+01   6.9918330e+00
   3.2040000e+01   9.6391749e+00
   3.2060000e+01   1.1259149e+01
   3.2080000e+01   1.1457903e+01
   3.2100000e+01   9.3304716e+00
   3.2120000e+01   6.1487932e+00
   3.2140000e+01   1.1677229e+00
   3.2160000e+01  -3.0536254e+00
   3.2180000e+01  -5.9628346e+00
   3.2200000e+01  -6.9330514e+00
   3.2220000e+01  -4.6433406e+00
   3.2240000e+01  -1.0950211e+00
   3.2260000e+01   2.0470086e+00
   3.2280000e+01   4.3041207e+00
   3.2300000e+01   5.3291481e+00
   3.2320000e+01   3.4197422e+00
   3.2340000e+01   1.1198715e+00
   3.2360000e+01  -8.7861341e-01
   3.2380000e+01  -2.2013772e+00
   3.2400000e+01  -3.5959891e+00
   3.2420000e+01  -5.1790277e+00
   3.2440000e+01  -4.8575082e+00
   3.2460000e+01  -5.8708091e+00
   3.2480000e+01  -6.0183591e+00
   3.2500000e+01  -5.8970059e+00
   3.2520000e+01  -6.5522332e+00
   3.2540000e+01  -8.0197072e+00
   3.2560000e+01  -9.0616891e+00
   3.2580000e+01  -7.9127034e+00
   3.2600000e+01  -5.3235219e+00
   3.2620000e+01  -7.5594833e-01
   3.2640000e+01   3.4986984e+00
   3.2660000e+01   8.9242242e+00
   3.2680000e+01   1.3598892e+01
   3.2700000e+01   1.3983509e+01
   3.2720000e+01   1.3163596e+01
   3.2740000e+01   9.3935924e+00
   3.2760000e+01   4.9292102e+00
   3.2780000e+01   1.0713510e+00
   3.2800000e+01  -1.5835988e+00
   3.2820000e+01  -7.7262896e-01
   3.2840000e+01   2.3195834e+00
   3.2860000e+01   4.7079744e+00
   3.2880000e+01   5.7668737e+00
   3.2900000e+01   6.0282440e+00
   3.2920000e+01   4.1783704e+00
   3.2940000e+01   2.7447646e+00
   3.2960000e+01   6.9036833e-01
   3.2980000e+01   7.3014522e-01
   3.3000000e+01   2.1615656e-01
   3.3020000e+01   5.7038663e-01
   3.3040000e+01   1.0206967e+00
   3.3060000e+01   9.7527483e-02
   3.3080000e+01   8.2118411e-01
   3.3100000e+01  -1.2754930e+00
   3.3120000e+01  -2.3982005e+00
   3.3140000e+01  -2.3988479e+00
   3.3160000e+01  -2.5471930e+00
   3.3180000e+01  -1.1885004e+00
   3.3200000e+01   8.9867133e-01
   3.3220000e+01   2.2412950e+00
   3.3240000e+01   2.3650853e+00
   3.3260000e+01   3.0971175e-01
   3.3280000e+01  -4.1701164e+00
   3.3300000e+01  -6.4574441e+00
   3.3320000e+01  -8.4596805e+00
   3.3340000e+01  -9.5205312e+00
   3.3360000e+01  -9.1911423e+00
   3.3380000e+01  -9.3660852e+00
   3.3400000e+01  -7.3815228e+00
   3.3420000e+01  -7.9720466e+00
   3.3440000e+01  -6.9369361e+00
   3.3460000e+01  -5.7923120e+00
   3.3480000e+01  -3.7433850e+00
   3.3500000e+01  -3.1234399e-01
   3.3520000e+01   9.8256359e-02
   3.3540000e+01   1.1139450e+00
   3.3560000e+01   3.7706357e-01
   3.3580000e+01   8.2037394e-01
   3.3600000e+01   6.7215193e-01
   3.3620000e+01   7.5080842e-01
   3.3640000e+01   1.0434938e+00
   3.3660000e+01   1.4757373e+00
   3.3680000e+01   1.4262985e+00
   3.3700000e+01   9.8582261e-01
   3.3720000e+01   1.1410649e+00
   3.3740000e+01  -6.4696484e-01
   3.3760000e+01  -2.4562442e+00
   3.3780000e+01  -4.6953846e+00
   3.3800000e+01  -8.2067798e+00
   3.3820000e+01  -1.0601243e+01
   3.3840000e+01  -1.1833003e+01
   3.3860000e+01  -1.3427483e+01
   3.3880000e+01  -1.3479258e+01
   3.3900000e+01  -1.4535597e+01
   3.3920000e+01  -1.3922989e+01
   3.3940000e+01  -1.0945256e+01
   3.3960000e+01  -7.7289848e+00
   3.3980000e+01  -5.6622769e+00
   3.4000000e+01  -5.2956766e+00
   3.4020000e+01  -5.4812678e+00
   3.4040000e+01  -6.2982596e+00
   3.4060000e+01  -5.2505127e+00
   3.4080000e+01  -4.2172744e+00
   3.4100000e+01  -2.4889958e+00
   3.4120000e+01  -1.3542873e+00
   3.4140000e+01  -3.7029434e+00
   3.4160000e+01  -5.0930968e+00
   3.4180000e+01  -5.1679321e+00
   3.4200000e+01  -5.9914656e+00
   3.4220000e+01  -6.0033529e+00
   3.4240000e+01  -4.2281947e+00
   3.4260000e+01  -2.5198498e+00
   3.4280000e+01  -1.4567886e+00
   3.4300000e+01  -4.4118305e-02
   3.4320000e+01   1.5495850e+00
   3.4340000e+01   3.0608274e+00
   3.4360000e+01   4.0000320e+00
   3.4380000e+01   4.2313596e+00
   3.4400000e+01   3.7051524e+00
   3.4420000e+01   2.3245667e+00
   3.4440000e+01   3.4085945e+00
   3.4460000e+01   5.4958576e+00
   3.4480000e+01   7.6256293e+00
   3.4500000e+01   9.7137359e+00
   3.4520000e+01   1.0094026e+01
   3.4540000e+01   9.8019757e+00
   3.4560000e+01   8.2410887e+00
   3.4580000e+01   6.0941944e+00
   3.4600000e+01   4.8994947e+00
   3.4620000e+01   5.0787759e+00
   3.4640000e+01   5.1852060e+00
   3.4660000e+01   4.3417704e+00
   3.4680000e+01   1.8743371e+00
   3.4700000e+01  -3.4141979e-01
   3.4720000e+01  -2.9138338e+00
   3.4740000e+01  -4.7407101e+00
   3.4760000e+01  -3.8025141e+00
   3.4780000e+01  -6.5105356e-01
   3.4800000e+01   2.1829681e+00
   3.4820000e+01   3.3755579e+00
   3.4840000e+01   2.4647264e+00
   3.4860000e+01  -3.8948875e-01
   3.4880000e+01  -2.3324227e+00
   3.4900000e+01  -4.2774612e+00
   3.4920000e+01  -4.8948273e+00
   3.4940000e+01  -4.4471655e+00
   3.4960000e+01  -4.8643358e+00
   3.4980000e+01  -3.6388731e+00
   3.5000000e+01  -2.7765674e+00
   3.5020000e+01  -1.8359372e+00
   3.5040000e+01  -1.2407762e+00
   3.5060000e+01  -1.2655468e+00
   3.5080000e+01  -6.7892065e-01
   3.5100000e+01  -1.4258430e+00
   3.5120000e+01  -7.8150891e-01
   3.5140000e+01   1.3884941e+00
   3.5160000e+01   3.6186563e+00
   3.5180000e+01   5.0342596e+00
   3.5200000e+01   6.0735191e+00
   3.5220000e+01   5.3568015e+00
   3.5240000e+01   4.5018454e+00
   3.5260000e+01   4.9621214e+00
   3.5280000e+01   6.1176297e+00
   3.5300000e+01   6.0179173e+00
   3.5320000e+01   6.0695833e+00
   3.5340000e+01   5.6721155e+00
   3.5360000e+01   5.4935215e+00
   3.5380000e+01   5.3151991e+00
   3.5400000e+01   4.5863264e+00
   3.5420000e+01   6.2153494e+00
   3.5440000e+01   7.5321673e+00
   3.5460000e+01   1.0183744e+01
   3.5480000e+01   1.0890031e+01
   3.5500000e+01   1.1127393e+01
   3.5520000e+01   1.0124685e+01
   3.5540000e+01   8.0783550e+00
   3.5560000e+01   7.4995812e+00
   3.5580000e+01   4.4456834e+00
   3.5600000e+01   2.4216395e+00
   3.5620000e+01   7.0749283e-01
   3.5640000e+01  -8.6479934e-01
   3.5660000e+01  -1.8383451e+00
   3.5680000e+01  -1.8192281e+00
   3.5700000e+01  -2.1650171e+00
   3.5720000e+01  -2.6864686e+00
   3.5740000e+01  -1.4725729e+00
   3.5760000e+01  -9.8408374e-01
   3.5780000e+01  -3.4240622e-02
   3.5800000e+01   6.1439669e-01
   3.5820000e+01   1.3345543e+00
   3.5840000e+01   5.2718247e-01
   3.5860000e+01   2.4641588e-01
   3.5880000e+01   6.2098985e-01
   3.5900000e+01   1.5481723e+00
   3.5920000e+01   1.2317271e+00
   3.5940000e+01   8.2118295e-01
   3.5960000e+01   2.2046010e-01
   3.5980000e+01  -1.1844062e+00
   3.6000000e+01  -3.7247110e-01
   3.6020000e+01   1.3849386e-01
   3.6040000e+01   1.6912105e+00
   3.6060000e+01  -5.7229129e-01
   3.6080000e+01  -3.2660248e+00
   3.6100000e+01  -5.1234129e+00
   3.6120000e+01  -7.7004454e+00
   3.6140000e+01  -8.4400126e+00
   3.6160000e+01  -7.8736248e+00
   3.6180000e+01  -5.6642022e+00
   3.6200000e+01  -3.2643426e+00
   3.6220000e+01  -3.7539334e+00
   3.6240000e+01  -6.3610980e+00
   3.6260000e+01  -9.5870716e+00
   3.6280000e+01  -1.1907296e+01
   3.6300000e+01  -1.2630732e+01
   3.6320000e+01  -1.1002782e+01
   3.6340000e+01  -6.8672307e+00
   3.6360000e+01  -2.3219635e+00
   3.6380000e+01   6.1219427e-01
   3.6400000e+01   1.3298100e+00
   3.6420000e+01   2.5507299e+00
   3.6440000e+01   1.4100122e+00
   3.6460000e+01  -1.3210154e+00
   3.6480000e+01  -3.6819582e+00
   3.6500000e+01  -4.6507602e+00
   3.6520000e+01  -4.5611356e+00
   3.6540000e+01  -3.2960357e+00
   3.6560000e+01  -2.1064313e+00
   3.6580000e+01  -1.9399250e+00
   3.6600000e+01  -1.7702448e+00
   3.6620000e+01  -3.1471024e+00
   3.6640000e+01  -4.6973063e+00
   3.6660000e+01  -4.4420239e+00
   3.6680000e+01  -3.3513062e+00
   3.6700000e+01  -1.7779343e+00
   3.6720000e+01  -1.4605975e+00
   3.6740000e+01  -5.2705002e-01
   3.6760000e+01   2.4110259e+00
   3.6780000e+01   4.6550934e+00
   3.6800000e+01   7.0184465e+00
   3.6820000e+01   8.0412388e+00
   3.6840000e+01   7.8969462e+00
   3.6860000e+01   7.0751944e+00
   3.6880000e+01   5.6115551e+00
   3.6900000e+01   4.6903938e+00
   3.6920000e+01   5.3077902e+00
   3.6940000e+01   6.8575428e+00
   3.6960000e+01   8.8669735e+00
   3.6980000e+01   1.0832372e+01
   3.7000000e+01   1.1969757e+01
   3.7020000e+01   1.1935200e+01
   3.7040000e+01   1.0658640e+01
   3.7060000e+01   8.2862106e+00
   3.7080000e+01   6.5106678e+00
   3.7100000e+01   7.0730189e+00
   3.7120000e+01   7.0977773e+00
   3.7140000e+01   7.5543820e+00
   3.7160000e+01   9.1513475e+00
   3.7180000e+01   9.7877550e+00
   3.7200000e+01   1.0660539e+01
   3.7220000e+01   9.0314499e+00
   3.7240000e+01   7.0591803e+00
   3.7260000e+01   4.8788925e+00
   3.7280000e+01   2.3894889e+00
   3.7300000e+01   1.1360423e+00
   3.7320000e+01   6.0902978e-01
   3.7340000e+01   5.8802688e-01
   3.7360000e+01   1.3713474e-01
   3.7380000e+01   1.4245200e-01
   3.7400000e+01  -2.0904918e-01
   3.7420000e+01  -3.2893097e-01
   3.7440000e+01  -6.3735933e-01
   3.7460000e+01  -6.5350186e-01
   3.7480000e+01   2.3285669e-01
   3.7500000e+01   6.2810414e-01
   3.7520000e+01  -1.0080467e-01
   3.7540000e+01  -1.5820254e+00
   3.7560000e+01  -4.2381140e+00
   3.7580000e+01  -6.1700372e+00
   3.7600000e+01  -6.9136398e+00
   3.7620000e+01  -6.4083207e+00
   3.7640000e+01  -6.4853365e+00
   3.7660000e+01  -6.0944317e+00
   3.7680000e+01  -6.7590085e+00
   3.7700000e+01  -7.7034597e+00
   3.7720000e+01  -7.7801881e+00
   3.7740000e+01  -8.1973771e+00
   3.7760000e+01  -7.0054990e+00
   3.7780000e+01  -5.7669583e+00
   3.7800000e+01  -4.9165488e+00
   3.7820000e+01  -5.0541481e+00
   3.7840000e+01  -5.5669622e+00
   3.7860000e+01  -5.8855592e+00
   3.7880000e+01  -5.8586372e+00
   3.7900000e+01  -5.3018945e+00
   3.7920000e+01  -3.9029581e+00
   3.7940000e+01  -3.5472452e+00
   3.7960000e+01  -3.2872997e+00
   3.7980000e+01  -3.4561067e+00
   3.8000000e+01  -3.4053164e+00
   3.8020000e+01  -3.9011831e+00
   3.8040000e+01  -4.1533901e+00
   3.8060000e+01  -4.0734875e+00
   3.8080000e+01  -4.8766983e+00
   3.8100000e+01  -4.3066231e+00
   3.8120000e+01  -3.7407114e+00
   3.8140000e+01  -3.2954343e+00
   3.8160000e+01  -2.8841564e+00
   3.8180000e+01  -2.3945174e+00
   3.8200000e+01  -2.0438729e+00
   3.8220000e+01  -1.4722603e+00
   3.8240000e+01  -1.5228856e+00
   3.8260000e+01  -9.1427336e-01
   3.8280000e+01  -1.7169687e-02
   3.8300000e+01  -2.3794822e-01
   3.8320000e+01  -4.6964238e-01
   3.8340000e+01  -9.1738144e-01
   3.8360000e+01  -1.4677206e+00
   3.8380000e+01  -1.3610465e+00
   3.8400000e+01  -4.3003437e-01
   3.8420000e+01   8.7918160e-01
   3.8440000e+01   2.5984762e+00
   3.8460000e+01   3.6861458e+00
   3.8480000e+01   3.6495164e+00
   3.8500000e+01   2.1084391e+00
   3.8520000e+01   4.5835292e-01
   3.8540000e+01  -4.4952388e-01
   3.8560000e+01  -1.3065377e-01
   3.8580000e+01   9.5675666e-01
   3.8600000e+01   1.6669006e+00
   3.8620000e+01   1.8842665e+00
   3.8640000e+01   9.3568844e-01
   3.8660000e+01  -1.5772995e-01
   3.8680000e+01  -6.6007303e-01
   3.8700000e+01  -3.1151797e-01
   3.8720000e+01   2.1732008e-01
   3.8740000e+01   4.9202354e-01
   3.8760000e+01   5.0884459e-01
   3.8780000e+01   4.6562268e-01
   3.8800000e+01   2.5547084e-01
   3.8820000e+01   5.5563780e-01
   3.8840000e+01   9.8499110e-01
   3.8860000e+01   1.1005177e+00
   3.8880000e+01   1.0787447e+00
   3.8900000e+01   9.8654500e-01
   3.8920000e+01   7.4654153e-01
   3.8940000e+01   5.6685028e-01
   3.8960000e+01   6.1870440e-01
   3.8980000e+01   6.4180475e-01
   3.9000000e+01   9.8105110e-01
   3.9020000e+01   1.1529158e+00
   3.9040000e+01   1.3206097e+00
   3.9060000e+01   1.1151704e+00
   3.9080000e+01   8.9049030e-01
   3.9100000e+01   5.2498149e-01
   3.9120000e+01   4.0602311e-01
   3.9140000e+01   4.3342031e-01
   3.9160000e+01   5.8791083e-01
   3.9180000e+01   7.8904273e-01
   3.9200000e+01   7.4341695e-01
   3.9220000e+01   8.5163305e-01
   3.9240000e+01   7.8687409e-01
   3.9260000e+01   7.9564818e-01
   3.9280000e+01   8.2327275e-01
   3.9300000e+01   8.8433720e-01
   3.9320000e+01   9.4712486e-01
   3.9340000e+01   9.0968797e-01
   3.9360000e+01   8.3185089e-01
   3.9380000e+01   8.3279268e-01
   3.9400000e+01   7.6268266e-01
   3.9420000e+01   7.4560489e-01
   3.9440000e+01   7.0820693e-01
   3.9460000e+01   7.2178868e-01
   3.9480000e+01   7.6764541e-01
   3.9500000e+01   8.2277900e-01
   3.9520000e+01   9.2556568e-01
   3.9540000e+01   1.0137299e+00
   3.9560000e+01   1.0920828e+00
   3.9580000e+01   1.0765333e+00
   3.9600000e+01   1.0683513e+00
   3.9620000e+01   1.0369422e+00
   3.9640000e+01   1.0007100e+00
   3.9660000e+01   9.5402758e-01
   3.9680000e+01   9.1428428e-01
   3.9700000e+01   8.7744417e-01
   3.9720000e+01   8.4270215e-01
   3.9740000e+01   7.9949716e-01
   3.9760000e+01   7.6223080e-01
   3.9780000e+01   7.4972085e-01
   3.9800000e+01   7.3662182e-01
   3.9820000e+01   7.3859341e-01
   3.9840000e+01   7.3208704e-01
   3.9860000e+01   7.2615003e-01
   3.9880000e+01   7.1110887e-01
   3.9900000e+01   6.9705298e-01
   3.9920000e+01   6.7941732e-01
   3.9940000e+01   6.6022826e-01
   3.9960000e+01   6.4475999e-01
   3.9980000e+01   6.2642850e-01
