   0.0000000e+00   1.1892988e-01
   1.0000000e-02   6.0954451e-01
   2.0000000e-02   1.3238114e+00
   3.0000000e-02   1.6360303e+00
   4.0000000e-02   1.4146056e+00
   5.0000000e-02   1.1861013e+00
   6.0000000e-02   1.2037270e+00
   7.0000000e-02   1.2541474e+00
   8.0000000e-02   1.1979677e+00
   9.0000000e-02   1.1178586e+00
   1.0000000e-01   1.0843974e+00
   1.1000000e-01   1.0669166e+00
   1.2000000e-01   1.0309507e+00
   1.3000000e-01   9.8931135e-01
   1.4000000e-01   9.6285502e-01
   1.5000000e-01   9.4919100e-01
   1.6000000e-01   9.3998004e-01
   1.7000000e-01   9.3595533e-01
   1.8000000e-01   9.2873432e-01
   1.9000000e-01   9.1716533e-01
   2.0000000e-01   9.4001005e-01
   2.1000000e-01   1.0127988e+00
   2.2000000e-01   1.0803805e+00
   2.3000000e-01   1.1010517e+00
   2.4000000e-01   1.0867827e+00
   2.5000000e-01   1.0503504e+00
   2.6000000e-01   1.0034303e+00
   2.7000000e-01   9.7409652e-01
   2.8000000e-01   9.8122423e-01
   2.9000000e-01   1.0238686e+00
   3.0000000e-01   1.0748015e+00
   3.1000000e-01   1.0685256e+00
   3.2000000e-01   9.7803690e-01
   3.3000000e-01   8.8342510e-01
   3.4000000e-01   8.5361895e-01
   3.5000000e-01   8.4936107e-01
   3.6000000e-01   8.1679316e-01
   3.7000000e-01   7.2399341e-01
   3.8000000e-01   5.0385834e-01
   3.9000000e-01   1.3327106e-01
   4.0000000e-01  -2.3345491e-01
   4.1000000e-01  -4.1428723e-01
   4.2000000e-01  -4.8083400e-01
   4.3000000e-01  -5.7840622e-01
   4.4000000e-01  -6.0068068e-01
   4.5000000e-01  -4.3270539e-01
   4.6000000e-01  -2.5816571e-01
   4.7000000e-01  -2.2898192e-01
   4.8000000e-01  -5.9860736e-02
   4.9000000e-01   5.5989395e-01
   5.0000000e-01   1.2434472e+00
   5.1000000e-01   1.2539817e+00
   5.2000000e-01   6.2857004e-01
   5.3000000e-01   1.6324205e-01
   5.4000000e-01   2.8600486e-01
   5.5000000e-01   7.6297718e-01
   5.6000000e-01   1.3127334e+00
   5.7000000e-01   1.8809045e+00
   5.8000000e-01   2.4931577e+00
   5.9000000e-01   3.0936803e+00
   6.0000000e-01   3.5211952e+00
   6.1000000e-01   3.6653677e+00
   6.2000000e-01   3.5592390e+00
   6.3000000e-01   3.2731642e+00
   6.4000000e-01   2.7636161e+00
   6.5000000e-01   1.8799552e+00
   6.6000000e-01   7.4191027e-01
   6.7000000e-01  -1.9559052e-02
   6.8000000e-01   1.0599275e-01
   6.9000000e-01   7.9534304e-01
   7.0000000e-01   1.3785189e+00
   7.1000000e-01   1.8131537e+00
   7.2000000e-01   2.4339158e+00
   7.3000000e-01   2.8257454e+00
   7.4000000e-01   2.0395184e+00
   7.5000000e-01   2.5436176e-01
   7.6000000e-01  -1.1519070e+00
   7.7000000e-01  -1.5932701e+00
   7.8000000e-01  -1.8712102e+00
   7.9000000e-01  -2.7217717e+00
   8.0000000e-01  -3.9180769e+00
   8.1000000e-01  -4.7752419e+00
   8.2000000e-01  -4.9195576e+00
   8.3000000e-01  -4.1667388e+00
   8.4000000e-01  -2.1663503e+00
   8.5000000e-01   7.6665767e-01
   8.6000000e-01   3.0884223e+00
   8.7000000e-01   3.4912827e+00
   8.8000000e-01   2.4509192e+00
   8.9000000e-01   1.5785557e+00
   9.0000000e-01   1.6710923e+00
   9.1000000e-01   2.1482080e+00
   9.2000000e-01   2.5289632e+00
   9.3000000e-01   3.1574387e+00
   9.4000000e-01   4.0687637e+00
   9.5000000e-01   4.4967477e+00
   9.6000000e-01   4.1048373e+00
   9.7000000e-01   3.7041613e+00
   9.8000000e-01   3.8271169e+00
   9.9000000e-01   3.5949874e+00
   1.0000000e+00   2.2738532e+00
   1.0100000e+00   7.0345043e-01
   1.0200000e+00  -2.8705989e-01
   1.0300000e+00  -1.3641842e+00
   1.0400000e+00  -3.3347875e+00
   1.0500000e+00  -5.8862751e+00
   1.0600000e+00  -8.5739810e+00
   1.0700000e+00  -1.1579705e+01
   1.0800000e+00  -1.4431279e+01
   1.0900000e+00  -1.5369498e+01
   1.1000000e+00  -1.3017802e+01
   1.1100000e+00  -7.9736658e+00
   1.1200000e+00  -2.7655140e+00
   1.1300000e+00  -1.4764278e-01
   1.1400000e+00  -7.6557709e-01
   1.1500000e+00  -2.8766129e+00
   1.1600000e+00  -4.5307886e+00
   1.1700000e+00  -4.8434302e+00
   1.1800000e+00  -3.2235825e+00
   1.1900000e+00   6.5236178e-01
   1.2000000e+00   6.1255648e+00
   1.2100000e+00   1.1939885e+01
   1.2200000e+00   1.6415303e+01
   1.2300000e+00   1.7560794e+01
   1.2400000e+00   1.4962842e+01
   1.2500000e+00   1.0808918e+01
   1.2600000e+00   7.8594508e+00
   1.2700000e+00   7.5676013e+00
   1.2800000e+00   1.0051547e+01
   1.2900000e+00   1.4020581e+01
   1.3000000e+00   1.6636075e+01
   1.3100000e+00   1.5272409e+01
   1.3200000e+00   1.0111578e+01
   1.3300000e+00   3.8505459e+00
   1.3400000e+00  -1.1829513e+00
   1.3500000e+00  -4.6762704e+00
   1.3600000e+00  -7.8304952e+00
   1.3700000e+00  -1.2057174e+01
   1.3800000e+00  -1.7260787e+01
   1.3900000e+00  -2.1223797e+01
   1.4000000e+00  -2.2007499e+01
   1.4100000e+00  -2.0658354e+01
   1.4200000e+00  -2.0147304e+01
   1.4300000e+00  -2.1965418e+01
   1.4400000e+00  -2.4931778e+01
   1.4500000e+00  -2.6987797e+01
   1.4600000e+00  -2.6842263e+01
   1.4700000e+00  -2.4202863e+01
   1.4800000e+00  -1.9477296e+01
   1.4900000e+00  -1.3416496e+01
   1.5000000e+00  -6.9689909e+00
   1.5100000e+00  -9.3829954e-01
   1.5200000e+00   4.3378193e+00
   1.5300000e+00   8.6356222e+00
   1.5400000e+00   1.2238541e+01
   1.5500000e+00   1.6833923e+01
   1.5600000e+00   2.3756383e+01
   1.5700000e+00   3.1132169e+01
   1.5800000e+00   3.5104126e+01
   1.5900000e+00   3.4045809e+01
   1.6000000e+00   2.9942053e+01
   1.6100000e+00   2.5945001e+01
   1.6200000e+00   2.4165015e+01
   1.6300000e+00   2.4963619e+01
   1.6400000e+00   2.6533746e+01
   1.6500000e+00   2.6297590e+01
   1.6600000e+00   2.3770484e+01
   1.6700000e+00   2.0801104e+01
   1.6800000e+00   1.8882446e+01
   1.6900000e+00   1.7570588e+01
   1.7000000e+00   1.5841402e+01
   1.7100000e+00   1.3574776e+01
   1.7200000e+00   1.0531154e+01
   1.7300000e+00   5.2580765e+00
   1.7400000e+00  -3.0272056e+00
   1.7500000e+00  -1.2638589e+01
   1.7600000e+00  -2.1130918e+01
   1.7700000e+00  -2.7106048e+01
   1.7800000e+00  -2.9662595e+01
   1.7900000e+00  -2.8510875e+01
   1.8000000e+00  -2.5265171e+01
   1.8100000e+00  -2.3046460e+01
   1.8200000e+00  -2.4056432e+01
   1.8300000e+00  -2.7946339e+01
   1.8400000e+00  -3.2729554e+01
   1.8500000e+00  -3.6466177e+01
   1.8600000e+00  -3.7942284e+01
   1.8700000e+00  -3.6861478e+01
   1.8800000e+00  -3.4151757e+01
   1.8900000e+00  -3.2316175e+01
   1.9000000e+00  -3.4493946e+01
   1.9100000e+00  -4.1160866e+01
   1.9200000e+00  -4.7920409e+01
   1.9300000e+00  -4.8286199e+01
   1.9400000e+00  -3.8687883e+01
   1.9500000e+00  -2.0676004e+01
   1.9600000e+00  -2.9123357e-02
   1.9700000e+00   1.6839135e+01
   1.9800000e+00   2.8476247e+01
   1.9900000e+00   3.8953844e+01
   2.0000000e+00   5.0829366e+01
   2.0100000e+00   6.0777702e+01
   2.0200000e+00   6.4314578e+01
   2.0300000e+00   6.1561900e+01
   2.0400000e+00   5.5546916e+01
   2.0500000e+00   4.7415126e+01
   2.0600000e+00   3.6508591e+01
   2.0700000e+00   2.3811195e+01
   2.0800000e+00   1.2818677e+01
   2.0900000e+00   6.7788511e+00
   2.1000000e+00   5.9580935e+00
   2.1100000e+00   7.1195268e+00
   2.1200000e+00   4.7608073e+00
   2.1300000e+00  -4.7560558e+00
   2.1400000e+00  -1.8353315e+01
   2.1500000e+00  -2.8511490e+01
   2.1600000e+00  -3.1458676e+01
   2.1700000e+00  -2.9758270e+01
   2.1800000e+00  -2.7634044e+01
   2.1900000e+00  -2.7571177e+01
   2.2000000e+00  -2.9868228e+01
   2.2100000e+00  -3.2276046e+01
   2.2200000e+00  -3.1525854e+01
   2.2300000e+00  -2.6615572e+01
   2.2400000e+00  -1.9217703e+01
   2.2500000e+00  -1.1520975e+01
   2.2600000e+00  -5.6152672e+00
   2.2700000e+00  -3.7525436e+00
   2.2800000e+00  -7.0031058e+00
   2.2900000e+00  -1.3548745e+01
   2.3000000e+00  -1.8911865e+01
   2.3100000e+00  -1.8205459e+01
   2.3200000e+00  -8.3602289e+00
   2.3300000e+00   1.0572920e+01
   2.3400000e+00   3.3464435e+01
   2.3500000e+00   5.0954108e+01
   2.3600000e+00   5.7334982e+01
   2.3700000e+00   5.5623967e+01
   2.3800000e+00   5.1392089e+01
   2.3900000e+00   4.6185937e+01
   2.4000000e+00   3.9042147e+01
   2.4100000e+00   2.9305611e+01
   2.4200000e+00   1.6718506e+01
   2.4300000e+00   2.2295349e+00
   2.4400000e+00  -1.1217164e+01
   2.4500000e+00  -2.0644127e+01
   2.4600000e+00  -2.5444497e+01
   2.4700000e+00  -2.7854119e+01
   2.4800000e+00  -3.1577601e+01
   2.4900000e+00  -3.8794825e+01
   2.5000000e+00  -4.7776688e+01
   2.5100000e+00  -5.3763096e+01
   2.5200000e+00  -5.2512873e+01
   2.5300000e+00  -4.3706747e+01
   2.5400000e+00  -3.1311684e+01
   2.5500000e+00  -2.0491433e+01
   2.5600000e+00  -1.3666841e+01
   2.5700000e+00  -8.7421860e+00
   2.5800000e+00  -1.1457533e+00
   2.5900000e+00   1.2033408e+01
   2.6000000e+00   2.9465430e+01
   2.6100000e+00   4.5942815e+01
   2.6200000e+00   5.5400811e+01
   2.6300000e+00   5.4890935e+01
   2.6400000e+00   4.6629585e+01
   2.6500000e+00   3.7015122e+01
   2.6600000e+00   3.2516239e+01
   2.6700000e+00   3.4627072e+01
   2.6800000e+00   3.9402778e+01
   2.6900000e+00   4.2053228e+01
   2.7000000e+00   4.0741747e+01
   2.7100000e+00   3.6717282e+01
   2.7200000e+00   3.2636414e+01
   2.7300000e+00   3.0817605e+01
   2.7400000e+00   3.1558177e+01
   2.7500000e+00   3.2047640e+01
   2.7600000e+00   2.6994396e+01
   2.7700000e+00   1.1971437e+01
   2.7800000e+00  -1.1026871e+01
   2.7900000e+00  -3.2359538e+01
   2.8000000e+00  -4.3098343e+01
   2.8100000e+00  -4.3283762e+01
   2.8200000e+00  -3.8804178e+01
   2.8300000e+00  -3.3717491e+01
   2.8400000e+00  -2.8970452e+01
   2.8500000e+00  -2.5409035e+01
   2.8600000e+00  -2.4507283e+01
   2.8700000e+00  -2.6528676e+01
   2.8800000e+00  -2.9797558e+01
   2.8900000e+00  -3.1752612e+01
   2.9000000e+00  -3.0345145e+01
   2.9100000e+00  -2.5878204e+01
   2.9200000e+00  -2.1386428e+01
   2.9300000e+00  -1.9601761e+01
   2.9400000e+00  -2.0235252e+01
   2.9500000e+00  -2.1335179e+01
   2.9600000e+00  -2.1814431e+01
   2.9700000e+00  -2.1404729e+01
   2.9800000e+00  -1.9962643e+01
   2.9900000e+00  -1.8099986e+01
   3.0000000e+00  -1.7158755e+01
   3.0100000e+00  -1.8231305e+01
   3.0200000e+00  -2.1800228e+01
   3.0300000e+00  -2.7267653e+01
   3.0400000e+00  -3.2195124e+01
   3.0500000e+00  -3.2953409e+01
   3.0600000e+00  -2.6455246e+01
   3.0700000e+00  -1.1266572e+01
   3.0800000e+00   1.1491144e+01
   3.0900000e+00   3.6524418e+01
   3.1000000e+00   5.5459088e+01
   3.1100000e+00   6.3275893e+01
   3.1200000e+00   6.2446254e+01
   3.1300000e+00   5.8577813e+01
   3.1400000e+00   5.5140059e+01
   3.1500000e+00   5.2885058e+01
   3.1600000e+00   5.0253284e+01
   3.1700000e+00   4.4202673e+01
   3.1800000e+00   3.2968534e+01
   3.1900000e+00   1.8136766e+01
   3.2000000e+00   3.3929093e+00
   3.2100000e+00  -8.8513545e+00
   3.2200000e+00  -1.9243240e+01
   3.2300000e+00  -2.9569506e+01
   3.2400000e+00  -3.9526714e+01
   3.2500000e+00  -4.6669214e+01
   3.2600000e+00  -4.9733535e+01
   3.2700000e+00  -5.0348579e+01
   3.2800000e+00  -5.0508010e+01
   3.2900000e+00  -4.9938006e+01
   3.3000000e+00  -4.7094786e+01
   3.3100000e+00  -4.0842213e+01
   3.3200000e+00  -3.0333468e+01
   3.3300000e+00  -1.5423306e+01
   3.3400000e+00   2.5413556e+00
   3.3500000e+00   2.1772008e+01
   3.3600000e+00   4.0975909e+01
   3.3700000e+00   5.8262042e+01
   3.3800000e+00   7.0752289e+01
   3.3900000e+00   7.6859309e+01
   3.4000000e+00   7.7921007e+01
   3.4100000e+00   7.6381717e+01
   3.4200000e+00   7.3236671e+01
   3.4300000e+00   6.7721901e+01
   3.4400000e+00   5.8428257e+01
   3.4500000e+00   4.4580247e+01
   3.4600000e+00   2.7471253e+01
   3.4700000e+00   1.0187482e+01
   3.4800000e+00  -5.2228407e+00
   3.4900000e+00  -1.8567254e+01
   3.5000000e+00  -2.9372776e+01
   3.5100000e+00  -3.6972273e+01
   3.5200000e+00  -4.2149986e+01
   3.5300000e+00  -4.6095109e+01
   3.5400000e+00  -4.8736950e+01
   3.5500000e+00  -4.9808244e+01
   3.5600000e+00  -5.0220943e+01
   3.5700000e+00  -5.0970182e+01
   3.5800000e+00  -5.1994272e+01
   3.5900000e+00  -5.3168419e+01
   3.6000000e+00  -5.5179075e+01
   3.6100000e+00  -5.8538313e+01
   3.6200000e+00  -6.2205089e+01
   3.6300000e+00  -6.3817851e+01
   3.6400000e+00  -6.1729525e+01
   3.6500000e+00  -5.6514104e+01
   3.6600000e+00  -5.0225061e+01
   3.6700000e+00  -4.4967128e+01
   3.6800000e+00  -4.2182401e+01
   3.6900000e+00  -4.2282758e+01
   3.7000000e+00  -4.4763620e+01
   3.7100000e+00  -4.8839429e+01
   3.7200000e+00  -5.3927360e+01
   3.7300000e+00  -5.9860743e+01
   3.7400000e+00  -6.7021138e+01
   3.7500000e+00  -7.6180663e+01
   3.7600000e+00  -8.7989373e+01
   3.7700000e+00  -1.0245163e+02
   3.7800000e+00  -1.1862243e+02
   3.7900000e+00  -1.3505244e+02
   3.8000000e+00  -1.5077999e+02
   3.8100000e+00  -1.6472295e+02
   3.8200000e+00  -1.7431540e+02
   3.8300000e+00  -1.7745791e+02
   3.8400000e+00  -1.7524609e+02
   3.8500000e+00  -1.6966205e+02
   3.8600000e+00  -1.5982095e+02
   3.8700000e+00  -1.4301645e+02
   3.8800000e+00  -1.1856555e+02
   3.8900000e+00  -8.9558184e+01
   3.9000000e+00  -6.0450750e+01
   3.9100000e+00  -3.3124703e+01
   3.9200000e+00  -7.2623500e+00
   3.9300000e+00   1.5312714e+01
   3.9400000e+00   3.0116351e+01
   3.9500000e+00   3.5166620e+01
   3.9600000e+00   3.2884400e+01
   3.9700000e+00   2.4815545e+01
   3.9800000e+00   9.7693467e+00
   3.9900000e+00  -9.2377406e+00
   4.0000000e+00  -2.2435684e+01
   4.0100000e+00  -2.2907149e+01
   4.0200000e+00  -1.4043670e+01
   4.0300000e+00  -3.7879177e+00
   4.0400000e+00   3.7850898e+00
   4.0500000e+00   8.6714656e+00
   4.0600000e+00   1.1395719e+01
   4.0700000e+00   1.1980490e+01
   4.0800000e+00   1.0660793e+01
   4.0900000e+00   8.7223616e+00
   4.1000000e+00   9.0009883e+00
   4.1100000e+00   1.4661187e+01
   4.1200000e+00   2.6689802e+01
   4.1300000e+00   4.2815105e+01
   4.1400000e+00   5.8527735e+01
   4.1500000e+00   6.9391844e+01
   4.1600000e+00   7.3805582e+01
   4.1700000e+00   7.3708411e+01
   4.1800000e+00   7.2134022e+01
   4.1900000e+00   7.0909107e+01
   4.2000000e+00   7.0936658e+01
   4.2100000e+00   7.3159480e+01
   4.2200000e+00   7.8313946e+01
   4.2300000e+00   8.5863119e+01
   4.2400000e+00   9.3483857e+01
   4.2500000e+00   9.7928415e+01
   4.2600000e+00   9.6231029e+01
   4.2700000e+00   8.6743119e+01
   4.2800000e+00   7.0408933e+01
   4.2900000e+00   5.0673075e+01
   4.3000000e+00   3.1140888e+01
   4.3100000e+00   1.3544977e+01
   4.3200000e+00  -2.3899972e+00
   4.3300000e+00  -1.7970904e+01
   4.3400000e+00  -3.3888663e+01
   4.3500000e+00  -4.9154419e+01
   4.3600000e+00  -6.1901266e+01
   4.3700000e+00  -7.0816374e+01
   4.3800000e+00  -7.5892243e+01
   4.3900000e+00  -7.8043868e+01
   4.4000000e+00  -7.7910844e+01
   4.4100000e+00  -7.5606040e+01
   4.4200000e+00  -7.1354530e+01
   4.4300000e+00  -6.5559957e+01
   4.4400000e+00  -5.8808036e+01
   4.4500000e+00  -5.2095001e+01
   4.4600000e+00  -4.6460564e+01
   4.4700000e+00  -4.2727617e+01
   4.4800000e+00  -4.1901233e+01
   4.4900000e+00  -4.4547318e+01
   4.5000000e+00  -4.8921851e+01
   4.5100000e+00  -5.0532357e+01
   4.5200000e+00  -4.4968810e+01
   4.5300000e+00  -3.1709149e+01
   4.5400000e+00  -1.3598847e+01
   4.5500000e+00   7.1732060e+00
   4.5600000e+00   2.9579411e+01
   4.5700000e+00   5.1056077e+01
   4.5800000e+00   6.7417039e+01
   4.5900000e+00   7.5783376e+01
   4.6000000e+00   7.6676880e+01
   4.6100000e+00   7.2179416e+01
   4.6200000e+00   6.2200513e+01
   4.6300000e+00   4.4584322e+01
   4.6400000e+00   1.9638548e+01
   4.6500000e+00  -6.6813298e+00
   4.6600000e+00  -2.6503674e+01
   4.6700000e+00  -3.8217131e+01
   4.6800000e+00  -4.7167889e+01
   4.6900000e+00  -5.6804183e+01
   4.7000000e+00  -6.5074317e+01
   4.7100000e+00  -6.9889743e+01
   4.7200000e+00  -7.1836537e+01
   4.7300000e+00  -7.1988812e+01
   4.7400000e+00  -7.1071376e+01
   4.7500000e+00  -6.9832472e+01
   4.7600000e+00  -6.8661527e+01
   4.7700000e+00  -6.7653097e+01
   4.7800000e+00  -6.6797438e+01
   4.7900000e+00  -6.5484536e+01
   4.8000000e+00  -6.2599872e+01
   4.8100000e+00  -5.7006030e+01
   4.8200000e+00  -4.7022869e+01
   4.8300000e+00  -2.9772601e+01
   4.8400000e+00  -2.5063201e+00
   4.8500000e+00   3.3838311e+01
   4.8600000e+00   7.4039048e+01
   4.8700000e+00   1.1429761e+02
   4.8800000e+00   1.5463769e+02
   4.8900000e+00   1.9305518e+02
   4.9000000e+00   2.2366882e+02
   4.9100000e+00   2.4267853e+02
   4.9200000e+00   2.5124085e+02
   4.9300000e+00   2.5255205e+02
   4.9400000e+00   2.4958093e+02
   4.9500000e+00   2.4494144e+02
   4.9600000e+00   2.4046942e+02
   4.9700000e+00   2.3718150e+02
   4.9800000e+00   2.3643563e+02
   4.9900000e+00   2.4036523e+02
   5.0000000e+00   2.5043339e+02
   5.0100000e+00   2.6574522e+02
   5.0200000e+00   2.8382931e+02
   5.0300000e+00   3.0295275e+02
   5.0400000e+00   3.2257051e+02
   5.0500000e+00   3.4198024e+02
   5.0600000e+00   3.5927707e+02
   5.0700000e+00   3.7225043e+02
   5.0800000e+00   3.8070991e+02
   5.0900000e+00   3.8695160e+02
   5.1000000e+00   3.9334109e+02
   5.1100000e+00   3.9992976e+02
   5.1200000e+00   4.0522113e+02
   5.1300000e+00   4.0840148e+02
   5.1400000e+00   4.0900673e+02
   5.1500000e+00   4.0619836e+02
   5.1600000e+00   4.0024763e+02
   5.1700000e+00   3.9251647e+02
   5.1800000e+00   3.8334120e+02
   5.1900000e+00   3.7197785e+02
   5.2000000e+00   3.5849853e+02
   5.2100000e+00   3.4407844e+02
   5.2200000e+00   3.2938154e+02
   5.2300000e+00   3.1401438e+02
   5.2400000e+00   2.9758527e+02
   5.2500000e+00   2.8013222e+02
   5.2600000e+00   2.6161448e+02
   5.2700000e+00   2.4178200e+02
   5.2800000e+00   2.2083077e+02
   5.2900000e+00   1.9959320e+02
   5.3000000e+00   1.7855940e+02
   5.3100000e+00   1.5806992e+02
   5.3200000e+00   1.3948448e+02
   5.3300000e+00   1.2394215e+02
   5.3400000e+00   1.1057373e+02
   5.3500000e+00   9.7318593e+01
   5.3600000e+00   8.2719235e+01
   5.3700000e+00   6.6981662e+01
   5.3800000e+00   5.1707808e+01
   5.3900000e+00   3.8577939e+01
   5.4000000e+00   2.8412439e+01
   5.4100000e+00   2.0779183e+01
   5.4200000e+00   1.4139884e+01
   5.4300000e+00   6.7950055e+00
   5.4400000e+00  -2.2213193e+00
   5.4500000e+00  -1.3168879e+01
   5.4600000e+00  -2.6210196e+01
   5.4700000e+00  -4.1152486e+01
   5.4800000e+00  -5.6565348e+01
   5.4900000e+00  -7.0068251e+01
   5.5000000e+00  -7.9679483e+01
   5.5100000e+00  -8.5174260e+01
   5.5200000e+00  -8.8278826e+01
   5.5300000e+00  -9.0905932e+01
   5.5400000e+00  -9.3507236e+01
   5.5500000e+00  -9.5818428e+01
   5.5600000e+00  -9.8176629e+01
   5.5700000e+00  -1.0110613e+02
   5.5800000e+00  -1.0471786e+02
   5.5900000e+00  -1.0886657e+02
   5.6000000e+00  -1.1303001e+02
   5.6100000e+00  -1.1683260e+02
   5.6200000e+00  -1.2105081e+02
   5.6300000e+00  -1.2695088e+02
   5.6400000e+00  -1.3463097e+02
   5.6500000e+00  -1.4292251e+02
   5.6600000e+00  -1.5106116e+02
   5.6700000e+00  -1.5946229e+02
   5.6800000e+00  -1.6850199e+02
   5.6900000e+00  -1.7777546e+02
   5.7000000e+00  -1.8664790e+02
   5.7100000e+00  -1.9463444e+02
   5.7200000e+00  -2.0141508e+02
   5.7300000e+00  -2.0656271e+02
   5.7400000e+00  -2.0991842e+02
   5.7500000e+00  -2.1267256e+02
   5.7600000e+00  -2.1667015e+02
   5.7700000e+00  -2.2262995e+02
   5.7800000e+00  -2.2988150e+02
   5.7900000e+00  -2.3749823e+02
   5.8000000e+00  -2.4522423e+02
   5.8100000e+00  -2.5235754e+02
   5.8200000e+00  -2.5703634e+02
   5.8300000e+00  -2.5938581e+02
   5.8400000e+00  -2.6210427e+02
   5.8500000e+00  -2.6543913e+02
   5.8600000e+00  -2.6710060e+02
   5.8700000e+00  -2.6750835e+02
   5.8800000e+00  -2.6932035e+02
   5.8900000e+00  -2.7320609e+02
   5.9000000e+00  -2.7796504e+02
   5.9100000e+00  -2.8305458e+02
   5.9200000e+00  -2.8890755e+02
   5.9300000e+00  -2.9528749e+02
   5.9400000e+00  -3.0040309e+02
   5.9500000e+00  -3.0237584e+02
   5.9600000e+00  -3.0075817e+02
   5.9700000e+00  -2.9610898e+02
   5.9800000e+00  -2.8957537e+02
   5.9900000e+00  -2.8275495e+02
   6.0000000e+00  -2.7647811e+02
   6.0100000e+00  -2.7032693e+02
   6.0200000e+00  -2.6402125e+02
   6.0300000e+00  -2.5809885e+02
   6.0400000e+00  -2.5297211e+02
   6.0500000e+00  -2.4844080e+02
   6.0600000e+00  -2.4407497e+02
   6.0700000e+00  -2.3935884e+02
   6.0800000e+00  -2.3378620e+02
   6.0900000e+00  -2.2736655e+02
   6.1000000e+00  -2.2049559e+02
   6.1100000e+00  -2.1335431e+02
   6.1200000e+00  -2.0632844e+02
   6.1300000e+00  -1.9999187e+02
   6.1400000e+00  -1.9396916e+02
   6.1500000e+00  -1.8743275e+02
   6.1600000e+00  -1.8055968e+02
   6.1700000e+00  -1.7303288e+02
   6.1800000e+00  -1.6203636e+02
   6.1900000e+00  -1.4545817e+02
   6.2000000e+00  -1.2546366e+02
   6.2100000e+00  -1.0438772e+02
   6.2200000e+00  -7.8909560e+01
   6.2300000e+00  -4.4690748e+01
   6.2400000e+00  -7.2021083e+00
   6.2500000e+00   2.0055229e+01
   6.2600000e+00   3.0256005e+01
   6.2700000e+00   2.8929075e+01
   6.2800000e+00   2.4468595e+01
   6.2900000e+00   2.0110298e+01
   6.3000000e+00   1.5829703e+01
   6.3100000e+00   1.2290546e+01
   6.3200000e+00   1.0974296e+01
   6.3300000e+00   1.2516641e+01
   6.3400000e+00   1.5772358e+01
   6.3500000e+00   1.8685493e+01
   6.3600000e+00   2.0467605e+01
   6.3700000e+00   2.2049711e+01
   6.3800000e+00   2.4103782e+01
   6.3900000e+00   2.6296736e+01
   6.4000000e+00   2.8514192e+01
   6.4100000e+00   3.0910897e+01
   6.4200000e+00   3.3002861e+01
   6.4300000e+00   3.4208278e+01
   6.4400000e+00   3.4741558e+01
   6.4500000e+00   3.5002782e+01
   6.4600000e+00   3.4889743e+01
   6.4700000e+00   3.4348477e+01
   6.4800000e+00   3.3748274e+01
   6.4900000e+00   3.3373011e+01
   6.5000000e+00   3.3248766e+01
   6.5100000e+00   3.3401160e+01
   6.5200000e+00   3.3815054e+01
   6.5300000e+00   3.4502189e+01
   6.5400000e+00   3.5632018e+01
   6.5500000e+00   3.7077452e+01
   6.5600000e+00   3.8185333e+01
   6.5700000e+00   3.8372227e+01
   6.5800000e+00   3.7423857e+01
   6.5900000e+00   3.5451731e+01
   6.6000000e+00   3.3215038e+01
   6.6100000e+00   3.1779777e+01
   6.6200000e+00   3.1485809e+01
   6.6300000e+00   3.2085104e+01
   6.6400000e+00   3.3373345e+01
   6.6500000e+00   3.4532728e+01
   6.6600000e+00   3.4016799e+01
   6.6700000e+00   3.1059698e+01
   6.6800000e+00   2.5969463e+01
   6.6900000e+00   1.8609248e+01
   6.7000000e+00   8.3960442e+00
   6.7100000e+00  -3.7346632e+00
   6.7200000e+00  -1.5552263e+01
   6.7300000e+00  -2.5986099e+01
   6.7400000e+00  -3.5189516e+01
   6.7500000e+00  -4.2781806e+01
   6.7600000e+00  -4.8077032e+01
   6.7700000e+00  -5.1515031e+01
   6.7800000e+00  -5.4029987e+01
   6.7900000e+00  -5.5000405e+01
   6.8000000e+00  -5.2943063e+01
   6.8100000e+00  -4.8185506e+01
   6.8200000e+00  -4.2379060e+01
   6.8300000e+00  -3.6399273e+01
   6.8400000e+00  -3.1027362e+01
   6.8500000e+00  -2.7608982e+01
   6.8600000e+00  -2.6499720e+01
   6.8700000e+00  -2.6730034e+01
   6.8800000e+00  -2.7288305e+01
   6.8900000e+00  -2.7377162e+01
   6.9000000e+00  -2.5992211e+01
   6.9100000e+00  -2.2646090e+01
   6.9200000e+00  -1.8257068e+01
   6.9300000e+00  -1.4110338e+01
   6.9400000e+00  -1.0440961e+01
   6.9500000e+00  -6.6590024e+00
   6.9600000e+00  -2.1897563e+00
   6.9700000e+00   2.7492504e+00
   6.9800000e+00   7.1194340e+00
   6.9900000e+00   1.0533274e+01
   7.0000000e+00   1.3964301e+01
   7.0100000e+00   1.8406843e+01
   7.0200000e+00   2.3887980e+01
   7.0300000e+00   2.9711363e+01
   7.0400000e+00   3.4851876e+01
   7.0500000e+00   3.8841298e+01
   7.0600000e+00   4.2378818e+01
   7.0700000e+00   4.5905535e+01
   7.0800000e+00   4.8488305e+01
   7.0900000e+00   4.9572411e+01
   7.1000000e+00   5.0219859e+01
   7.1100000e+00   5.1319228e+01
   7.1200000e+00   5.2705649e+01
   7.1300000e+00   5.4629517e+01
   7.1400000e+00   5.7666120e+01
   7.1500000e+00   6.1427980e+01
   7.1600000e+00   6.5032477e+01
   7.1700000e+00   6.7858655e+01
   7.1800000e+00   6.9175865e+01
   7.1900000e+00   6.8281716e+01
   7.2000000e+00   6.5513595e+01
   7.2100000e+00   6.2228626e+01
   7.2200000e+00   5.9437730e+01
   7.2300000e+00   5.7284155e+01
   7.2400000e+00   5.5974360e+01
   7.2500000e+00   5.5889547e+01
   7.2600000e+00   5.6677294e+01
   7.2700000e+00   5.7636835e+01
   7.2800000e+00   5.8362623e+01
   7.2900000e+00   5.8199461e+01
   7.3000000e+00   5.6678259e+01
   7.3100000e+00   5.4443501e+01
   7.3200000e+00   5.2446540e+01
   7.3300000e+00   5.1106890e+01
   7.3400000e+00   5.0608101e+01
   7.3500000e+00   5.1023247e+01
   7.3600000e+00   5.2241635e+01
   7.3700000e+00   5.3909399e+01
   7.3800000e+00   5.5100852e+01
   7.3900000e+00   5.4678416e+01
   7.4000000e+00   5.2299306e+01
   7.4100000e+00   4.8197000e+01
   7.4200000e+00   4.2201932e+01
   7.4300000e+00   3.4113434e+01
   7.4400000e+00   2.4869007e+01
   7.4500000e+00   1.6559734e+01
   7.4600000e+00   1.1090526e+01
   7.4700000e+00   8.8499868e+00
   7.4800000e+00   8.8006511e+00
   7.4900000e+00   9.7816216e+00
   7.5000000e+00   1.1217585e+01
   7.5100000e+00   1.2767679e+01
   7.5200000e+00   1.3994230e+01
   7.5300000e+00   1.4375600e+01
   7.5400000e+00   1.3613903e+01
   7.5500000e+00   1.1718284e+01
   7.5600000e+00   8.4230672e+00
   7.5700000e+00   3.3555450e+00
   7.5800000e+00  -2.7424507e+00
   7.5900000e+00  -8.0145242e+00
   7.6000000e+00  -1.1096178e+01
   7.6100000e+00  -1.2023612e+01
   7.6200000e+00  -1.1669608e+01
   7.6300000e+00  -1.0969784e+01
   7.6400000e+00  -1.0542651e+01
   7.6500000e+00  -1.0641189e+01
   7.6600000e+00  -1.1208323e+01
   7.6700000e+00  -1.1850203e+01
   7.6800000e+00  -1.2294165e+01
   7.6900000e+00  -1.2851385e+01
   7.7000000e+00  -1.3664035e+01
   7.7100000e+00  -1.4056879e+01
   7.7200000e+00  -1.3530084e+01
   7.7300000e+00  -1.2619714e+01
   7.7400000e+00  -1.2144184e+01
   7.7500000e+00  -1.2510849e+01
   7.7600000e+00  -1.3913040e+01
   7.7700000e+00  -1.6197095e+01
   7.7800000e+00  -1.8587265e+01
   7.7900000e+00  -2.0101702e+01
   7.8000000e+00  -2.0357483e+01
   7.8100000e+00  -1.9814290e+01
   7.8200000e+00  -1.8894087e+01
   7.8300000e+00  -1.7643503e+01
   7.8400000e+00  -1.6673006e+01
   7.8500000e+00  -1.6822133e+01
   7.8600000e+00  -1.7814160e+01
   7.8700000e+00  -1.8877987e+01
   7.8800000e+00  -2.0103083e+01
   7.8900000e+00  -2.1919644e+01
   7.9000000e+00  -2.4140351e+01
   7.9100000e+00  -2.6161658e+01
   7.9200000e+00  -2.7311253e+01
   7.9300000e+00  -2.7140041e+01
   7.9400000e+00  -2.5964045e+01
   7.9500000e+00  -2.4529790e+01
   7.9600000e+00  -2.3045294e+01
   7.9700000e+00  -2.1051861e+01
   7.9800000e+00  -1.8076131e+01
   7.9900000e+00  -1.3937123e+01
   8.0000000e+00  -8.2887103e+00
   8.0100000e+00  -1.0813701e+00
   8.0200000e+00   6.0950160e+00
   8.0300000e+00   1.0852214e+01
   8.0400000e+00   1.2430087e+01
   8.0500000e+00   1.2262738e+01
   8.0600000e+00   1.2279653e+01
   8.0700000e+00   1.3331781e+01
   8.0800000e+00   1.5251005e+01
   8.0900000e+00   1.7515452e+01
   8.1000000e+00   1.9674364e+01
   8.1100000e+00   2.1536273e+01
   8.1200000e+00   2.2835753e+01
   8.1300000e+00   2.3184951e+01
   8.1400000e+00   2.2611964e+01
   8.1500000e+00   2.1438335e+01
   8.1600000e+00   1.9907938e+01
   8.1700000e+00   1.8525050e+01
   8.1800000e+00   1.7995633e+01
   8.1900000e+00   1.8505663e+01
   8.2000000e+00   1.9789924e+01
   8.2100000e+00   2.1631779e+01
   8.2200000e+00   2.3667215e+01
   8.2300000e+00   2.5311568e+01
   8.2400000e+00   2.6232725e+01
   8.2500000e+00   2.6643758e+01
   8.2600000e+00   2.6996902e+01
   8.2700000e+00   2.7353435e+01
   8.2800000e+00   2.7654823e+01
   8.2900000e+00   2.8253028e+01
   8.3000000e+00   2.9178484e+01
   8.3100000e+00   2.9950992e+01
   8.3200000e+00   3.0428397e+01
   8.3300000e+00   3.0454754e+01
   8.3400000e+00   2.9443129e+01
   8.3500000e+00   2.7357561e+01
   8.3600000e+00   2.4935122e+01
   8.3700000e+00   2.2591122e+01
   8.3800000e+00   2.0040364e+01
   8.3900000e+00   1.6977665e+01
   8.4000000e+00   1.3568865e+01
   8.4100000e+00   1.0144144e+01
   8.4200000e+00   6.7632820e+00
   8.4300000e+00   3.3349791e+00
   8.4400000e+00  -1.2302571e-01
   8.4500000e+00  -3.3685927e+00
   8.4600000e+00  -6.0269290e+00
   8.4700000e+00  -8.0390219e+00
   8.4800000e+00  -9.5983554e+00
   8.4900000e+00  -1.0595515e+01
   8.5000000e+00  -1.0690233e+01
   8.5100000e+00  -9.4335038e+00
   8.5200000e+00  -6.2243414e+00
   8.5300000e+00  -8.4498572e-01
   8.5400000e+00   6.0888725e+00
   8.5500000e+00   1.3333134e+01
   8.5600000e+00   1.9582696e+01
   8.5700000e+00   2.4115264e+01
   8.5800000e+00   2.6947263e+01
   8.5900000e+00   2.8476505e+01
   8.6000000e+00   2.9288177e+01
   8.6100000e+00   2.9911247e+01
   8.6200000e+00   3.0446115e+01
   8.6300000e+00   3.0799524e+01
   8.6400000e+00   3.0979401e+01
   8.6500000e+00   3.0972372e+01
   8.6600000e+00   3.1070074e+01
   8.6700000e+00   3.2059746e+01
   8.6800000e+00   3.4224308e+01
   8.6900000e+00   3.6719167e+01
   8.7000000e+00   3.8740994e+01
   8.7100000e+00   4.0499025e+01
   8.7200000e+00   4.2303382e+01
   8.7300000e+00   4.3849060e+01
   8.7400000e+00   4.4989985e+01
   8.7500000e+00   4.6004659e+01
   8.7600000e+00   4.6906882e+01
   8.7700000e+00   4.7312135e+01
   8.7800000e+00   4.6916482e+01
   8.7900000e+00   4.5913517e+01
   8.8000000e+00   4.4822027e+01
   8.8100000e+00   4.3699902e+01
   8.8200000e+00   4.1846193e+01
   8.8300000e+00   3.8433759e+01
   8.8400000e+00   3.3246205e+01
   8.8500000e+00   2.6924411e+01
   8.8600000e+00   2.0662985e+01
   8.8700000e+00   1.5379070e+01
   8.8800000e+00   1.0993418e+01
   8.8900000e+00   6.9987528e+00
   8.9000000e+00   3.4408310e+00
   8.9100000e+00   4.8682114e-01
   8.9200000e+00  -2.1354275e+00
   8.9300000e+00  -4.4225201e+00
   8.9400000e+00  -6.0055622e+00
   8.9500000e+00  -7.1536206e+00
   8.9600000e+00  -8.5047272e+00
   8.9700000e+00  -1.0089416e+01
   8.9800000e+00  -1.1745108e+01
   8.9900000e+00  -1.3486841e+01
   9.0000000e+00  -1.5048782e+01
   9.0100000e+00  -1.6213219e+01
   9.0200000e+00  -1.7335249e+01
   9.0300000e+00  -1.8996488e+01
   9.0400000e+00  -2.1347885e+01
   9.0500000e+00  -2.3842946e+01
   9.0600000e+00  -2.5798860e+01
   9.0700000e+00  -2.6961867e+01
   9.0800000e+00  -2.7549902e+01
   9.0900000e+00  -2.8050054e+01
   9.1000000e+00  -2.8458687e+01
   9.1100000e+00  -2.8313422e+01
   9.1200000e+00  -2.7695758e+01
   9.1300000e+00  -2.6648336e+01
   9.1400000e+00  -2.4381893e+01
   9.1500000e+00  -2.0590507e+01
   9.1600000e+00  -1.6320304e+01
   9.1700000e+00  -1.2954310e+01
   9.1800000e+00  -1.1358639e+01
   9.1900000e+00  -1.1560656e+01
   9.2000000e+00  -1.2507643e+01
   9.2100000e+00  -1.2947473e+01
   9.2200000e+00  -1.2601990e+01
   9.2300000e+00  -1.1855528e+01
   9.2400000e+00  -1.1042443e+01
   9.2500000e+00  -1.0531462e+01
   9.2600000e+00  -1.0747732e+01
   9.2700000e+00  -1.1793578e+01
   9.2800000e+00  -1.3481571e+01
   9.2900000e+00  -1.5616637e+01
   9.3000000e+00  -1.7823566e+01
   9.3100000e+00  -1.9342238e+01
   9.3200000e+00  -1.9367816e+01
   9.3300000e+00  -1.7791579e+01
   9.3400000e+00  -1.5328556e+01
   9.3500000e+00  -1.2616999e+01
   9.3600000e+00  -9.8906663e+00
   9.3700000e+00  -7.5081676e+00
   9.3800000e+00  -5.7559178e+00
   9.3900000e+00  -4.3226106e+00
   9.4000000e+00  -2.7309554e+00
   9.4100000e+00  -9.5800285e-01
   9.4200000e+00   8.7405531e-01
   9.4300000e+00   2.8822454e+00
   9.4400000e+00   5.0253350e+00
   9.4500000e+00   7.0795066e+00
   9.4600000e+00   9.3614062e+00
   9.4700000e+00   1.2458831e+01
   9.4800000e+00   1.6231694e+01
   9.4900000e+00   2.0176254e+01
   9.5000000e+00   2.4199000e+01
   9.5100000e+00   2.8266131e+01
   9.5200000e+00   3.2409779e+01
   9.5300000e+00   3.7050679e+01
   9.5400000e+00   4.1982395e+01
   9.5500000e+00   4.5942428e+01
   9.5600000e+00   4.8301355e+01
   9.5700000e+00   4.9804829e+01
   9.5800000e+00   5.1008412e+01
   9.5900000e+00   5.1496605e+01
   9.6000000e+00   5.1049540e+01
   9.6100000e+00   5.0201672e+01
   9.6200000e+00   4.9369669e+01
   9.6300000e+00   4.8396671e+01
   9.6400000e+00   4.7152108e+01
   9.6500000e+00   4.5996356e+01
   9.6600000e+00   4.5408664e+01
   9.6700000e+00   4.5664492e+01
   9.6800000e+00   4.6935374e+01
   9.6900000e+00   4.9206560e+01
   9.7000000e+00   5.2261881e+01
   9.7100000e+00   5.5764801e+01
   9.7200000e+00   5.9232865e+01
   9.7300000e+00   6.2372124e+01
   9.7400000e+00   6.5228061e+01
   9.7500000e+00   6.7747004e+01
   9.7600000e+00   6.9930142e+01
   9.7700000e+00   7.2179634e+01
   9.7800000e+00   7.4713633e+01
   9.7900000e+00   7.7458778e+01
   9.8000000e+00   8.0638271e+01
   9.8100000e+00   8.4364049e+01
   9.8200000e+00   8.8224502e+01
   9.8300000e+00   9.1921074e+01
   9.8400000e+00   9.5355213e+01
   9.8500000e+00   9.8097210e+01
   9.8600000e+00   9.9606909e+01
   9.8700000e+00   9.9724825e+01
   9.8800000e+00   9.8638626e+01
   9.8900000e+00   9.6679158e+01
   9.9000000e+00   9.4254628e+01
   9.9100000e+00   9.1835604e+01
   9.9200000e+00   8.9688883e+01
   9.9300000e+00   8.7479626e+01
   9.9400000e+00   8.4748674e+01
   9.9500000e+00   8.1724729e+01
   9.9600000e+00   7.8749704e+01
   9.9700000e+00   7.5454040e+01
   9.9800000e+00   7.1285663e+01
   9.9900000e+00   6.6257029e+01
   1.0000000e+01   6.0783065e+01
   1.0010000e+01   5.5023038e+01
   1.0020000e+01   4.8856243e+01
   1.0030000e+01   4.2362268e+01
   1.0040000e+01   3.5407035e+01
   1.0050000e+01   2.7392896e+01
   1.0060000e+01   1.8486373e+01
   1.0070000e+01   9.8818137e+00
   1.0080000e+01   2.3108411e+00
   1.0090000e+01  -4.3681806e+00
   1.0100000e+01  -1.0333240e+01
   1.0110000e+01  -1.5698594e+01
   1.0120000e+01  -2.0798787e+01
   1.0130000e+01  -2.5797656e+01
   1.0140000e+01  -3.0341210e+01
   1.0150000e+01  -3.4044072e+01
   1.0160000e+01  -3.7033786e+01
   1.0170000e+01  -3.9680502e+01
   1.0180000e+01  -4.2129858e+01
   1.0190000e+01  -4.4533646e+01
   1.0200000e+01  -4.7283814e+01
   1.0210000e+01  -5.0506233e+01
   1.0220000e+01  -5.3969357e+01
   1.0230000e+01  -5.7819527e+01
   1.0240000e+01  -6.2291392e+01
   1.0250000e+01  -6.6477317e+01
   1.0260000e+01  -6.8814759e+01
   1.0270000e+01  -6.8897785e+01
   1.0280000e+01  -6.7668561e+01
   1.0290000e+01  -6.6186349e+01
   1.0300000e+01  -6.4971966e+01
   1.0310000e+01  -6.3953111e+01
   1.0320000e+01  -6.2683532e+01
   1.0330000e+01  -6.0919045e+01
   1.0340000e+01  -5.8775211e+01
   1.0350000e+01  -5.6319935e+01
   1.0360000e+01  -5.3385399e+01
   1.0370000e+01  -4.9857970e+01
   1.0380000e+01  -4.6012374e+01
   1.0390000e+01  -4.2072395e+01
   1.0400000e+01  -3.7689263e+01
   1.0410000e+01  -3.2880953e+01
   1.0420000e+01  -2.8711723e+01
   1.0430000e+01  -2.5887465e+01
   1.0440000e+01  -2.4077076e+01
   1.0450000e+01  -2.3148233e+01
   1.0460000e+01  -2.3472438e+01
   1.0470000e+01  -2.5270507e+01
   1.0480000e+01  -2.8488107e+01
   1.0490000e+01  -3.2858775e+01
   1.0500000e+01  -3.8105882e+01
   1.0510000e+01  -4.3796602e+01
   1.0520000e+01  -4.8800153e+01
   1.0530000e+01  -5.1955549e+01
   1.0540000e+01  -5.3300905e+01
   1.0550000e+01  -5.3600816e+01
   1.0560000e+01  -5.3068484e+01
   1.0570000e+01  -5.1654103e+01
   1.0580000e+01  -4.9832754e+01
   1.0590000e+01  -4.7937047e+01
   1.0600000e+01  -4.5743490e+01
   1.0610000e+01  -4.3420107e+01
   1.0620000e+01  -4.1503496e+01
   1.0630000e+01  -3.9857926e+01
   1.0640000e+01  -3.8256109e+01
   1.0650000e+01  -3.7396617e+01
   1.0660000e+01  -3.7636748e+01
   1.0670000e+01  -3.7903878e+01
   1.0680000e+01  -3.7557665e+01
   1.0690000e+01  -3.7688200e+01
   1.0700000e+01  -3.9057358e+01
   1.0710000e+01  -4.0764609e+01
   1.0720000e+01  -4.1979467e+01
   1.0730000e+01  -4.3059430e+01
   1.0740000e+01  -4.4487325e+01
   1.0750000e+01  -4.6044431e+01
   1.0760000e+01  -4.7342185e+01
   1.0770000e+01  -4.8346764e+01
   1.0780000e+01  -4.8926583e+01
   1.0790000e+01  -4.8569759e+01
   1.0800000e+01  -4.7062155e+01
   1.0810000e+01  -4.4715986e+01
   1.0820000e+01  -4.1735822e+01
   1.0830000e+01  -3.8482800e+01
   1.0840000e+01  -3.6065189e+01
   1.0850000e+01  -3.5164616e+01
   1.0860000e+01  -3.5044540e+01
   1.0870000e+01  -3.4784592e+01
   1.0880000e+01  -3.4218728e+01
   1.0890000e+01  -3.3358623e+01
   1.0900000e+01  -3.2130244e+01
   1.0910000e+01  -3.0594625e+01
   1.0920000e+01  -2.8979262e+01
   1.0930000e+01  -2.7614602e+01
   1.0940000e+01  -2.6621695e+01
   1.0950000e+01  -2.5735453e+01
   1.0960000e+01  -2.4738240e+01
   1.0970000e+01  -2.3808059e+01
   1.0980000e+01  -2.3213463e+01
   1.0990000e+01  -2.2723211e+01
   1.1000000e+01  -2.1599761e+01
   1.1010000e+01  -1.9501024e+01
   1.1020000e+01  -1.6859362e+01
   1.1030000e+01  -1.4026120e+01
   1.1040000e+01  -1.0918672e+01
   1.1050000e+01  -7.4500227e+00
   1.1060000e+01  -3.5299355e+00
   1.1070000e+01   9.2215159e-01
   1.1080000e+01   5.8052591e+00
   1.1090000e+01   1.1145877e+01
   1.1100000e+01   1.7103398e+01
   1.1110000e+01   2.3133164e+01
   1.1120000e+01   2.8117678e+01
   1.1130000e+01   3.1856569e+01
   1.1140000e+01   3.4952853e+01
   1.1150000e+01   3.7260761e+01
   1.1160000e+01   3.8242825e+01
   1.1170000e+01   3.8183157e+01
   1.1180000e+01   3.7459670e+01
   1.1190000e+01   3.5712203e+01
   1.1200000e+01   3.2841911e+01
   1.1210000e+01   2.9489846e+01
   1.1220000e+01   2.6084631e+01
   1.1230000e+01   2.2807941e+01
   1.1240000e+01   2.0075159e+01
   1.1250000e+01   1.7900272e+01
   1.1260000e+01   1.5694860e+01
   1.1270000e+01   1.3310907e+01
   1.1280000e+01   1.1354410e+01
   1.1290000e+01   1.0147095e+01
   1.1300000e+01   9.3406081e+00
   1.1310000e+01   9.0444825e+00
   1.1320000e+01   1.0102702e+01
   1.1330000e+01   1.2519300e+01
   1.1340000e+01   1.5127211e+01
   1.1350000e+01   1.7232395e+01
   1.1360000e+01   1.8946328e+01
   1.1370000e+01   2.0247684e+01
   1.1380000e+01   2.1023230e+01
   1.1390000e+01   2.1391868e+01
   1.1400000e+01   2.1532937e+01
   1.1410000e+01   2.1536880e+01
   1.1420000e+01   2.1361271e+01
   1.1430000e+01   2.0994093e+01
   1.1440000e+01   2.0637830e+01
   1.1450000e+01   2.0612150e+01
   1.1460000e+01   2.1128121e+01
   1.1470000e+01   2.1988793e+01
   1.1480000e+01   2.2725130e+01
   1.1490000e+01   2.3095779e+01
   1.1500000e+01   2.2929608e+01
   1.1510000e+01   2.1955233e+01
   1.1520000e+01   2.0282185e+01
   1.1530000e+01   1.8462971e+01
   1.1540000e+01   1.6968799e+01
   1.1550000e+01   1.5774588e+01
   1.1560000e+01   1.4616812e+01
   1.1570000e+01   1.3647605e+01
   1.1580000e+01   1.2975976e+01
   1.1590000e+01   1.2049003e+01
   1.1600000e+01   1.0556561e+01
   1.1610000e+01   8.7802542e+00
   1.1620000e+01   6.7501029e+00
   1.1630000e+01   4.4109159e+00
   1.1640000e+01   2.1440632e+00
   1.1650000e+01   3.3266402e-01
   1.1660000e+01  -8.4247475e-01
   1.1670000e+01  -1.0622431e+00
   1.1680000e+01  -1.3601939e-01
   1.1690000e+01   1.3427170e+00
   1.1700000e+01   2.5504186e+00
   1.1710000e+01   3.8459070e+00
   1.1720000e+01   6.2356231e+00
   1.1730000e+01   9.5222699e+00
   1.1740000e+01   1.2622273e+01
   1.1750000e+01   1.5065250e+01
   1.1760000e+01   1.7056805e+01
   1.1770000e+01   1.8641970e+01
   1.1780000e+01   1.9100060e+01
   1.1790000e+01   1.7659269e+01
   1.1800000e+01   1.5129617e+01
   1.1810000e+01   1.3426496e+01
   1.1820000e+01   1.3272356e+01
   1.1830000e+01   1.3934011e+01
   1.1840000e+01   1.4834475e+01
   1.1850000e+01   1.5911429e+01
   1.1860000e+01   1.6930550e+01
   1.1870000e+01   1.7570474e+01
   1.1880000e+01   1.7669119e+01
   1.1890000e+01   1.6965828e+01
   1.1900000e+01   1.5449261e+01
   1.1910000e+01   1.3677233e+01
   1.1920000e+01   1.1930800e+01
   1.1930000e+01   1.0034342e+01
   1.1940000e+01   8.1378740e+00
   1.1950000e+01   6.5172382e+00
   1.1960000e+01   5.2105893e+00
   1.1970000e+01   4.5385311e+00
   1.1980000e+01   4.9871785e+00
   1.1990000e+01   6.3372848e+00
   1.2000000e+01   7.8945216e+00
   1.2010000e+01   9.5358097e+00
   1.2020000e+01   1.1523828e+01
   1.2030000e+01   1.3427392e+01
   1.2040000e+01   1.4423764e+01
   1.2050000e+01   1.4541660e+01
   1.2060000e+01   1.4603709e+01
   1.2070000e+01   1.5253858e+01
   1.2080000e+01   1.6548396e+01
   1.2090000e+01   1.8035446e+01
   1.2100000e+01   1.9172598e+01
   1.2110000e+01   2.0066489e+01
   1.2120000e+01   2.1083074e+01
   1.2130000e+01   2.1661200e+01
   1.2140000e+01   2.1107830e+01
   1.2150000e+01   2.0006275e+01
   1.2160000e+01   1.9253346e+01
   1.2170000e+01   1.8684295e+01
   1.2180000e+01   1.7456302e+01
   1.2190000e+01   1.5197204e+01
   1.2200000e+01   1.2717042e+01
   1.2210000e+01   1.1349666e+01
   1.2220000e+01   1.1456621e+01
   1.2230000e+01   1.2217466e+01
   1.2240000e+01   1.2672140e+01
   1.2250000e+01   1.2648701e+01
   1.2260000e+01   1.2874098e+01
   1.2270000e+01   1.3907280e+01
   1.2280000e+01   1.5357537e+01
   1.2290000e+01   1.6394226e+01
   1.2300000e+01   1.6506722e+01
   1.2310000e+01   1.6141518e+01
   1.2320000e+01   1.6373917e+01
   1.2330000e+01   1.7345589e+01
   1.2340000e+01   1.8025649e+01
   1.2350000e+01   1.7750217e+01
   1.2360000e+01   1.6881174e+01
   1.2370000e+01   1.6020323e+01
   1.2380000e+01   1.5283873e+01
   1.2390000e+01   1.4391938e+01
   1.2400000e+01   1.3210075e+01
   1.2410000e+01   1.1879709e+01
   1.2420000e+01   1.0496700e+01
   1.2430000e+01   9.0040346e+00
   1.2440000e+01   7.3306099e+00
   1.2450000e+01   5.5871866e+00
   1.2460000e+01   4.1005930e+00
   1.2470000e+01   3.0956165e+00
   1.2480000e+01   2.4567144e+00
   1.2490000e+01   1.9220630e+00
   1.2500000e+01   1.3938925e+00
   1.2510000e+01   8.9869754e-01
   1.2520000e+01   3.4950041e-01
   1.2530000e+01  -5.0170741e-01
   1.2540000e+01  -1.9674665e+00
   1.2550000e+01  -4.1592348e+00
   1.2560000e+01  -6.7964592e+00
   1.2570000e+01  -9.6440509e+00
   1.2580000e+01  -1.2940235e+01
   1.2590000e+01  -1.6694608e+01
   1.2600000e+01  -1.9958470e+01
   1.2610000e+01  -2.1692522e+01
   1.2620000e+01  -2.1845735e+01
   1.2630000e+01  -2.1327775e+01
   1.2640000e+01  -2.1375834e+01
   1.2650000e+01  -2.2280564e+01
   1.2660000e+01  -2.3151204e+01
   1.2670000e+01  -2.3740371e+01
   1.2680000e+01  -2.4972725e+01
   1.2690000e+01  -2.7326362e+01
   1.2700000e+01  -2.9939138e+01
   1.2710000e+01  -3.1531891e+01
   1.2720000e+01  -3.2135669e+01
   1.2730000e+01  -3.2934829e+01
   1.2740000e+01  -3.4206063e+01
   1.2750000e+01  -3.5335388e+01
   1.2760000e+01  -3.6270837e+01
   1.2770000e+01  -3.7099722e+01
   1.2780000e+01  -3.7692964e+01
   1.2790000e+01  -3.8407104e+01
   1.2800000e+01  -3.9398987e+01
   1.2810000e+01  -3.9955943e+01
   1.2820000e+01  -3.9647121e+01
   1.2830000e+01  -3.8997305e+01
   1.2840000e+01  -3.8810640e+01
   1.2850000e+01  -3.9371170e+01
   1.2860000e+01  -4.0022713e+01
   1.2870000e+01  -4.0025133e+01
   1.2880000e+01  -3.9853416e+01
   1.2890000e+01  -4.0496122e+01
   1.2900000e+01  -4.2062487e+01
   1.2910000e+01  -4.3908693e+01
   1.2920000e+01  -4.5370964e+01
   1.2930000e+01  -4.6329311e+01
   1.2940000e+01  -4.7113507e+01
   1.2950000e+01  -4.7756183e+01
   1.2960000e+01  -4.8070207e+01
   1.2970000e+01  -4.8134898e+01
   1.2980000e+01  -4.8092624e+01
   1.2990000e+01  -4.7927153e+01
   1.3000000e+01  -4.7468103e+01
   1.3010000e+01  -4.6545862e+01
   1.3020000e+01  -4.5223610e+01
   1.3030000e+01  -4.3666161e+01
   1.3040000e+01  -4.2003474e+01
   1.3050000e+01  -4.0349586e+01
   1.3060000e+01  -3.8555813e+01
   1.3070000e+01  -3.6174570e+01
   1.3080000e+01  -3.3115743e+01
   1.3090000e+01  -3.0033389e+01
   1.3100000e+01  -2.7580312e+01
   1.3110000e+01  -2.5804787e+01
   1.3120000e+01  -2.4722469e+01
   1.3130000e+01  -2.4535150e+01
   1.3140000e+01  -2.5028794e+01
   1.3150000e+01  -2.5702108e+01
   1.3160000e+01  -2.6176497e+01
   1.3170000e+01  -2.5847012e+01
   1.3180000e+01  -2.4131427e+01
   1.3190000e+01  -2.1443135e+01
   1.3200000e+01  -1.8675652e+01
   1.3210000e+01  -1.5953763e+01
   1.3220000e+01  -1.3104399e+01
   1.3230000e+01  -1.0609209e+01
   1.3240000e+01  -8.9246087e+00
   1.3250000e+01  -7.6727815e+00
   1.3260000e+01  -6.5357906e+00
   1.3270000e+01  -5.9308971e+00
   1.3280000e+01  -6.1143717e+00
   1.3290000e+01  -6.6929114e+00
   1.3300000e+01  -7.1281667e+00
   1.3310000e+01  -7.0376082e+00
   1.3320000e+01  -6.2112763e+00
   1.3330000e+01  -4.6636030e+00
   1.3340000e+01  -2.7006292e+00
   1.3350000e+01  -8.5452100e-01
   1.3360000e+01   6.9571728e-01
   1.3370000e+01   2.4273479e+00
   1.3380000e+01   4.4963214e+00
   1.3390000e+01   6.4397109e+00
   1.3400000e+01   8.1711014e+00
   1.3410000e+01   9.6698450e+00
   1.3420000e+01   1.0410572e+01
   1.3430000e+01   1.0315779e+01
   1.3440000e+01   9.9381776e+00
   1.3450000e+01   9.6061217e+00
   1.3460000e+01   9.4629199e+00
   1.3470000e+01   9.8217003e+00
   1.3480000e+01   1.0926446e+01
   1.3490000e+01   1.2562129e+01
   1.3500000e+01   1.4169053e+01
   1.3510000e+01   1.5478211e+01
   1.3520000e+01   1.6579140e+01
   1.3530000e+01   1.7367248e+01
   1.3540000e+01   1.7599563e+01
   1.3550000e+01   1.7134770e+01
   1.3560000e+01   1.5790398e+01
   1.3570000e+01   1.3786530e+01
   1.3580000e+01   1.2241141e+01
   1.3590000e+01   1.2277578e+01
   1.3600000e+01   1.3786688e+01
   1.3610000e+01   1.5641105e+01
   1.3620000e+01   1.7089640e+01
   1.3630000e+01   1.8405715e+01
   1.3640000e+01   1.9704445e+01
   1.3650000e+01   2.0193739e+01
   1.3660000e+01   1.9625733e+01
   1.3670000e+01   1.9052453e+01
   1.3680000e+01   1.9189048e+01
   1.3690000e+01   1.9399612e+01
   1.3700000e+01   1.9119268e+01
   1.3710000e+01   1.8969036e+01
   1.3720000e+01   1.9478099e+01
   1.3730000e+01   2.0178272e+01
   1.3740000e+01   2.0602640e+01
   1.3750000e+01   2.0848874e+01
   1.3760000e+01   2.1193817e+01
   1.3770000e+01   2.1607925e+01
   1.3780000e+01   2.1673512e+01
   1.3790000e+01   2.1300592e+01
   1.3800000e+01   2.0811095e+01
   1.3810000e+01   2.0227953e+01
   1.3820000e+01   1.9463011e+01
   1.3830000e+01   1.8505752e+01
   1.3840000e+01   1.6965595e+01
   1.3850000e+01   1.4625510e+01
   1.3860000e+01   1.2279630e+01
   1.3870000e+01   1.0898226e+01
   1.3880000e+01   1.0503028e+01
   1.3890000e+01   1.0678587e+01
   1.3900000e+01   1.1345774e+01
   1.3910000e+01   1.2346517e+01
   1.3920000e+01   1.3082293e+01
   1.3930000e+01   1.3163629e+01
   1.3940000e+01   1.2931468e+01
   1.3950000e+01   1.2851012e+01
   1.3960000e+01   1.2682874e+01
   1.3970000e+01   1.1899196e+01
   1.3980000e+01   1.0763144e+01
   1.3990000e+01   1.0048567e+01
   1.4000000e+01   9.8396600e+00
   1.4010000e+01   9.6784164e+00
   1.4020000e+01   9.6585339e+00
   1.4030000e+01   1.0298102e+01
   1.4040000e+01   1.1447223e+01
   1.4050000e+01   1.2451619e+01
   1.4060000e+01   1.3371614e+01
   1.4070000e+01   1.4669034e+01
   1.4080000e+01   1.5868818e+01
   1.4090000e+01   1.6196052e+01
   1.4100000e+01   1.5881524e+01
   1.4110000e+01   1.5293312e+01
   1.4120000e+01   1.4212503e+01
   1.4130000e+01   1.2691451e+01
   1.4140000e+01   1.0943544e+01
   1.4150000e+01   8.9186150e+00
   1.4160000e+01   6.9434954e+00
   1.4170000e+01   5.4114082e+00
   1.4180000e+01   3.9629497e+00
   1.4190000e+01   2.1841236e+00
   1.4200000e+01   2.4771212e-01
   1.4210000e+01  -1.6081097e+00
   1.4220000e+01  -3.2807787e+00
   1.4230000e+01  -4.6967151e+00
   1.4240000e+01  -6.1685136e+00
   1.4250000e+01  -8.1480027e+00
   1.4260000e+01  -1.0412080e+01
   1.4270000e+01  -1.2424082e+01
   1.4280000e+01  -1.4134936e+01
   1.4290000e+01  -1.5912388e+01
   1.4300000e+01  -1.8062672e+01
   1.4310000e+01  -2.0238496e+01
   1.4320000e+01  -2.1631848e+01
   1.4330000e+01  -2.2119927e+01
   1.4340000e+01  -2.2485617e+01
   1.4350000e+01  -2.3289759e+01
   1.4360000e+01  -2.4199770e+01
   1.4370000e+01  -2.4704866e+01
   1.4380000e+01  -2.4777429e+01
   1.4390000e+01  -2.4522470e+01
   1.4400000e+01  -2.4021546e+01
   1.4410000e+01  -2.3598272e+01
   1.4420000e+01  -2.3541484e+01
   1.4430000e+01  -2.3837789e+01
   1.4440000e+01  -2.4511578e+01
   1.4450000e+01  -2.5460461e+01
   1.4460000e+01  -2.6017609e+01
   1.4470000e+01  -2.5813883e+01
   1.4480000e+01  -2.5565735e+01
   1.4490000e+01  -2.6130872e+01
   1.4500000e+01  -2.7437785e+01
   1.4510000e+01  -2.8835920e+01
   1.4520000e+01  -3.0190437e+01
   1.4530000e+01  -3.1940701e+01
   1.4540000e+01  -3.4099169e+01
   1.4550000e+01  -3.6119792e+01
   1.4560000e+01  -3.7701997e+01
   1.4570000e+01  -3.9094508e+01
   1.4580000e+01  -4.0511078e+01
   1.4590000e+01  -4.1613069e+01
   1.4600000e+01  -4.2049263e+01
   1.4610000e+01  -4.1940948e+01
   1.4620000e+01  -4.1517548e+01
   1.4630000e+01  -4.1065330e+01
   1.4640000e+01  -4.0919296e+01
   1.4650000e+01  -4.1002760e+01
   1.4660000e+01  -4.0838287e+01
   1.4670000e+01  -4.0048760e+01
   1.4680000e+01  -3.8746362e+01
   1.4690000e+01  -3.7440037e+01
   1.4700000e+01  -3.6424035e+01
   1.4710000e+01  -3.5440526e+01
   1.4720000e+01  -3.4155691e+01
   1.4730000e+01  -3.2538906e+01
   1.4740000e+01  -3.0465381e+01
   1.4750000e+01  -2.7669582e+01
   1.4760000e+01  -2.4188438e+01
   1.4770000e+01  -2.0170083e+01
   1.4780000e+01  -1.5770907e+01
   1.4790000e+01  -1.1454881e+01
   1.4800000e+01  -7.5838128e+00
   1.4810000e+01  -4.1022355e+00
   1.4820000e+01  -1.2019466e+00
   1.4830000e+01   5.9030908e-01
   1.4840000e+01   1.4640273e+00
   1.4850000e+01   2.3796680e+00
   1.4860000e+01   3.6317557e+00
   1.4870000e+01   4.5264036e+00
   1.4880000e+01   4.7174608e+00
   1.4890000e+01   4.6921540e+00
   1.4900000e+01   4.8153875e+00
   1.4910000e+01   4.7538178e+00
   1.4920000e+01   4.1453858e+00
   1.4930000e+01   3.4874247e+00
   1.4940000e+01   3.7136328e+00
   1.4950000e+01   4.9546276e+00
   1.4960000e+01   6.6295749e+00
   1.4970000e+01   8.4699860e+00
   1.4980000e+01   1.0400777e+01
   1.4990000e+01   1.2075502e+01
   1.5000000e+01   1.3352254e+01
   1.5010000e+01   1.4347444e+01
   1.5020000e+01   1.4702095e+01
   1.5030000e+01   1.3788669e+01
   1.5040000e+01   1.1780523e+01
   1.5050000e+01   9.6733438e+00
   1.5060000e+01   8.1495905e+00
   1.5070000e+01   7.1124738e+00
   1.5080000e+01   6.4229989e+00
   1.5090000e+01   6.2653827e+00
   1.5100000e+01   6.5403093e+00
   1.5110000e+01   6.7927439e+00
   1.5120000e+01   6.8688889e+00
   1.5130000e+01   6.9417649e+00
   1.5140000e+01   7.0718301e+00
   1.5150000e+01   7.1818425e+00
   1.5160000e+01   7.2558316e+00
   1.5170000e+01   7.3456361e+00
   1.5180000e+01   7.4750624e+00
   1.5190000e+01   7.6125148e+00
   1.5200000e+01   7.7542673e+00
   1.5210000e+01   8.1239951e+00
   1.5220000e+01   9.0681531e+00
   1.5230000e+01   1.0504137e+01
   1.5240000e+01   1.2004363e+01
   1.5250000e+01   1.3658451e+01
   1.5260000e+01   1.5996752e+01
   1.5270000e+01   1.8931693e+01
   1.5280000e+01   2.1726864e+01
   1.5290000e+01   2.3877905e+01
   1.5300000e+01   2.5415604e+01
   1.5310000e+01   2.6850425e+01
   1.5320000e+01   2.8524317e+01
   1.5330000e+01   2.9675604e+01
   1.5340000e+01   2.9481721e+01
   1.5350000e+01   2.8474775e+01
   1.5360000e+01   2.7312374e+01
   1.5370000e+01   2.5629549e+01
   1.5380000e+01   2.3344814e+01
   1.5390000e+01   2.1493551e+01
   1.5400000e+01   2.0849003e+01
   1.5410000e+01   2.0854330e+01
   1.5420000e+01   2.0560448e+01
   1.5430000e+01   1.9624890e+01
   1.5440000e+01   1.8230089e+01
   1.5450000e+01   1.6882231e+01
   1.5460000e+01   1.5835559e+01
   1.5470000e+01   1.4781328e+01
   1.5480000e+01   1.3687479e+01
   1.5490000e+01   1.2689140e+01
   1.5500000e+01   1.1300821e+01
   1.5510000e+01   9.2866517e+00
   1.5520000e+01   7.2316625e+00
   1.5530000e+01   5.5192469e+00
   1.5540000e+01   4.1714533e+00
   1.5550000e+01   3.5081960e+00
   1.5560000e+01   3.7825752e+00
   1.5570000e+01   4.4512642e+00
   1.5580000e+01   4.5827847e+00
   1.5590000e+01   4.0377893e+00
   1.5600000e+01   3.5682647e+00
   1.5610000e+01   3.5571542e+00
   1.5620000e+01   3.3479515e+00
   1.5630000e+01   2.1305153e+00
   1.5640000e+01   2.2925942e-01
   1.5650000e+01  -1.0003759e+00
   1.5660000e+01  -8.9644981e-01
   1.5670000e+01  -3.0807806e-01
   1.5680000e+01  -1.4194728e-01
   1.5690000e+01  -3.1821128e-01
   1.5700000e+01  -6.7121942e-01
   1.5710000e+01  -1.5118598e+00
   1.5720000e+01  -2.8489620e+00
   1.5730000e+01  -4.0596873e+00
   1.5740000e+01  -4.7614583e+00
   1.5750000e+01  -5.2995928e+00
   1.5760000e+01  -5.8480207e+00
   1.5770000e+01  -6.0072659e+00
   1.5780000e+01  -5.7330722e+00
   1.5790000e+01  -5.3621878e+00
   1.5800000e+01  -4.7941285e+00
   1.5810000e+01  -3.6536853e+00
   1.5820000e+01  -1.7405954e+00
   1.5830000e+01   7.8169656e-01
   1.5840000e+01   2.9890541e+00
   1.5850000e+01   3.8076487e+00
   1.5860000e+01   3.4997783e+00
   1.5870000e+01   3.2646677e+00
   1.5880000e+01   3.4570383e+00
   1.5890000e+01   3.5670027e+00
   1.5900000e+01   3.4760802e+00
   1.5910000e+01   3.3905200e+00
   1.5920000e+01   2.9627255e+00
   1.5930000e+01   1.7836582e+00
   1.5940000e+01   9.8428085e-02
   1.5950000e+01  -1.9313194e+00
   1.5960000e+01  -4.4840657e+00
   1.5970000e+01  -7.2695975e+00
   1.5980000e+01  -9.5207735e+00
   1.5990000e+01  -1.0632982e+01
   1.6000000e+01  -1.0467272e+01
   1.6010000e+01  -9.3905858e+00
   1.6020000e+01  -8.1031744e+00
   1.6030000e+01  -7.1913582e+00
   1.6040000e+01  -6.7571146e+00
   1.6050000e+01  -6.4783525e+00
   1.6060000e+01  -6.0356660e+00
   1.6070000e+01  -5.3848966e+00
   1.6080000e+01  -4.4212767e+00
   1.6090000e+01  -2.8589002e+00
   1.6100000e+01  -9.3221825e-01
   1.6110000e+01   6.5940087e-01
   1.6120000e+01   1.8484348e+00
   1.6130000e+01   3.1399870e+00
   1.6140000e+01   4.5537021e+00
   1.6150000e+01   5.6402172e+00
   1.6160000e+01   6.3804322e+00
   1.6170000e+01   7.2909319e+00
   1.6180000e+01   8.4640336e+00
   1.6190000e+01   9.2951059e+00
   1.6200000e+01   9.5481699e+00
   1.6210000e+01   9.7446479e+00
   1.6220000e+01   1.0112521e+01
   1.6230000e+01   1.0053834e+01
   1.6240000e+01   9.2215903e+00
   1.6250000e+01   8.4280247e+00
   1.6260000e+01   8.6358054e+00
   1.6270000e+01   9.5681827e+00
   1.6280000e+01   1.0205393e+01
   1.6290000e+01   1.0196344e+01
   1.6300000e+01   1.0142282e+01
   1.6310000e+01   1.0805793e+01
   1.6320000e+01   1.2229696e+01
   1.6330000e+01   1.3619854e+01
   1.6340000e+01   1.4295747e+01
   1.6350000e+01   1.4584110e+01
   1.6360000e+01   1.5219708e+01
   1.6370000e+01   1.5992328e+01
   1.6380000e+01   1.6069839e+01
   1.6390000e+01   1.5510168e+01
   1.6400000e+01   1.5085420e+01
   1.6410000e+01   1.5066800e+01
   1.6420000e+01   1.5318729e+01
   1.6430000e+01   1.5847696e+01
   1.6440000e+01   1.6579787e+01
   1.6450000e+01   1.7419796e+01
   1.6460000e+01   1.8657720e+01
   1.6470000e+01   2.0577613e+01
   1.6480000e+01   2.2954830e+01
   1.6490000e+01   2.5216238e+01
   1.6500000e+01   2.6882156e+01
   1.6510000e+01   2.8076689e+01
   1.6520000e+01   2.9294835e+01
   1.6530000e+01   3.0423819e+01
   1.6540000e+01   3.0739317e+01
   1.6550000e+01   3.0028847e+01
   1.6560000e+01   2.8974981e+01
   1.6570000e+01   2.8200502e+01
   1.6580000e+01   2.7607440e+01
   1.6590000e+01   2.6905272e+01
   1.6600000e+01   2.6126150e+01
   1.6610000e+01   2.5416910e+01
   1.6620000e+01   2.4871360e+01
   1.6630000e+01   2.4641980e+01
   1.6640000e+01   2.4580612e+01
   1.6650000e+01   2.3966844e+01
   1.6660000e+01   2.2528656e+01
   1.6670000e+01   2.1124321e+01
   1.6680000e+01   2.0431159e+01
   1.6690000e+01   1.9789138e+01
   1.6700000e+01   1.8162064e+01
   1.6710000e+01   1.5716192e+01
   1.6720000e+01   1.3571977e+01
   1.6730000e+01   1.1948608e+01
   1.6740000e+01   9.8149157e+00
   1.6750000e+01   6.7308935e+00
   1.6760000e+01   3.3916378e+00
   1.6770000e+01   2.5905819e-01
   1.6780000e+01  -2.7185985e+00
   1.6790000e+01  -5.3475601e+00
   1.6800000e+01  -7.1535324e+00
   1.6810000e+01  -7.8543643e+00
   1.6820000e+01  -7.8285064e+00
   1.6830000e+01  -8.1376657e+00
   1.6840000e+01  -9.5106403e+00
   1.6850000e+01  -1.1422129e+01
   1.6860000e+01  -1.3010501e+01
   1.6870000e+01  -1.4394543e+01
   1.6880000e+01  -1.5977526e+01
   1.6890000e+01  -1.7503247e+01
   1.6900000e+01  -1.8721302e+01
   1.6910000e+01  -1.9619418e+01
   1.6920000e+01  -2.0077619e+01
   1.6930000e+01  -2.0523100e+01
   1.6940000e+01  -2.1698085e+01
   1.6950000e+01  -2.3276902e+01
   1.6960000e+01  -2.4513693e+01
   1.6970000e+01  -2.5732563e+01
   1.6980000e+01  -2.7483608e+01
   1.6990000e+01  -2.9179407e+01
   1.7000000e+01  -2.9720736e+01
   1.7010000e+01  -2.8966986e+01
   1.7020000e+01  -2.7869631e+01
   1.7030000e+01  -2.7154253e+01
   1.7040000e+01  -2.6630026e+01
   1.7050000e+01  -2.5941652e+01
   1.7060000e+01  -2.5160155e+01
   1.7070000e+01  -2.4464812e+01
   1.7080000e+01  -2.3830499e+01
   1.7090000e+01  -2.3167118e+01
   1.7100000e+01  -2.2471075e+01
   1.7110000e+01  -2.1783384e+01
   1.7120000e+01  -2.1069559e+01
   1.7130000e+01  -2.0051329e+01
   1.7140000e+01  -1.8391021e+01
   1.7150000e+01  -1.6226442e+01
   1.7160000e+01  -1.4073829e+01
   1.7170000e+01  -1.2217498e+01
   1.7180000e+01  -1.0696751e+01
   1.7190000e+01  -9.5761027e+00
   1.7200000e+01  -8.6983868e+00
   1.7210000e+01  -7.7111079e+00
   1.7220000e+01  -6.7544057e+00
   1.7230000e+01  -6.2718280e+00
   1.7240000e+01  -6.0966672e+00
   1.7250000e+01  -5.7210969e+00
   1.7260000e+01  -4.9708149e+00
   1.7270000e+01  -3.8676277e+00
   1.7280000e+01  -2.6725245e+00
   1.7290000e+01  -1.7948685e+00
   1.7300000e+01  -1.1185947e+00
   1.7310000e+01  -1.3943926e-01
   1.7320000e+01   1.3468970e+00
   1.7330000e+01   3.1479103e+00
   1.7340000e+01   4.9329116e+00
   1.7350000e+01   6.4977467e+00
   1.7360000e+01   7.7512461e+00
   1.7370000e+01   8.6546940e+00
   1.7380000e+01   9.3655776e+00
   1.7390000e+01   9.9875851e+00
   1.7400000e+01   1.0560077e+01
   1.7410000e+01   1.1469288e+01
   1.7420000e+01   1.2803808e+01
   1.7430000e+01   1.3806196e+01
   1.7440000e+01   1.3955842e+01
   1.7450000e+01   1.3841581e+01
   1.7460000e+01   1.4537685e+01
   1.7470000e+01   1.6302762e+01
   1.7480000e+01   1.8204556e+01
   1.7490000e+01   1.9609867e+01
   1.7500000e+01   2.1140513e+01
   1.7510000e+01   2.3269740e+01
   1.7520000e+01   2.5260742e+01
   1.7530000e+01   2.6384118e+01
   1.7540000e+01   2.7063475e+01
   1.7550000e+01   2.7809623e+01
   1.7560000e+01   2.8255100e+01
   1.7570000e+01   2.8202338e+01
   1.7580000e+01   2.8101515e+01
   1.7590000e+01   2.8215051e+01
   1.7600000e+01   2.8538719e+01
   1.7610000e+01   2.9039281e+01
   1.7620000e+01   2.9506643e+01
   1.7630000e+01   2.9810338e+01
   1.7640000e+01   3.0054301e+01
   1.7650000e+01   3.0157958e+01
   1.7660000e+01   3.0025778e+01
   1.7670000e+01   3.0110431e+01
   1.7680000e+01   3.0780004e+01
   1.7690000e+01   3.1398627e+01
   1.7700000e+01   3.1063713e+01
   1.7710000e+01   2.9902285e+01
   1.7720000e+01   2.8817129e+01
   1.7730000e+01   2.8206888e+01
   1.7740000e+01   2.7572358e+01
   1.7750000e+01   2.6404031e+01
   1.7760000e+01   2.4707108e+01
   1.7770000e+01   2.2387694e+01
   1.7780000e+01   1.9317350e+01
   1.7790000e+01   1.6113169e+01
   1.7800000e+01   1.3633495e+01
   1.7810000e+01   1.2087755e+01
   1.7820000e+01   1.1011316e+01
   1.7830000e+01   9.5165599e+00
   1.7840000e+01   7.1995671e+00
   1.7850000e+01   4.7600603e+00
   1.7860000e+01   2.7389784e+00
   1.7870000e+01   7.6649192e-01
   1.7880000e+01  -1.4229680e+00
   1.7890000e+01  -3.6969705e+00
   1.7900000e+01  -5.9804151e+00
   1.7910000e+01  -8.1711958e+00
   1.7920000e+01  -9.9375910e+00
   1.7930000e+01  -1.0979750e+01
   1.7940000e+01  -1.1665780e+01
   1.7950000e+01  -1.2671743e+01
   1.7960000e+01  -1.3901049e+01
   1.7970000e+01  -1.4800336e+01
   1.7980000e+01  -1.5319466e+01
   1.7990000e+01  -1.5809538e+01
   1.8000000e+01  -1.6443754e+01
   1.8010000e+01  -1.7182153e+01
   1.8020000e+01  -1.7919117e+01
   1.8030000e+01  -1.8482983e+01
   1.8040000e+01  -1.9112379e+01
   1.8050000e+01  -2.0369918e+01
   1.8060000e+01  -2.1866265e+01
   1.8070000e+01  -2.2537233e+01
   1.8080000e+01  -2.2516133e+01
   1.8090000e+01  -2.2792402e+01
   1.8100000e+01  -2.3256974e+01
   1.8110000e+01  -2.3072081e+01
   1.8120000e+01  -2.2349257e+01
   1.8130000e+01  -2.1831239e+01
   1.8140000e+01  -2.1768872e+01
   1.8150000e+01  -2.2088124e+01
   1.8160000e+01  -2.2611890e+01
   1.8170000e+01  -2.2922507e+01
   1.8180000e+01  -2.3142647e+01
   1.8190000e+01  -2.4040359e+01
   1.8200000e+01  -2.5430521e+01
   1.8210000e+01  -2.6167595e+01
   1.8220000e+01  -2.6112674e+01
   1.8230000e+01  -2.6129682e+01
   1.8240000e+01  -2.6313908e+01
   1.8250000e+01  -2.6036825e+01
   1.8260000e+01  -2.5249258e+01
   1.8270000e+01  -2.4392342e+01
   1.8280000e+01  -2.3657747e+01
   1.8290000e+01  -2.3033421e+01
   1.8300000e+01  -2.2432413e+01
   1.8310000e+01  -2.1508205e+01
   1.8320000e+01  -1.9997836e+01
   1.8330000e+01  -1.8442954e+01
   1.8340000e+01  -1.7667299e+01
   1.8350000e+01  -1.7548936e+01
   1.8360000e+01  -1.7568680e+01
   1.8370000e+01  -1.7991498e+01
   1.8380000e+01  -1.9093245e+01
   1.8390000e+01  -2.0215512e+01
   1.8400000e+01  -2.0772701e+01
   1.8410000e+01  -2.1153602e+01
   1.8420000e+01  -2.1923201e+01
   1.8430000e+01  -2.3011336e+01
   1.8440000e+01  -2.3960013e+01
   1.8450000e+01  -2.4535148e+01
   1.8460000e+01  -2.4982834e+01
   1.8470000e+01  -2.5617467e+01
   1.8480000e+01  -2.6334409e+01
   1.8490000e+01  -2.6840819e+01
   1.8500000e+01  -2.7198996e+01
   1.8510000e+01  -2.7754543e+01
   1.8520000e+01  -2.8542140e+01
   1.8530000e+01  -2.9065055e+01
   1.8540000e+01  -2.8901254e+01
   1.8550000e+01  -2.8555899e+01
   1.8560000e+01  -2.9005862e+01
   1.8570000e+01  -3.0150588e+01
   1.8580000e+01  -3.1049112e+01
   1.8590000e+01  -3.1509686e+01
   1.8600000e+01  -3.1736499e+01
   1.8610000e+01  -3.1518706e+01
   1.8620000e+01  -3.1184068e+01
   1.8630000e+01  -3.1606790e+01
   1.8640000e+01  -3.2637240e+01
   1.8650000e+01  -3.3173785e+01
   1.8660000e+01  -3.2748847e+01
   1.8670000e+01  -3.1800778e+01
   1.8680000e+01  -3.0637120e+01
   1.8690000e+01  -2.9195691e+01
   1.8700000e+01  -2.7677839e+01
   1.8710000e+01  -2.6374833e+01
   1.8720000e+01  -2.5007154e+01
   1.8730000e+01  -2.3184489e+01
   1.8740000e+01  -2.1266204e+01
   1.8750000e+01  -2.0034032e+01
   1.8760000e+01  -1.9762708e+01
   1.8770000e+01  -2.0049995e+01
   1.8780000e+01  -2.0392571e+01
   1.8790000e+01  -2.0477176e+01
   1.8800000e+01  -1.9996295e+01
   1.8810000e+01  -1.8906372e+01
   1.8820000e+01  -1.7652278e+01
   1.8830000e+01  -1.6512282e+01
   1.8840000e+01  -1.5311581e+01
   1.8850000e+01  -1.3878154e+01
   1.8860000e+01  -1.2113955e+01
   1.8870000e+01  -9.9687078e+00
   1.8880000e+01  -7.5400469e+00
   1.8890000e+01  -4.8127821e+00
   1.8900000e+01  -1.5895945e+00
   1.8910000e+01   2.1590368e+00
   1.8920000e+01   6.1782424e+00
   1.8930000e+01   1.0207209e+01
   1.8940000e+01   1.4049887e+01
   1.8950000e+01   1.7187536e+01
   1.8960000e+01   1.9026172e+01
   1.8970000e+01   1.9735766e+01
   1.8980000e+01   2.0042156e+01
   1.8990000e+01   2.0410054e+01
   1.9000000e+01   2.1146070e+01
   1.9010000e+01   2.2726087e+01
   1.9020000e+01   2.5133517e+01
   1.9030000e+01   2.7355033e+01
   1.9040000e+01   2.8504976e+01
   1.9050000e+01   2.9008369e+01
   1.9060000e+01   2.9759451e+01
   1.9070000e+01   3.0879066e+01
   1.9080000e+01   3.2027805e+01
   1.9090000e+01   3.2953141e+01
   1.9100000e+01   3.3566196e+01
   1.9110000e+01   3.4119379e+01
   1.9120000e+01   3.4863940e+01
   1.9130000e+01   3.5520458e+01
   1.9140000e+01   3.5743735e+01
   1.9150000e+01   3.5830823e+01
   1.9160000e+01   3.6308106e+01
   1.9170000e+01   3.7097426e+01
   1.9180000e+01   3.7671985e+01
   1.9190000e+01   3.7748045e+01
   1.9200000e+01   3.7549207e+01
   1.9210000e+01   3.7477701e+01
   1.9220000e+01   3.7481416e+01
   1.9230000e+01   3.7082363e+01
   1.9240000e+01   3.6197871e+01
   1.9250000e+01   3.5352384e+01
   1.9260000e+01   3.4831851e+01
   1.9270000e+01   3.4309252e+01
   1.9280000e+01   3.3472708e+01
   1.9290000e+01   3.2220295e+01
   1.9300000e+01   3.0549410e+01
   1.9310000e+01   2.8977298e+01
   1.9320000e+01   2.8163219e+01
   1.9330000e+01   2.7870425e+01
   1.9340000e+01   2.7397759e+01
   1.9350000e+01   2.6624141e+01
   1.9360000e+01   2.5778553e+01
   1.9370000e+01   2.4983551e+01
   1.9380000e+01   2.4363352e+01
   1.9390000e+01   2.3912921e+01
   1.9400000e+01   2.3514171e+01
   1.9410000e+01   2.3188538e+01
   1.9420000e+01   2.2863734e+01
   1.9430000e+01   2.2357458e+01
   1.9440000e+01   2.1745875e+01
   1.9450000e+01   2.1208747e+01
   1.9460000e+01   2.0641414e+01
   1.9470000e+01   1.9724207e+01
   1.9480000e+01   1.8421034e+01
   1.9490000e+01   1.7145820e+01
   1.9500000e+01   1.6035640e+01
   1.9510000e+01   1.4725083e+01
   1.9520000e+01   1.3289976e+01
   1.9530000e+01   1.2264169e+01
   1.9540000e+01   1.1686676e+01
   1.9550000e+01   1.1150562e+01
   1.9560000e+01   1.0400183e+01
   1.9570000e+01   9.4830956e+00
   1.9580000e+01   8.4918563e+00
   1.9590000e+01   7.4562930e+00
   1.9600000e+01   6.8282537e+00
   1.9610000e+01   7.1745547e+00
   1.9620000e+01   8.1867339e+00
   1.9630000e+01   9.0384634e+00
   1.9640000e+01   9.3511751e+00
   1.9650000e+01   9.3708025e+00
   1.9660000e+01   9.5387144e+00
   1.9670000e+01   1.0001243e+01
   1.9680000e+01   1.0585000e+01
   1.9690000e+01   1.0768200e+01
   1.9700000e+01   9.9271228e+00
   1.9710000e+01   8.4554680e+00
   1.9720000e+01   7.5922070e+00
   1.9730000e+01   7.5951732e+00
   1.9740000e+01   7.5430759e+00
   1.9750000e+01   6.9627715e+00
   1.9760000e+01   6.4225178e+00
   1.9770000e+01   6.4403010e+00
   1.9780000e+01   6.6231868e+00
   1.9790000e+01   6.4121973e+00
   1.9800000e+01   6.0127342e+00
   1.9810000e+01   6.0482474e+00
   1.9820000e+01   6.7623726e+00
   1.9830000e+01   7.6093305e+00
   1.9840000e+01   7.8058248e+00
   1.9850000e+01   7.5742295e+00
   1.9860000e+01   7.9070409e+00
   1.9870000e+01   9.0103265e+00
   1.9880000e+01   1.0267894e+01
   1.9890000e+01   1.1344249e+01
   1.9900000e+01   1.2177266e+01
   1.9910000e+01   1.2680240e+01
   1.9920000e+01   1.3072328e+01
   1.9930000e+01   1.3578329e+01
   1.9940000e+01   1.3911189e+01
   1.9950000e+01   1.3768369e+01
   1.9960000e+01   1.3232935e+01
   1.9970000e+01   1.2363204e+01
   1.9980000e+01   1.0984948e+01
   1.9990000e+01   9.2213596e+00
   2.0000000e+01   7.8500480e+00
   2.0010000e+01   7.3971012e+00
   2.0020000e+01   7.2337511e+00
   2.0030000e+01   6.3684478e+00
   2.0040000e+01   4.8010702e+00
   2.0050000e+01   3.4463018e+00
   2.0060000e+01   2.6540222e+00
   2.0070000e+01   1.7702463e+00
   2.0080000e+01   6.2091593e-01
   2.0090000e+01  -6.7373634e-02
   2.0100000e+01  -9.6499154e-02
   2.0110000e+01  -9.4755660e-02
   2.0120000e+01  -3.8910201e-01
   2.0130000e+01  -6.7029135e-01
   2.0140000e+01  -5.6472215e-01
   2.0150000e+01  -5.7808871e-02
   2.0160000e+01   5.9879040e-01
   2.0170000e+01   1.2432373e+00
   2.0180000e+01   1.7776628e+00
   2.0190000e+01   2.1024619e+00
   2.0200000e+01   2.2829968e+00
   2.0210000e+01   2.3130079e+00
   2.0220000e+01   2.0540970e+00
   2.0230000e+01   1.6422358e+00
   2.0240000e+01   1.3486371e+00
   2.0250000e+01   1.1606921e+00
   2.0260000e+01   9.1498970e-01
   2.0270000e+01   5.9859097e-01
   2.0280000e+01   3.0618605e-01
   2.0290000e+01   5.5552371e-02
   2.0300000e+01  -1.6982900e-01
   2.0310000e+01  -1.7700335e-01
   2.0320000e+01   2.8817193e-01
   2.0330000e+01   9.1583715e-01
   2.0340000e+01   1.0442820e+00
   2.0350000e+01   6.9135428e-01
   2.0360000e+01   3.9055923e-01
   2.0370000e+01   2.2975112e-01
   2.0380000e+01  -3.6371503e-03
   2.0390000e+01  -2.1525693e-01
   2.0400000e+01  -1.1938994e-01
   2.0410000e+01   3.5533607e-01
   2.0420000e+01   9.2093879e-01
   2.0430000e+01   1.1230073e+00
   2.0440000e+01   8.4964246e-01
   2.0450000e+01   4.9096930e-01
   2.0460000e+01   3.2245421e-01
   2.0470000e+01   2.9294183e-01
   2.0480000e+01   4.4675134e-01
   2.0490000e+01   6.4096307e-01
   2.0500000e+01   2.8558464e-01
   2.0510000e+01  -7.6734393e-01
   2.0520000e+01  -1.7653904e+00
   2.0530000e+01  -2.1242693e+00
   2.0540000e+01  -2.2690903e+00
   2.0550000e+01  -2.8835314e+00
   2.0560000e+01  -3.9631521e+00
   2.0570000e+01  -4.9996945e+00
   2.0580000e+01  -5.7303515e+00
   2.0590000e+01  -6.3511830e+00
   2.0600000e+01  -6.7591348e+00
   2.0610000e+01  -6.5268130e+00
   2.0620000e+01  -6.2262033e+00
   2.0630000e+01  -7.0063612e+00
   2.0640000e+01  -8.7212348e+00
   2.0650000e+01  -1.0262986e+01
   2.0660000e+01  -1.1038529e+01
   2.0670000e+01  -1.1110054e+01
   2.0680000e+01  -1.0853625e+01
   2.0690000e+01  -1.0750592e+01
   2.0700000e+01  -1.0937645e+01
   2.0710000e+01  -1.1174814e+01
   2.0720000e+01  -1.1517738e+01
   2.0730000e+01  -1.2312622e+01
   2.0740000e+01  -1.3231209e+01
   2.0750000e+01  -1.3337140e+01
   2.0760000e+01  -1.2427670e+01
   2.0770000e+01  -1.1401697e+01
   2.0780000e+01  -1.1074495e+01
   2.0790000e+01  -1.1262209e+01
   2.0800000e+01  -1.1263373e+01
   2.0810000e+01  -1.0734221e+01
   2.0820000e+01  -9.7744603e+00
   2.0830000e+01  -8.7916054e+00
   2.0840000e+01  -8.4105307e+00
   2.0850000e+01  -8.6662488e+00
   2.0860000e+01  -8.7844673e+00
   2.0870000e+01  -8.3369083e+00
   2.0880000e+01  -7.6074225e+00
   2.0890000e+01  -6.9593000e+00
   2.0900000e+01  -6.6853344e+00
   2.0910000e+01  -7.0105707e+00
   2.0920000e+01  -7.8512242e+00
   2.0930000e+01  -8.7731280e+00
   2.0940000e+01  -9.3701159e+00
   2.0950000e+01  -9.7355345e+00
   2.0960000e+01  -1.0344289e+01
   2.0970000e+01  -1.1240798e+01
   2.0980000e+01  -1.1763415e+01
   2.0990000e+01  -1.1479568e+01
   2.1000000e+01  -1.0648911e+01
   2.1010000e+01  -9.6729849e+00
   2.1020000e+01  -8.9604146e+00
   2.1030000e+01  -8.8225372e+00
   2.1040000e+01  -9.0147562e+00
   2.1050000e+01  -9.0723948e+00
   2.1060000e+01  -8.9692937e+00
   2.1070000e+01  -8.9286591e+00
   2.1080000e+01  -8.9793571e+00
   2.1090000e+01  -9.0192584e+00
   2.1100000e+01  -9.0891087e+00
   2.1110000e+01  -9.4123623e+00
   2.1120000e+01  -1.0075117e+01
   2.1130000e+01  -1.0761694e+01
   2.1140000e+01  -1.1110545e+01
   2.1150000e+01  -1.1163376e+01
   2.1160000e+01  -1.1137788e+01
   2.1170000e+01  -1.1162775e+01
   2.1180000e+01  -1.1536317e+01
   2.1190000e+01  -1.2465343e+01
   2.1200000e+01  -1.3361401e+01
   2.1210000e+01  -1.3507095e+01
   2.1220000e+01  -1.3179053e+01
   2.1230000e+01  -1.3072154e+01
   2.1240000e+01  -1.3297886e+01
   2.1250000e+01  -1.3629250e+01
   2.1260000e+01  -1.4005749e+01
   2.1270000e+01  -1.4315195e+01
   2.1280000e+01  -1.4419311e+01
   2.1290000e+01  -1.4736931e+01
   2.1300000e+01  -1.5723721e+01
   2.1310000e+01  -1.6736548e+01
   2.1320000e+01  -1.6892450e+01
   2.1330000e+01  -1.6658881e+01
   2.1340000e+01  -1.6949440e+01
   2.1350000e+01  -1.7597501e+01
   2.1360000e+01  -1.8154341e+01
   2.1370000e+01  -1.8869428e+01
   2.1380000e+01  -2.0008821e+01
   2.1390000e+01  -2.1249015e+01
   2.1400000e+01  -2.2001315e+01
   2.1410000e+01  -2.1968166e+01
   2.1420000e+01  -2.1550224e+01
   2.1430000e+01  -2.1670880e+01
   2.1440000e+01  -2.2767494e+01
   2.1450000e+01  -2.4030360e+01
   2.1460000e+01  -2.4279665e+01
   2.1470000e+01  -2.3487422e+01
   2.1480000e+01  -2.2611098e+01
   2.1490000e+01  -2.2072107e+01
   2.1500000e+01  -2.1209424e+01
   2.1510000e+01  -1.9312061e+01
   2.1520000e+01  -1.6675283e+01
   2.1530000e+01  -1.4217199e+01
   2.1540000e+01  -1.2312878e+01
   2.1550000e+01  -1.0685601e+01
   2.1560000e+01  -9.2090415e+00
   2.1570000e+01  -8.0457357e+00
   2.1580000e+01  -7.3336417e+00
   2.1590000e+01  -6.9368497e+00
   2.1600000e+01  -6.1590698e+00
   2.1610000e+01  -4.5936319e+00
   2.1620000e+01  -3.0107877e+00
   2.1630000e+01  -2.0199511e+00
   2.1640000e+01  -1.2199771e+00
   2.1650000e+01  -4.0695717e-01
   2.1660000e+01   3.1048859e-01
   2.1670000e+01   1.1000113e+00
   2.1680000e+01   1.7814673e+00
   2.1690000e+01   1.9077015e+00
   2.1700000e+01   1.6877490e+00
   2.1710000e+01   1.6362758e+00
   2.1720000e+01   1.7684514e+00
   2.1730000e+01   1.8955909e+00
   2.1740000e+01   2.1124619e+00
   2.1750000e+01   2.4786599e+00
   2.1760000e+01   2.8706303e+00
   2.1770000e+01   3.3144145e+00
   2.1780000e+01   3.7785752e+00
   2.1790000e+01   4.0599138e+00
   2.1800000e+01   4.3286732e+00
   2.1810000e+01   5.1365220e+00
   2.1820000e+01   6.6553335e+00
   2.1830000e+01   8.3534805e+00
   2.1840000e+01   9.6202959e+00
   2.1850000e+01   1.0310302e+01
   2.1860000e+01   1.0530987e+01
   2.1870000e+01   1.0445337e+01
   2.1880000e+01   1.0391157e+01
   2.1890000e+01   1.0643934e+01
   2.1900000e+01   1.1067243e+01
   2.1910000e+01   1.1385440e+01
   2.1920000e+01   1.1497868e+01
   2.1930000e+01   1.1369568e+01
   2.1940000e+01   1.1101478e+01
   2.1950000e+01   1.1086331e+01
   2.1960000e+01   1.1620689e+01
   2.1970000e+01   1.2328913e+01
   2.1980000e+01   1.2571809e+01
   2.1990000e+01   1.2586457e+01
   2.2000000e+01   1.3132894e+01
   2.2010000e+01   1.3982463e+01
   2.2020000e+01   1.4329335e+01
   2.2030000e+01   1.4303750e+01
   2.2040000e+01   1.4395715e+01
   2.2050000e+01   1.4202051e+01
   2.2060000e+01   1.3343625e+01
   2.2070000e+01   1.2494726e+01
   2.2080000e+01   1.2066901e+01
   2.2090000e+01   1.1445040e+01
   2.2100000e+01   1.0432339e+01
   2.2110000e+01   9.4584010e+00
   2.2120000e+01   8.4662962e+00
   2.2130000e+01   7.4167518e+00
   2.2140000e+01   6.8311889e+00
   2.2150000e+01   6.7847245e+00
   2.2160000e+01   6.6805339e+00
   2.2170000e+01   6.2443562e+00
   2.2180000e+01   5.6084712e+00
   2.2190000e+01   4.7003804e+00
   2.2200000e+01   3.5330577e+00
   2.2210000e+01   2.5889564e+00
   2.2220000e+01   2.2780219e+00
   2.2230000e+01   2.3627059e+00
   2.2240000e+01   2.0978531e+00
   2.2250000e+01   1.1985294e+00
   2.2260000e+01   3.9719509e-01
   2.2270000e+01   3.1279714e-01
   2.2280000e+01   5.3958466e-01
   2.2290000e+01   5.1639829e-01
   2.2300000e+01   3.4609387e-01
   2.2310000e+01   4.7113251e-01
   2.2320000e+01   1.2880197e+00
   2.2330000e+01   2.8534885e+00
   2.2340000e+01   4.4376523e+00
   2.2350000e+01   5.1193287e+00
   2.2360000e+01   5.1116285e+00
   2.2370000e+01   5.3087074e+00
   2.2380000e+01   5.6153108e+00
   2.2390000e+01   5.3762025e+00
   2.2400000e+01   5.0617600e+00
   2.2410000e+01   5.5215310e+00
   2.2420000e+01   6.3567835e+00
   2.2430000e+01   6.7603112e+00
   2.2440000e+01   6.5503147e+00
   2.2450000e+01   5.7973452e+00
   2.2460000e+01   4.8797623e+00
   2.2470000e+01   4.2168538e+00
   2.2480000e+01   3.5289771e+00
   2.2490000e+01   2.5442100e+00
   2.2500000e+01   1.7807713e+00
   2.2510000e+01   1.7823914e+00
   2.2520000e+01   2.5262430e+00
   2.2530000e+01   3.6358899e+00
   2.2540000e+01   4.5415523e+00
   2.2550000e+01   5.1047087e+00
   2.2560000e+01   5.8195607e+00
   2.2570000e+01   6.6057870e+00
   2.2580000e+01   6.8006113e+00
   2.2590000e+01   6.6952706e+00
   2.2600000e+01   7.2117631e+00
   2.2610000e+01   8.2593342e+00
   2.2620000e+01   9.1390230e+00
   2.2630000e+01   9.8021996e+00
   2.2640000e+01   1.0292357e+01
   2.2650000e+01   1.0347004e+01
   2.2660000e+01   1.0408186e+01
   2.2670000e+01   1.1279824e+01
   2.2680000e+01   1.2619383e+01
   2.2690000e+01   1.3388473e+01
   2.2700000e+01   1.3465905e+01
   2.2710000e+01   1.3587457e+01
   2.2720000e+01   1.4082548e+01
   2.2730000e+01   1.4443857e+01
   2.2740000e+01   1.4241572e+01
   2.2750000e+01   1.3984436e+01
   2.2760000e+01   1.4286735e+01
   2.2770000e+01   1.4704190e+01
   2.2780000e+01   1.4515237e+01
   2.2790000e+01   1.3880635e+01
   2.2800000e+01   1.3341365e+01
   2.2810000e+01   1.3149783e+01
   2.2820000e+01   1.3414002e+01
   2.2830000e+01   1.3879532e+01
   2.2840000e+01   1.3976082e+01
   2.2850000e+01   1.3824088e+01
   2.2860000e+01   1.3990448e+01
   2.2870000e+01   1.4199730e+01
   2.2880000e+01   1.3935108e+01
   2.2890000e+01   1.3592695e+01
   2.2900000e+01   1.3644062e+01
   2.2910000e+01   1.3702980e+01
   2.2920000e+01   1.3243153e+01
   2.2930000e+01   1.2382991e+01
   2.2940000e+01   1.1479381e+01
   2.2950000e+01   1.0516965e+01
   2.2960000e+01   9.3160075e+00
   2.2970000e+01   7.9552053e+00
   2.2980000e+01   6.5310196e+00
   2.2990000e+01   4.8654579e+00
   2.3000000e+01   3.0529178e+00
   2.3010000e+01   1.6679766e+00
   2.3020000e+01   9.4459548e-01
   2.3030000e+01   5.3389813e-01
   2.3040000e+01  -5.0939926e-02
   2.3050000e+01  -1.1543061e+00
   2.3060000e+01  -2.5577268e+00
   2.3070000e+01  -3.5726435e+00
   2.3080000e+01  -4.0376933e+00
   2.3090000e+01  -4.5071364e+00
   2.3100000e+01  -5.1984035e+00
   2.3110000e+01  -5.6805188e+00
   2.3120000e+01  -5.7442457e+00
   2.3130000e+01  -5.7172195e+00
   2.3140000e+01  -5.8383670e+00
   2.3150000e+01  -5.9011388e+00
   2.3160000e+01  -5.5174495e+00
   2.3170000e+01  -4.5446542e+00
   2.3180000e+01  -3.4760547e+00
   2.3190000e+01  -3.2063041e+00
   2.3200000e+01  -3.7285779e+00
   2.3210000e+01  -3.8815657e+00
   2.3220000e+01  -3.3360103e+00
   2.3230000e+01  -3.1139330e+00
   2.3240000e+01  -3.5857331e+00
   2.3250000e+01  -4.0238923e+00
   2.3260000e+01  -3.9599399e+00
   2.3270000e+01  -3.5746064e+00
   2.3280000e+01  -3.3491212e+00
   2.3290000e+01  -3.7042991e+00
   2.3300000e+01  -4.4979864e+00
   2.3310000e+01  -5.1763612e+00
   2.3320000e+01  -5.5071276e+00
   2.3330000e+01  -5.8002296e+00
   2.3340000e+01  -6.4085608e+00
   2.3350000e+01  -7.1733771e+00
   2.3360000e+01  -7.7209615e+00
   2.3370000e+01  -8.0909736e+00
   2.3380000e+01  -8.5063298e+00
   2.3390000e+01  -8.8784177e+00
   2.3400000e+01  -8.8226655e+00
   2.3410000e+01  -8.0958871e+00
   2.3420000e+01  -7.0435227e+00
   2.3430000e+01  -6.3011883e+00
   2.3440000e+01  -6.1134330e+00
   2.3450000e+01  -6.2018415e+00
   2.3460000e+01  -6.1595680e+00
   2.3470000e+01  -5.9316271e+00
   2.3480000e+01  -5.7580334e+00
   2.3490000e+01  -5.6716040e+00
   2.3500000e+01  -5.5444334e+00
   2.3510000e+01  -5.4540256e+00
   2.3520000e+01  -5.4578931e+00
   2.3530000e+01  -5.3945114e+00
   2.3540000e+01  -5.2201914e+00
   2.3550000e+01  -5.1045132e+00
   2.3560000e+01  -5.2795446e+00
   2.3570000e+01  -5.8679980e+00
   2.3580000e+01  -6.5317479e+00
   2.3590000e+01  -6.7485523e+00
   2.3600000e+01  -6.5325856e+00
   2.3610000e+01  -6.2834720e+00
   2.3620000e+01  -6.2474620e+00
   2.3630000e+01  -6.4685845e+00
   2.3640000e+01  -6.8817706e+00
   2.3650000e+01  -7.3511446e+00
   2.3660000e+01  -7.7215715e+00
   2.3670000e+01  -7.9147119e+00
   2.3680000e+01  -8.0293486e+00
   2.3690000e+01  -8.2098177e+00
   2.3700000e+01  -8.5414667e+00
   2.3710000e+01  -9.0613953e+00
   2.3720000e+01  -9.6233694e+00
   2.3730000e+01  -9.9919270e+00
   2.3740000e+01  -1.0081810e+01
   2.3750000e+01  -9.9273520e+00
   2.3760000e+01  -9.6606347e+00
   2.3770000e+01  -9.5009452e+00
   2.3780000e+01  -9.5503702e+00
   2.3790000e+01  -9.6862441e+00
   2.3800000e+01  -9.6783444e+00
   2.3810000e+01  -9.3085177e+00
   2.3820000e+01  -8.5794359e+00
   2.3830000e+01  -7.8862902e+00
   2.3840000e+01  -7.5849613e+00
   2.3850000e+01  -7.4641491e+00
   2.3860000e+01  -7.0979578e+00
   2.3870000e+01  -6.4948852e+00
   2.3880000e+01  -6.0018234e+00
   2.3890000e+01  -5.7851205e+00
   2.3900000e+01  -5.7078257e+00
   2.3910000e+01  -5.5982622e+00
   2.3920000e+01  -5.4364855e+00
   2.3930000e+01  -5.2859279e+00
   2.3940000e+01  -5.1653352e+00
   2.3950000e+01  -5.0710745e+00
   2.3960000e+01  -5.0652432e+00
   2.3970000e+01  -5.2131255e+00
   2.3980000e+01  -5.4552921e+00
   2.3990000e+01  -5.6814910e+00
   2.4000000e+01  -5.8560305e+00
   2.4010000e+01  -5.9375961e+00
   2.4020000e+01  -5.8472943e+00
   2.4030000e+01  -5.6013563e+00
   2.4040000e+01  -5.3179588e+00
   2.4050000e+01  -5.1092369e+00
   2.4060000e+01  -5.0186830e+00
   2.4070000e+01  -4.9729939e+00
   2.4080000e+01  -4.8200225e+00
   2.4090000e+01  -4.4846464e+00
   2.4100000e+01  -4.0304138e+00
   2.4110000e+01  -3.5795921e+00
   2.4120000e+01  -3.2364235e+00
   2.4130000e+01  -3.0138964e+00
   2.4140000e+01  -2.8274021e+00
   2.4150000e+01  -2.6252945e+00
   2.4160000e+01  -2.4372223e+00
   2.4170000e+01  -2.2806172e+00
   2.4180000e+01  -2.1343470e+00
   2.4190000e+01  -1.9872659e+00
   2.4200000e+01  -1.8461504e+00
   2.4210000e+01  -1.7157989e+00
   2.4220000e+01  -1.6063862e+00
   2.4230000e+01  -1.5513059e+00
   2.4240000e+01  -1.5669051e+00
   2.4250000e+01  -1.5834945e+00
   2.4260000e+01  -1.5022709e+00
   2.4270000e+01  -1.3317188e+00
   2.4280000e+01  -1.1494290e+00
   2.4290000e+01  -9.7483789e-01
   2.4300000e+01  -8.1911390e-01
   2.4310000e+01  -7.3285808e-01
   2.4320000e+01  -6.9082533e-01
   2.4330000e+01  -6.0550168e-01
   2.4340000e+01  -4.9097118e-01
   2.4350000e+01  -4.2816926e-01
   2.4360000e+01  -4.1323849e-01
   2.4370000e+01  -4.0565870e-01
   2.4380000e+01  -4.2189682e-01
   2.4390000e+01  -4.6430400e-01
   2.4400000e+01  -4.8531348e-01
   2.4410000e+01  -4.8172842e-01
   2.4420000e+01  -5.0280965e-01
   2.4430000e+01  -5.5922760e-01
   2.4440000e+01  -6.2967384e-01
   2.4450000e+01  -7.1684005e-01
   2.4460000e+01  -8.1991444e-01
   2.4470000e+01  -9.0955451e-01
   2.4480000e+01  -9.7463107e-01
   2.4490000e+01  -1.0438753e+00
   2.4500000e+01  -1.1356850e+00
   2.4510000e+01  -1.2369520e+00
   2.4520000e+01  -1.3420433e+00
   2.4530000e+01  -1.4569129e+00
   2.4540000e+01  -1.5706917e+00
   2.4550000e+01  -1.6685929e+00
   2.4560000e+01  -1.7599878e+00
   2.4570000e+01  -1.8642680e+00
   2.4580000e+01  -1.9801506e+00
   2.4590000e+01  -2.0896517e+00
   2.4600000e+01  -2.1839096e+00
   2.4610000e+01  -2.2712113e+00
   2.4620000e+01  -2.3622386e+00
   2.4630000e+01  -2.4561601e+00
   2.4640000e+01  -2.5469502e+00
   2.4650000e+01  -2.6345392e+00
   2.4660000e+01  -2.7209136e+00
   2.4670000e+01  -2.8035282e+00
   2.4680000e+01  -2.8798032e+00
   2.4690000e+01  -2.9535225e+00
   2.4700000e+01  -3.0291515e+00
   2.4710000e+01  -3.1034195e+00
   2.4720000e+01  -3.1713041e+00
   2.4730000e+01  -3.2341122e+00
   2.4740000e+01  -3.2947757e+00
   2.4750000e+01  -3.3526537e+00
   2.4760000e+01  -3.4062552e+00
   2.4770000e+01  -3.4555614e+00
   2.4780000e+01  -3.5008393e+00
   2.4790000e+01  -3.5419503e+00
   2.4800000e+01  -3.5786309e+00
   2.4810000e+01  -3.6104334e+00
   2.4820000e+01  -3.6371429e+00
   2.4830000e+01  -3.6593038e+00
   2.4840000e+01  -3.6775289e+00
   2.4850000e+01  -3.6918149e+00
   2.4860000e+01  -3.7018972e+00
   2.4870000e+01  -3.7077357e+00
   2.4880000e+01  -3.7095896e+00
   2.4890000e+01  -3.7077804e+00
   2.4900000e+01  -3.7024545e+00
   2.4910000e+01  -3.6936559e+00
   2.4920000e+01  -3.6814912e+00
   2.4930000e+01  -3.6661175e+00
   2.4940000e+01  -3.6476590e+00
   2.4950000e+01  -3.6261999e+00
   2.4960000e+01  -3.6018176e+00
   2.4970000e+01  -3.5745866e+00
   2.4980000e+01  -3.5445663e+00
