   0.0000000e+00   2.3924028e-01
   1.0000000e-02   1.2174937e+00
   2.0000000e-02   3.1551299e+00
   3.0000000e-02   6.5654323e+00
   4.0000000e-02   1.2493893e+01
   5.0000000e-02   1.9554436e+01
   6.0000000e-02   2.1351946e+01
   7.0000000e-02   9.8189253e+00
   8.0000000e-02  -1.3033440e+01
   9.0000000e-02  -2.7626057e+01
   1.0000000e-01  -1.7124628e+01
   1.1000000e-01   4.1936458e+00
   1.2000000e-01   5.0897758e+00
   1.3000000e-01  -2.0772805e+01
   1.4000000e-01  -4.7737619e+01
   1.5000000e-01  -5.2220979e+01
   1.6000000e-01  -3.8367188e+01
   1.7000000e-01  -2.6023946e+01
   1.8000000e-01  -2.7290183e+01
   1.9000000e-01  -4.3579674e+01
   2.0000000e-01  -6.7179388e+01
   2.1000000e-01  -7.6854745e+01
   2.2000000e-01  -5.6319500e+01
   2.3000000e-01  -2.0580470e+01
   2.4000000e-01   1.5500622e+00
   2.5000000e-01   2.7907691e+00
   2.6000000e-01  -1.0318623e+01
   2.7000000e-01  -3.6917653e+01
   2.8000000e-01  -6.4263868e+01
   2.9000000e-01  -6.3262372e+01
   3.0000000e-01  -2.7474868e+01
   3.1000000e-01   1.8731608e+01
   3.2000000e-01   5.7407784e+01
   3.3000000e-01   8.5095871e+01
   3.4000000e-01   9.6379045e+01
   3.5000000e-01   8.9509847e+01
   3.6000000e-01   7.1826811e+01
   3.7000000e-01   4.9368972e+01
   3.8000000e-01   2.8635473e+01
   3.9000000e-01   2.3301869e+01
   4.0000000e-01   3.1105108e+01
   4.1000000e-01   2.0223952e+01
   4.2000000e-01  -1.8706167e+01
   4.3000000e-01  -4.5951747e+01
   4.4000000e-01  -3.5038607e+01
   4.5000000e-01   7.4660052e-01
   4.6000000e-01   4.1485761e+01
   4.7000000e-01   6.6194780e+01
   4.8000000e-01   6.7211796e+01
   4.9000000e-01   6.4945138e+01
   5.0000000e-01   6.7601940e+01
   5.1000000e-01   6.1704601e+01
   5.2000000e-01   5.2071037e+01
   5.3000000e-01   4.7213121e+01
   5.4000000e-01   2.5456823e+01
   5.5000000e-01  -2.4323292e+01
   5.6000000e-01  -6.1570276e+01
   5.7000000e-01  -5.0674880e+01
   5.8000000e-01  -2.3920892e+01
   5.9000000e-01  -2.9774651e+01
   6.0000000e-01  -5.3759219e+01
   6.1000000e-01  -5.3361767e+01
   6.2000000e-01  -4.0312443e+01
   6.3000000e-01  -6.1358772e+01
   6.4000000e-01  -1.1449790e+02
   6.5000000e-01  -1.3896442e+02
   6.6000000e-01  -8.6007594e+01
   6.7000000e-01   2.0976707e+01
   6.8000000e-01   9.9077491e+01
   6.9000000e-01   8.8859569e+01
   7.0000000e-01   2.0519050e+01
   7.1000000e-01  -2.4743726e+01
   7.2000000e-01  -1.0445343e+01
   7.3000000e-01   2.3675513e+01
   7.4000000e-01   2.3021111e+01
   7.5000000e-01  -1.1778569e+01
   7.6000000e-01  -3.6138743e+01
   7.7000000e-01  -3.7197941e+01
   7.8000000e-01  -5.6085225e+01
   7.9000000e-01  -1.1840359e+02
   8.0000000e-01  -1.8609436e+02
   8.1000000e-01  -1.9926907e+02
   8.2000000e-01  -1.3817870e+02
   8.3000000e-01  -3.9327223e+01
   8.4000000e-01   3.6132194e+01
   8.5000000e-01   5.3275458e+01
   8.6000000e-01   2.8522057e+01
   8.7000000e-01   6.5621645e+00
   8.8000000e-01   1.0013305e+01
   8.9000000e-01   2.2088251e+01
   9.0000000e-01   2.5906039e+01
   9.1000000e-01   2.7461889e+01
   9.2000000e-01   3.0872414e+01
   9.3000000e-01   3.0888446e+01
   9.4000000e-01   3.3503885e+01
   9.5000000e-01   4.8822931e+01
   9.6000000e-01   6.4430156e+01
   9.7000000e-01   5.8625942e+01
   9.8000000e-01   3.7986953e+01
   9.9000000e-01   2.7839066e+01
   1.0000000e+00   2.9099077e+01
   1.0100000e+00   2.4691180e+01
   1.0200000e+00   1.8239760e+01
   1.0300000e+00   1.4289795e+01
   1.0400000e+00  -1.6074500e+01
   1.0500000e+00  -8.5609722e+01
   1.0600000e+00  -1.4463417e+02
   1.0700000e+00  -1.4748984e+02
   1.0800000e+00  -1.1042351e+02
   1.0900000e+00  -5.9335738e+01
   1.1000000e+00   3.2816987e+00
   1.1100000e+00   5.5400148e+01
   1.1200000e+00   6.0833942e+01
   1.1300000e+00   2.7347242e+01
   1.1400000e+00  -1.0657354e+00
   1.1500000e+00   6.0504037e+00
   1.1600000e+00   6.6818951e+01
   1.1700000e+00   1.7929129e+02
   1.1800000e+00   2.6368821e+02
   1.1900000e+00   2.0618164e+02
   1.2000000e+00   2.7266079e+01
   1.2100000e+00  -9.9232627e+01
   1.2200000e+00  -7.4116252e+01
   1.2300000e+00  -8.4998253e-01
   1.2400000e+00   5.2058369e-01
   1.2500000e+00  -3.6206568e+01
   1.2600000e+00  -3.9950798e+01
   1.2700000e+00  -3.4281549e+01
   1.2800000e+00  -5.0406593e+01
   1.2900000e+00  -5.4514131e+01
   1.3000000e+00  -3.5177377e+01
   1.3100000e+00  -3.9367909e+01
   1.3200000e+00  -8.5044150e+01
   1.3300000e+00  -1.3238259e+02
   1.3400000e+00  -1.5070248e+02
   1.3500000e+00  -1.4396449e+02
   1.3600000e+00  -1.1672360e+02
   1.3700000e+00  -6.4093219e+01
   1.3800000e+00   4.9680917e+00
   1.3900000e+00   5.9168873e+01
   1.4000000e+00   7.6077188e+01
   1.4100000e+00   7.1082001e+01
   1.4200000e+00   7.0747906e+01
   1.4300000e+00   7.3823305e+01
   1.4400000e+00   6.5950471e+01
   1.4500000e+00   4.5720185e+01
   1.4600000e+00   7.6181878e+00
   1.4700000e+00  -5.9940095e+01
   1.4800000e+00  -1.3153029e+02
   1.4900000e+00  -1.5324852e+02
   1.5000000e+00  -1.1232246e+02
   1.5100000e+00  -4.4456016e+01
   1.5200000e+00   2.1856978e+01
   1.5300000e+00   7.9913178e+01
   1.5400000e+00   1.2600129e+02
   1.5500000e+00   1.5855868e+02
   1.5600000e+00   1.7471714e+02
   1.5700000e+00   1.6307543e+02
   1.5800000e+00   1.2099169e+02
   1.5900000e+00   7.1860013e+01
   1.6000000e+00   4.9354565e+01
   1.6100000e+00   6.4510577e+01
   1.6200000e+00   8.8967173e+01
   1.6300000e+00   7.9296416e+01
   1.6400000e+00   3.0496737e+01
   1.6500000e+00  -8.3130346e+00
   1.6600000e+00   9.4262515e+00
   1.6700000e+00   6.6684215e+01
   1.6800000e+00   9.9543766e+01
   1.6900000e+00   6.9503179e+01
   1.7000000e+00  -3.3581847e+00
   1.7100000e+00  -7.4834066e+01
   1.7200000e+00  -1.1585989e+02
   1.7300000e+00  -1.1678268e+02
   1.7400000e+00  -8.5759219e+01
   1.7500000e+00  -5.4199033e+01
   1.7600000e+00  -5.0033639e+01
   1.7700000e+00  -5.3448119e+01
   1.7800000e+00  -1.9176590e+01
   1.7900000e+00   4.8147487e+01
   1.8000000e+00   9.2844915e+01
   1.8100000e+00   9.1662615e+01
   1.8200000e+00   7.8330346e+01
   1.8300000e+00   7.9468069e+01
   1.8400000e+00   8.7278645e+01
   1.8500000e+00   9.6446032e+01
   1.8600000e+00   1.1249007e+02
   1.8700000e+00   1.2044515e+02
   1.8800000e+00   9.2768943e+01
   1.8900000e+00   3.9722524e+01
   1.9000000e+00   1.1783667e+01
   1.9100000e+00   3.5961823e+01
   1.9200000e+00   8.2838937e+01
   1.9300000e+00   1.0940533e+02
   1.9400000e+00   1.0692669e+02
   1.9500000e+00   9.4867360e+01
   1.9600000e+00   8.7950723e+01
   1.9700000e+00   8.4720810e+01
   1.9800000e+00   7.8966357e+01
   1.9900000e+00   7.1545482e+01
   2.0000000e+00   7.4536409e+01
   2.0100000e+00   1.0126374e+02
   2.0200000e+00   1.4599672e+02
   2.0300000e+00   1.8332298e+02
   2.0400000e+00   1.9540622e+02
   2.0500000e+00   1.9082656e+02
   2.0600000e+00   1.9022913e+02
   2.0700000e+00   1.9890120e+02
   2.0800000e+00   2.0216763e+02
   2.0900000e+00   1.9037639e+02
   2.1000000e+00   1.8004825e+02
   2.1100000e+00   1.9876633e+02
   2.1200000e+00   2.4622271e+02
   2.1300000e+00   2.8117336e+02
   2.1400000e+00   2.6301584e+02
   2.1500000e+00   2.0304789e+02
   2.1600000e+00   1.5325723e+02
   2.1700000e+00   1.4424177e+02
   2.1800000e+00   1.5983563e+02
   2.1900000e+00   1.7801236e+02
   2.2000000e+00   2.0294169e+02
   2.2100000e+00   2.3927654e+02
   2.2200000e+00   2.7176319e+02
   2.2300000e+00   2.9152213e+02
   2.2400000e+00   3.0817120e+02
   2.2500000e+00   3.2421366e+02
   2.2600000e+00   3.2899773e+02
   2.2700000e+00   3.2158897e+02
   2.2800000e+00   3.1527571e+02
   2.2900000e+00   3.2004869e+02
   2.3000000e+00   3.3391340e+02
   2.3100000e+00   3.4849039e+02
   2.3200000e+00   3.5801925e+02
   2.3300000e+00   3.6316374e+02
   2.3400000e+00   3.6561708e+02
   2.3500000e+00   3.6348566e+02
   2.3600000e+00   3.5617246e+02
   2.3700000e+00   3.4776707e+02
   2.3800000e+00   3.4211409e+02
   2.3900000e+00   3.4043707e+02
   2.4000000e+00   3.4426221e+02
   2.4100000e+00   3.5311919e+02
   2.4200000e+00   3.5394990e+02
   2.4300000e+00   3.2012691e+02
   2.4400000e+00   2.3006658e+02
   2.4500000e+00   7.9671115e+01
   2.4600000e+00  -1.0818779e+02
   2.4700000e+00  -2.7842275e+02
   2.4800000e+00  -3.9599933e+02
   2.4900000e+00  -4.8874879e+02
   2.5000000e+00  -5.8945744e+02
   2.5100000e+00  -6.8982152e+02
   2.5200000e+00  -7.7343623e+02
   2.5300000e+00  -8.3280126e+02
   2.5400000e+00  -8.6610878e+02
   2.5500000e+00  -8.8645783e+02
   2.5600000e+00  -9.0236604e+02
   2.5700000e+00  -9.0153579e+02
   2.5800000e+00  -8.8174589e+02
   2.5900000e+00  -8.6153279e+02
   2.6000000e+00  -8.4832740e+02
   2.6100000e+00  -8.3148960e+02
   2.6200000e+00  -8.0579028e+02
   2.6300000e+00  -7.7717597e+02
   2.6400000e+00  -7.4966419e+02
   2.6500000e+00  -7.2217666e+02
   2.6600000e+00  -6.9681783e+02
   2.6700000e+00  -6.7984647e+02
   2.6800000e+00  -6.7308919e+02
   2.6900000e+00  -6.7116899e+02
   2.7000000e+00  -6.6763339e+02
   2.7100000e+00  -6.6007397e+02
   2.7200000e+00  -6.5303184e+02
   2.7300000e+00  -6.5817010e+02
   2.7400000e+00  -6.8363474e+02
   2.7500000e+00  -7.1800636e+02
   2.7600000e+00  -7.3014540e+02
   2.7700000e+00  -6.9567450e+02
   2.7800000e+00  -6.2110045e+02
   2.7900000e+00  -5.2604720e+02
   2.8000000e+00  -4.1936192e+02
   2.8100000e+00  -3.1233450e+02
   2.8200000e+00  -2.2110343e+02
   2.8300000e+00  -1.4721856e+02
   2.8400000e+00  -8.4664771e+01
   2.8500000e+00  -3.1819264e+01
   2.8600000e+00   1.7172997e+01
   2.8700000e+00   6.8243284e+01
   2.8800000e+00   1.1115795e+02
   2.8900000e+00   1.2710163e+02
   2.9000000e+00   1.1082751e+02
   2.9100000e+00   7.6622463e+01
   2.9200000e+00   4.9026159e+01
   2.9300000e+00   4.5236377e+01
   2.9400000e+00   5.9897897e+01
   2.9500000e+00   8.1571845e+01
   2.9600000e+00   1.2509838e+02
   2.9700000e+00   2.1607787e+02
   2.9800000e+00   3.4734443e+02
   2.9900000e+00   4.8844152e+02
   3.0000000e+00   6.1561651e+02
   3.0100000e+00   6.9542075e+02
   3.0200000e+00   6.7813830e+02
   3.0300000e+00   5.6236293e+02
   3.0400000e+00   4.3317617e+02
   3.0500000e+00   3.6897387e+02
   3.0600000e+00   3.5312906e+02
   3.0700000e+00   3.3474682e+02
   3.0800000e+00   3.1416867e+02
   3.0900000e+00   3.2110919e+02
   3.1000000e+00   3.5503471e+02
   3.1100000e+00   3.8717982e+02
   3.1200000e+00   4.0029530e+02
   3.1300000e+00   3.9643294e+02
   3.1400000e+00   3.7590185e+02
   3.1500000e+00   3.3195532e+02
   3.1600000e+00   2.7153522e+02
   3.1700000e+00   2.2451015e+02
   3.1800000e+00   2.1199407e+02
   3.1900000e+00   2.1969200e+02
   3.2000000e+00   2.2172677e+02
   3.2100000e+00   2.1241423e+02
   3.2200000e+00   2.0195748e+02
   3.2300000e+00   1.9648105e+02
   3.2400000e+00   1.9133544e+02
   3.2500000e+00   1.7860482e+02
   3.2600000e+00   1.5653345e+02
   3.2700000e+00   1.2990271e+02
   3.2800000e+00   1.0095307e+02
   3.2900000e+00   6.6592153e+01
   3.3000000e+00   3.0845338e+01
   3.3100000e+00   1.1671861e+01
   3.3200000e+00   2.7184637e+01
   3.3300000e+00   8.0129169e+01
   3.3400000e+00   1.5393884e+02
   3.3500000e+00   2.1964844e+02
   3.3600000e+00   2.5859367e+02
   3.3700000e+00   2.7983509e+02
   3.3800000e+00   3.0147098e+02
   3.3900000e+00   3.2312007e+02
   3.4000000e+00   3.3124446e+02
   3.4100000e+00   3.1911484e+02
   3.4200000e+00   2.9131073e+02
   3.4300000e+00   2.5800085e+02
   3.4400000e+00   2.2636637e+02
   3.4500000e+00   1.9300662e+02
   3.4600000e+00   1.4994268e+02
   3.4700000e+00   9.3162632e+01
   3.4800000e+00   1.9863015e+01
   3.4900000e+00  -6.1702573e+01
   3.5000000e+00  -1.2431693e+02
   3.5100000e+00  -1.5448167e+02
   3.5200000e+00  -1.7308135e+02
   3.5300000e+00  -2.0205123e+02
   3.5400000e+00  -2.4080151e+02
   3.5500000e+00  -2.7996249e+02
   3.5600000e+00  -3.1029851e+02
   3.5700000e+00  -3.2617745e+02
   3.5800000e+00  -3.3411851e+02
   3.5900000e+00  -3.4169866e+02
   3.6000000e+00  -3.3970417e+02
   3.6100000e+00  -3.1677423e+02
   3.6200000e+00  -2.8468223e+02
   3.6300000e+00  -2.6490128e+02
   3.6400000e+00  -2.5461385e+02
   3.6500000e+00  -2.3190106e+02
   3.6600000e+00  -1.9334303e+02
   3.6700000e+00  -1.6215142e+02
   3.6800000e+00  -1.5921238e+02
   3.6900000e+00  -1.8744411e+02
   3.7000000e+00  -2.4002612e+02
   3.7100000e+00  -2.9427643e+02
   3.7200000e+00  -3.0210060e+02
   3.7300000e+00  -2.2568742e+02
   3.7400000e+00  -9.1704423e+01
   3.7500000e+00   2.2512918e+01
   3.7600000e+00   7.3383739e+01
   3.7700000e+00   8.6886272e+01
   3.7800000e+00   9.9333458e+01
   3.7900000e+00   1.1290514e+02
   3.8000000e+00   1.1669505e+02
   3.8100000e+00   1.0802034e+02
   3.8200000e+00   9.0832131e+01
   3.8300000e+00   7.3156768e+01
   3.8400000e+00   6.2035014e+01
   3.8500000e+00   5.7086022e+01
   3.8600000e+00   5.4628531e+01
   3.8700000e+00   5.6108617e+01
   3.8800000e+00   7.0303410e+01
   3.8900000e+00   1.0821254e+02
   3.9000000e+00   1.6511734e+02
   3.9100000e+00   2.0822863e+02
   3.9200000e+00   2.0829337e+02
   3.9300000e+00   1.7536259e+02
   3.9400000e+00   1.3148977e+02
   3.9500000e+00   7.4739757e+01
   3.9600000e+00   4.7252021e-01
   3.9700000e+00  -7.7328934e+01
   3.9800000e+00  -1.4588760e+02
   3.9900000e+00  -2.0265208e+02
   4.0000000e+00  -2.3945829e+02
   4.0100000e+00  -2.4838918e+02
   4.0200000e+00  -2.4127629e+02
   4.0300000e+00  -2.3733810e+02
   4.0400000e+00  -2.3881836e+02
   4.0500000e+00  -2.3682384e+02
   4.0600000e+00  -2.3004327e+02
   4.0700000e+00  -2.2614525e+02
   4.0800000e+00  -2.3337177e+02
   4.0900000e+00  -2.4653049e+02
   4.1000000e+00  -2.2463004e+02
   4.1100000e+00  -1.1642331e+02
   4.1200000e+00   5.3463066e+01
   4.1300000e+00   1.9245625e+02
   4.1400000e+00   2.7644815e+02
   4.1500000e+00   3.7308849e+02
   4.1600000e+00   4.9757681e+02
   4.1700000e+00   5.7221096e+02
   4.1800000e+00   5.5094829e+02
   4.1900000e+00   4.6263910e+02
   4.2000000e+00   3.3419919e+02
   4.2100000e+00   1.8490144e+02
   4.2200000e+00   6.9036596e+01
   4.2300000e+00   2.4441767e+01
   4.2400000e+00   1.0160114e+01
   4.2500000e+00  -3.9374570e+01
   4.2600000e+00  -1.2927880e+02
   4.2700000e+00  -2.1266315e+02
   4.2800000e+00  -2.5456879e+02
   4.2900000e+00  -2.6049726e+02
   4.3000000e+00  -2.6248124e+02
   4.3100000e+00  -2.8760099e+02
   4.3200000e+00  -3.3274433e+02
   4.3300000e+00  -3.7439886e+02
   4.3400000e+00  -3.9608306e+02
   4.3500000e+00  -3.9379695e+02
   4.3600000e+00  -3.6494800e+02
   4.3700000e+00  -3.1325576e+02
   4.3800000e+00  -2.6100217e+02
   4.3900000e+00  -2.1926077e+02
   4.4000000e+00  -1.5346431e+02
   4.4100000e+00  -3.8957330e+01
   4.4200000e+00   7.5435880e+01
   4.4300000e+00   1.3235525e+02
   4.4400000e+00   1.4992424e+02
   4.4500000e+00   1.7847741e+02
   4.4600000e+00   2.2158194e+02
   4.4700000e+00   2.4995910e+02
   4.4800000e+00   2.6531532e+02
   4.4900000e+00   3.0060642e+02
   4.5000000e+00   3.5382722e+02
   4.5100000e+00   3.7147752e+02
   4.5200000e+00   3.1742624e+02
   4.5300000e+00   2.1844389e+02
   4.5400000e+00   1.2895472e+02
   4.5500000e+00   7.9073789e+01
   4.5600000e+00   6.7663902e+01
   4.5700000e+00   8.5398591e+01
   4.5800000e+00   1.2168242e+02
   4.5900000e+00   1.5672199e+02
   4.6000000e+00   1.6405462e+02
   4.6100000e+00   1.2326847e+02
   4.6200000e+00   3.8227670e+01
   4.6300000e+00  -5.4404701e+01
   4.6400000e+00  -1.0939092e+02
   4.6500000e+00  -1.0954135e+02
   4.6600000e+00  -7.3961172e+01
   4.6700000e+00  -3.2543621e+01
   4.6800000e+00   5.1771701e+00
   4.6900000e+00   4.8416474e+01
   4.7000000e+00   9.2652963e+01
   4.7100000e+00   1.1164249e+02
   4.7200000e+00   8.5943765e+01
   4.7300000e+00   2.2865565e+01
   4.7400000e+00  -4.2056107e+01
   4.7500000e+00  -6.3732544e+01
   4.7600000e+00  -3.2123590e+01
   4.7700000e+00   1.6796863e+01
   4.7800000e+00   5.4602057e+01
   4.7900000e+00   9.0603983e+01
   4.8000000e+00   1.3076858e+02
   4.8100000e+00   1.5002106e+02
   4.8200000e+00   1.2958793e+02
   4.8300000e+00   9.1724344e+01
   4.8400000e+00   7.3077592e+01
   4.8500000e+00   7.9603811e+01
   4.8600000e+00   9.0847080e+01
   4.8700000e+00   9.8994763e+01
   4.8800000e+00   1.1972229e+02
   4.8900000e+00   1.6216491e+02
   4.9000000e+00   2.0650118e+02
   4.9100000e+00   2.2429865e+02
   4.9200000e+00   2.0935940e+02
   4.9300000e+00   1.7713717e+02
   4.9400000e+00   1.4529511e+02
   4.9500000e+00   1.2354121e+02
   4.9600000e+00   1.1593612e+02
   4.9700000e+00   1.2529329e+02
   4.9800000e+00   1.4956266e+02
   4.9900000e+00   1.7495943e+02
   5.0000000e+00   1.7938467e+02
   5.0100000e+00   1.4300061e+02
   5.0200000e+00   6.2522362e+01
   5.0300000e+00  -3.8307320e+01
   5.0400000e+00  -1.2421142e+02
   5.0500000e+00  -1.7265633e+02
   5.0600000e+00  -1.8122514e+02
   5.0700000e+00  -1.6881949e+02
   5.0800000e+00  -1.6210108e+02
   5.0900000e+00  -1.6907397e+02
   5.1000000e+00  -1.7729897e+02
   5.1100000e+00  -1.7237230e+02
   5.1200000e+00  -1.4559752e+02
   5.1300000e+00  -9.2609120e+01
   5.1400000e+00  -2.0165202e+01
   5.1500000e+00   4.3538883e+01
   5.1600000e+00   6.4687322e+01
   5.1700000e+00   4.0703436e+01
   5.1800000e+00   3.9410429e+00
   5.1900000e+00  -1.8178231e+01
   5.2000000e+00  -3.0119894e+01
   5.2100000e+00  -4.9206288e+01
   5.2200000e+00  -7.6679222e+01
   5.2300000e+00  -1.0007868e+02
   5.2400000e+00  -1.1387748e+02
   5.2500000e+00  -1.2785445e+02
   5.2600000e+00  -1.5390400e+02
   5.2700000e+00  -1.8202858e+02
   5.2800000e+00  -1.7852909e+02
   5.2900000e+00  -1.2108573e+02
   5.3000000e+00  -3.1074141e+01
   5.3100000e+00   4.3123220e+01
   5.3200000e+00   7.8579469e+01
   5.3300000e+00   9.2711687e+01
   5.3400000e+00   1.0211911e+02
   5.3500000e+00   1.0373038e+02
   5.3600000e+00   9.7820872e+01
   5.3700000e+00   9.2340246e+01
   5.3800000e+00   8.7974045e+01
   5.3900000e+00   8.2589539e+01
   5.4000000e+00   8.2984834e+01
   5.4100000e+00   9.7154568e+01
   5.4200000e+00   1.2089274e+02
   5.4300000e+00   1.4165545e+02
   5.4400000e+00   1.4994419e+02
   5.4500000e+00   1.3980384e+02
   5.4600000e+00   1.0538215e+02
   5.4700000e+00   4.9825308e+01
   5.4800000e+00  -4.3512109e+00
   5.4900000e+00  -2.9854416e+01
   5.5000000e+00  -2.2481465e+01
   5.5100000e+00  -4.2324773e+00
   5.5200000e+00  -9.2827784e-01
   5.5300000e+00  -2.3944327e+01
   5.5400000e+00  -6.7621231e+01
   5.5500000e+00  -1.1699698e+02
   5.5600000e+00  -1.5990869e+02
   5.5700000e+00  -1.9112310e+02
   5.5800000e+00  -2.0660780e+02
   5.5900000e+00  -2.0374290e+02
   5.6000000e+00  -1.8733923e+02
   5.6100000e+00  -1.6813047e+02
   5.6200000e+00  -1.5564855e+02
   5.6300000e+00  -1.5511152e+02
   5.6400000e+00  -1.6842186e+02
   5.6500000e+00  -1.9372175e+02
   5.6600000e+00  -2.2378762e+02
   5.6700000e+00  -2.4720689e+02
   5.6800000e+00  -2.4847976e+02
   5.6900000e+00  -2.0930366e+02
   5.7000000e+00  -1.2726794e+02
   5.7100000e+00  -3.3033759e+01
   5.7200000e+00   3.0658738e+01
   5.7300000e+00   4.6882255e+01
   5.7400000e+00   3.6774804e+01
   5.7500000e+00   3.4412417e+01
   5.7600000e+00   4.6899451e+01
   5.7700000e+00   4.9957837e+01
   5.7800000e+00   2.5908661e+01
   5.7900000e+00  -1.0777856e+01
   5.8000000e+00  -2.9939530e+01
   5.8100000e+00  -1.8640933e+01
   5.8200000e+00   6.9211918e+00
   5.8300000e+00   2.3148123e+01
   5.8400000e+00   2.6470874e+01
   5.8500000e+00   2.9047046e+01
   5.8600000e+00   3.4547781e+01
   5.8700000e+00   3.6426334e+01
   5.8800000e+00   3.5642051e+01
   5.8900000e+00   4.1779969e+01
   5.9000000e+00   5.9100242e+01
   5.9100000e+00   8.4373470e+01
   5.9200000e+00   1.1256576e+02
   5.9300000e+00   1.3418099e+02
   5.9400000e+00   1.3568328e+02
   5.9500000e+00   1.1199861e+02
   5.9600000e+00   7.4369804e+01
   5.9700000e+00   4.3311582e+01
   5.9800000e+00   3.5713838e+01
   5.9900000e+00   5.5729534e+01
   6.0000000e+00   9.3920776e+01
   6.0100000e+00   1.3505427e+02
   6.0200000e+00   1.6873184e+02
   6.0300000e+00   1.9711190e+02
   6.0400000e+00   2.3180743e+02
   6.0500000e+00   2.7706271e+02
   6.0600000e+00   3.2221553e+02
   6.0700000e+00   3.5787297e+02
   6.0800000e+00   3.8776155e+02
   6.0900000e+00   4.1843230e+02
   6.1000000e+00   4.4834033e+02
   6.1100000e+00   4.7058209e+02
   6.1200000e+00   4.8042481e+02
   6.1300000e+00   4.7761079e+02
   6.1400000e+00   4.6332496e+02
   6.1500000e+00   4.4004985e+02
   6.1600000e+00   4.1277064e+02
   6.1700000e+00   3.8011094e+02
   6.1800000e+00   3.2233650e+02
   6.1900000e+00   2.1342892e+02
   6.2000000e+00   6.5870274e+01
   6.2100000e+00  -5.2222053e+01
   6.2200000e+00  -8.9398057e+01
   6.2300000e+00  -8.3390400e+01
   6.2400000e+00  -1.0984447e+02
   6.2500000e+00  -1.8240328e+02
   6.2600000e+00  -2.5000156e+02
   6.2700000e+00  -2.7319423e+02
   6.2800000e+00  -2.6469217e+02
   6.2900000e+00  -2.5644059e+02
   6.3000000e+00  -2.5237029e+02
   6.3100000e+00  -2.3015669e+02
   6.3200000e+00  -1.8270672e+02
   6.3300000e+00  -1.3502550e+02
   6.3400000e+00  -1.0903979e+02
   6.3500000e+00  -9.0240577e+01
   6.3600000e+00  -5.4248472e+01
   6.3700000e+00  -1.3133306e+01
   6.3800000e+00   9.7123044e-02
   6.3900000e+00  -1.7936186e+01
   6.4000000e+00  -4.0394836e+01
   6.4100000e+00  -4.6012605e+01
   6.4200000e+00  -3.1205751e+01
   6.4300000e+00  -5.9721428e+00
   6.4400000e+00   9.4492756e+00
   6.4500000e+00   2.7398141e+00
   6.4600000e+00  -1.5059806e+01
   6.4700000e+00  -2.3162001e+01
   6.4800000e+00  -1.1454679e+01
   6.4900000e+00   1.4657594e+01
   6.5000000e+00   4.0154322e+01
   6.5100000e+00   5.2854901e+01
   6.5200000e+00   5.3432828e+01
   6.5300000e+00   5.0652864e+01
   6.5400000e+00   5.1832587e+01
   6.5500000e+00   6.0923330e+01
   6.5600000e+00   7.4529850e+01
   6.5700000e+00   7.4921713e+01
   6.5800000e+00   3.8218345e+01
   6.5900000e+00  -3.8667511e+01
   6.6000000e+00  -1.2206092e+02
   6.6100000e+00  -1.7136475e+02
   6.6200000e+00  -1.8686203e+02
   6.6300000e+00  -2.0046681e+02
   6.6400000e+00  -2.2104402e+02
   6.6500000e+00  -2.2868891e+02
   6.6600000e+00  -2.1816567e+02
   6.6700000e+00  -2.0664050e+02
   6.6800000e+00  -2.0459463e+02
   6.6900000e+00  -2.0967167e+02
   6.7000000e+00  -2.2341942e+02
   6.7100000e+00  -2.5317333e+02
   6.7200000e+00  -2.9733790e+02
   6.7300000e+00  -3.4343234e+02
   6.7400000e+00  -3.8491361e+02
   6.7500000e+00  -4.2345530e+02
   6.7600000e+00  -4.5111942e+02
   6.7700000e+00  -4.5245100e+02
   6.7800000e+00  -4.2152721e+02
   6.7900000e+00  -3.5912248e+02
   6.8000000e+00  -2.6770084e+02
   6.8100000e+00  -1.5893158e+02
   6.8200000e+00  -5.1105210e+01
   6.8300000e+00   4.0509365e+01
   6.8400000e+00   1.0632378e+02
   6.8500000e+00   1.4909428e+02
   6.8600000e+00   1.8657315e+02
   6.8700000e+00   2.2783564e+02
   6.8800000e+00   2.5444646e+02
   6.8900000e+00   2.4241185e+02
   6.9000000e+00   1.8661171e+02
   6.9100000e+00   1.0254441e+02
   6.9200000e+00   2.7583123e+01
   6.9300000e+00  -2.9878519e+00
   6.9400000e+00  -5.3712019e-01
   6.9500000e+00  -8.8905887e+00
   6.9600000e+00  -4.9190130e+01
   6.9700000e+00  -1.0828035e+02
   6.9800000e+00  -1.5899116e+02
   6.9900000e+00  -1.7916237e+02
   7.0000000e+00  -1.7144370e+02
   7.0100000e+00  -1.5599395e+02
   7.0200000e+00  -1.3448001e+02
   7.0300000e+00  -8.5194115e+01
   7.0400000e+00  -8.2284469e+00
   7.0500000e+00   5.1533920e+01
   7.0600000e+00   5.9072261e+01
   7.0700000e+00   3.7073171e+01
   7.0800000e+00   2.0622312e+01
   7.0900000e+00   5.3370510e+00
   7.1000000e+00  -2.3853491e+01
   7.1100000e+00  -5.5087605e+01
   7.1200000e+00  -7.2991138e+01
   7.1300000e+00  -8.7923846e+01
   7.1400000e+00  -1.1363339e+02
   7.1500000e+00  -1.4019533e+02
   7.1600000e+00  -1.5417683e+02
   7.1700000e+00  -1.6236037e+02
   7.1800000e+00  -1.7434063e+02
   7.1900000e+00  -1.8161386e+02
   7.2000000e+00  -1.6604018e+02
   7.2100000e+00  -1.1622838e+02
   7.2200000e+00  -3.6282278e+01
   7.2300000e+00   5.0942470e+01
   7.2400000e+00   1.1641741e+02
   7.2500000e+00   1.5101330e+02
   7.2600000e+00   1.6237448e+02
   7.2700000e+00   1.3747382e+02
   7.2800000e+00   5.0876492e+01
   7.2900000e+00  -7.2079601e+01
   7.3000000e+00  -1.5776447e+02
   7.3100000e+00  -1.7168490e+02
   7.3200000e+00  -1.4982486e+02
   7.3300000e+00  -1.2982862e+02
   7.3400000e+00  -1.0128000e+02
   7.3500000e+00  -4.2391199e+01
   7.3600000e+00   3.1465389e+01
   7.3700000e+00   8.8232822e+01
   7.3800000e+00   1.2553772e+02
   7.3900000e+00   1.5740607e+02
   7.4000000e+00   1.7891742e+02
   7.4100000e+00   1.8229289e+02
   7.4200000e+00   1.7878597e+02
   7.4300000e+00   1.7566665e+02
   7.4400000e+00   1.5250263e+02
   7.4500000e+00   8.2790229e+01
   7.4600000e+00  -1.6341806e+01
   7.4700000e+00  -8.1249511e+01
   7.4800000e+00  -7.7763379e+01
   7.4900000e+00  -4.6656269e+01
   7.5000000e+00  -3.8635363e+01
   7.5100000e+00  -4.5567841e+01
   7.5200000e+00  -2.5448817e+01
   7.5300000e+00   3.6836565e+01
   7.5400000e+00   1.0985552e+02
   7.5500000e+00   1.4884094e+02
   7.5600000e+00   1.4786539e+02
   7.5700000e+00   1.4297933e+02
   7.5800000e+00   1.5795217e+02
   7.5900000e+00   1.7952111e+02
   7.6000000e+00   1.9467741e+02
   7.6100000e+00   2.1324288e+02
   7.6200000e+00   2.3954362e+02
   7.6300000e+00   2.5617785e+02
   7.6400000e+00   2.4604085e+02
   7.6500000e+00   2.0341214e+02
   7.6600000e+00   1.3158218e+02
   7.6700000e+00   5.4043163e+01
   7.6800000e+00   2.8490433e+00
   7.6900000e+00  -2.3293470e+01
   7.7000000e+00  -5.3278697e+01
   7.7100000e+00  -8.8808625e+01
   7.7200000e+00  -1.0237562e+02
   7.7300000e+00  -8.7986574e+01
   7.7400000e+00  -6.8167966e+01
   7.7500000e+00  -5.7813705e+01
   7.7600000e+00  -4.9083451e+01
   7.7700000e+00  -2.4775290e+01
   7.7800000e+00   2.0043752e+01
   7.7900000e+00   6.8446053e+01
   7.8000000e+00   9.8594321e+01
   7.8100000e+00   1.0355798e+02
   7.8200000e+00   8.9190096e+01
   7.8300000e+00   6.3738455e+01
   7.8400000e+00   3.4478807e+01
   7.8500000e+00   8.0247845e+00
   7.8600000e+00  -1.1575016e+01
   7.8700000e+00  -2.4845222e+01
   7.8800000e+00  -3.3440262e+01
   7.8900000e+00  -3.4465864e+01
   7.9000000e+00  -2.0679685e+01
   7.9100000e+00   9.5189890e+00
   7.9200000e+00   4.2117710e+01
   7.9300000e+00   5.7599094e+01
   7.9400000e+00   5.2091298e+01
   7.9500000e+00   3.6682657e+01
   7.9600000e+00   1.8504796e+01
   7.9700000e+00  -4.7600666e+00
   7.9800000e+00  -3.5585852e+01
   7.9900000e+00  -7.2006083e+01
   8.0000000e+00  -1.0777429e+02
   8.0100000e+00  -1.3389249e+02
   8.0200000e+00  -1.4593161e+02
   8.0300000e+00  -1.4806483e+02
   8.0400000e+00  -1.4634487e+02
   8.0500000e+00  -1.4086217e+02
   8.0600000e+00  -1.2632834e+02
   8.0700000e+00  -1.0104659e+02
   8.0800000e+00  -7.1641459e+01
   8.0900000e+00  -4.4381068e+01
   8.1000000e+00  -1.7462182e+01
   8.1100000e+00   1.3602888e+01
   8.1200000e+00   4.7794836e+01
   8.1300000e+00   8.0240753e+01
   8.1400000e+00   1.1029930e+02
   8.1500000e+00   1.3852669e+02
   8.1600000e+00   1.5538266e+02
   8.1700000e+00   1.4804502e+02
   8.1800000e+00   1.1737350e+02
   8.1900000e+00   7.8172944e+01
   8.2000000e+00   4.8873947e+01
   8.2100000e+00   3.9666639e+01
   8.2200000e+00   4.3566531e+01
   8.2300000e+00   4.6148295e+01
   8.2400000e+00   4.2837651e+01
   8.2500000e+00   3.7214568e+01
   8.2600000e+00   3.0958812e+01
   8.2700000e+00   2.5416244e+01
   8.2800000e+00   2.3828701e+01
   8.2900000e+00   2.5599160e+01
   8.3000000e+00   2.5325305e+01
   8.3100000e+00   1.7628156e+01
   8.3200000e+00  -1.5297925e+00
   8.3300000e+00  -3.1231976e+01
   8.3400000e+00  -6.0281443e+01
   8.3500000e+00  -7.6406410e+01
   8.3600000e+00  -8.0396479e+01
   8.3700000e+00  -8.0527359e+01
   8.3800000e+00  -7.7748276e+01
   8.3900000e+00  -6.5724701e+01
   8.4000000e+00  -4.2188021e+01
   8.4100000e+00  -1.3649222e+01
   8.4200000e+00   9.7638738e+00
   8.4300000e+00   2.0508724e+01
   8.4400000e+00   1.9440805e+01
   8.4500000e+00   1.6663169e+01
   8.4600000e+00   1.9507247e+01
   8.4700000e+00   2.3985638e+01
   8.4800000e+00   2.5958677e+01
   8.4900000e+00   3.1905575e+01
   8.5000000e+00   5.0262937e+01
   8.5100000e+00   8.0719986e+01
   8.5200000e+00   1.1600526e+02
   8.5300000e+00   1.4524585e+02
   8.5400000e+00   1.5708623e+02
   8.5500000e+00   1.4752966e+02
   8.5600000e+00   1.2417320e+02
   8.5700000e+00   1.0263871e+02
   8.5800000e+00   9.7320018e+01
   8.5900000e+00   1.0970809e+02
   8.6000000e+00   1.2732698e+02
   8.6100000e+00   1.3842508e+02
   8.6200000e+00   1.4331483e+02
   8.6300000e+00   1.4769637e+02
   8.6400000e+00   1.5195520e+02
   8.6500000e+00   1.5275419e+02
   8.6600000e+00   1.5001595e+02
   8.6700000e+00   1.4680086e+02
   8.6800000e+00   1.4389488e+02
   8.6900000e+00   1.3668574e+02
   8.7000000e+00   1.1538721e+02
   8.7100000e+00   7.1482221e+01
   8.7200000e+00   1.2761287e+01
   8.7300000e+00  -3.5982634e+01
   8.7400000e+00  -5.9585988e+01
   8.7500000e+00  -6.6619455e+01
   8.7600000e+00  -7.0579140e+01
   8.7700000e+00  -7.5241550e+01
   8.7800000e+00  -8.1209453e+01
   8.7900000e+00  -9.3029860e+01
   8.8000000e+00  -1.1592795e+02
   8.8100000e+00  -1.4664384e+02
   8.8200000e+00  -1.7016763e+02
   8.8300000e+00  -1.7241050e+02
   8.8400000e+00  -1.5500282e+02
   8.8500000e+00  -1.3258167e+02
   8.8600000e+00  -1.1898099e+02
   8.8700000e+00  -1.1858125e+02
   8.8800000e+00  -1.2822524e+02
   8.8900000e+00  -1.4444972e+02
   8.9000000e+00  -1.6550216e+02
   8.9100000e+00  -1.8814179e+02
   8.9200000e+00  -2.1015160e+02
   8.9300000e+00  -2.3377378e+02
   8.9400000e+00  -2.5760270e+02
   8.9500000e+00  -2.7231844e+02
   8.9600000e+00  -2.7366758e+02
   8.9700000e+00  -2.6858473e+02
   8.9800000e+00  -2.5800244e+02
   8.9900000e+00  -2.1798956e+02
   9.0000000e+00  -1.1735057e+02
   9.0100000e+00   2.7911822e+01
   9.0200000e+00   1.4493311e+02
   9.0300000e+00   1.8401084e+02
   9.0400000e+00   1.7483344e+02
   9.0500000e+00   1.6797025e+02
   9.0600000e+00   1.6647521e+02
   9.0700000e+00   1.4989692e+02
   9.0800000e+00   1.2037778e+02
   9.0900000e+00   9.4131225e+01
   9.1000000e+00   7.5013673e+01
   9.1100000e+00   5.5690770e+01
   9.1200000e+00   3.2769663e+01
   9.1300000e+00   9.6244193e+00
   9.1400000e+00  -1.1371312e+01
   9.1500000e+00  -3.1608409e+01
   9.1600000e+00  -5.2634585e+01
   9.1700000e+00  -7.4010736e+01
   9.1800000e+00  -9.1810339e+01
   9.1900000e+00  -9.6545715e+01
   9.2000000e+00  -7.8061540e+01
   9.2100000e+00  -3.6725047e+01
   9.2200000e+00   1.1320536e+01
   9.2300000e+00   4.1605083e+01
   9.2400000e+00   3.6848821e+01
   9.2500000e+00  -3.3133882e+00
   9.2600000e+00  -6.3219406e+01
   9.2700000e+00  -1.1960406e+02
   9.2800000e+00  -1.5922868e+02
   9.2900000e+00  -1.8649843e+02
   9.3000000e+00  -2.0913885e+02
   9.3100000e+00  -2.2997214e+02
   9.3200000e+00  -2.5160316e+02
   9.3300000e+00  -2.7519775e+02
   9.3400000e+00  -2.9671710e+02
   9.3500000e+00  -3.0744812e+02
   9.3600000e+00  -2.9396867e+02
   9.3700000e+00  -2.3939215e+02
   9.3800000e+00  -1.4174815e+02
   9.3900000e+00  -3.8231178e+01
   9.4000000e+00   2.3284850e+01
   9.4100000e+00   4.6472106e+01
   9.4200000e+00   7.3988293e+01
   9.4300000e+00   1.1857789e+02
   9.4400000e+00   1.5674164e+02
   9.4500000e+00   1.7529080e+02
   9.4600000e+00   1.8420269e+02
   9.4700000e+00   1.9328792e+02
   9.4800000e+00   1.9885470e+02
   9.4900000e+00   1.9185724e+02
   9.5000000e+00   1.6767440e+02
   9.5100000e+00   1.2711817e+02
   9.5200000e+00   7.5641025e+01
   9.5300000e+00   2.3272832e+01
   9.5400000e+00  -1.7900631e+01
   9.5500000e+00  -4.1358260e+01
   9.5600000e+00  -5.2527310e+01
   9.5700000e+00  -6.0044855e+01
   9.5800000e+00  -6.3564774e+01
   9.5900000e+00  -5.9103074e+01
   9.6000000e+00  -4.8590512e+01
   9.6100000e+00  -3.6801639e+01
   9.6200000e+00  -2.5300559e+01
   9.6300000e+00  -1.4098532e+01
   9.6400000e+00  -6.3537822e+00
   9.6500000e+00  -6.0867837e+00
   9.6600000e+00  -1.1850771e+01
   9.6700000e+00  -1.8877456e+01
   9.6800000e+00  -2.6831998e+01
   9.6900000e+00  -3.9552103e+01
   9.7000000e+00  -5.7134704e+01
   9.7100000e+00  -7.3991538e+01
   9.7200000e+00  -8.6132977e+01
   9.7300000e+00  -9.3924909e+01
   9.7400000e+00  -9.7360408e+01
   9.7500000e+00  -9.5837267e+01
   9.7600000e+00  -9.0997178e+01
   9.7700000e+00  -8.3712648e+01
   9.7800000e+00  -6.7827969e+01
   9.7900000e+00  -3.2373680e+01
   9.8000000e+00   2.1097247e+01
   9.8100000e+00   7.0553030e+01
   9.8200000e+00   9.7301404e+01
   9.8300000e+00   1.0612101e+02
   9.8400000e+00   1.1076021e+02
   9.8500000e+00   1.1495415e+02
   9.8600000e+00   1.1522555e+02
   9.8700000e+00   1.1112327e+02
   9.8800000e+00   1.0656595e+02
   9.8900000e+00   1.0403787e+02
   9.9000000e+00   9.9317232e+01
   9.9100000e+00   8.1061487e+01
   9.9200000e+00   4.0166513e+01
   9.9300000e+00  -1.2955669e+01
   9.9400000e+00  -5.0092025e+01
   9.9500000e+00  -5.7194422e+01
   9.9600000e+00  -4.8977501e+01
   9.9700000e+00  -4.1407780e+01
   9.9800000e+00  -3.2289521e+01
   9.9900000e+00  -1.5700521e+01
   1.0000000e+01   6.3214632e+00
   1.0010000e+01   3.1207013e+01
   1.0020000e+01   5.8367739e+01
   1.0030000e+01   8.1758308e+01
   1.0040000e+01   9.3462734e+01
   1.0050000e+01   9.3019086e+01
   1.0060000e+01   8.1251272e+01
   1.0070000e+01   5.2134394e+01
   1.0080000e+01   5.4263969e+00
   1.0090000e+01  -3.8037424e+01
   1.0100000e+01  -5.3358538e+01
   1.0110000e+01  -4.2703618e+01
   1.0120000e+01  -2.7809414e+01
   1.0130000e+01  -1.8200380e+01
   1.0140000e+01  -9.3263015e+00
   1.0150000e+01  -1.1191309e+00
   1.0160000e+01   1.7303941e+00
   1.0170000e+01   1.7857051e+00
   1.0180000e+01   7.9718547e+00
   1.0190000e+01   2.2988956e+01
   1.0200000e+01   3.8246916e+01
   1.0210000e+01   4.3183681e+01
   1.0220000e+01   3.5674190e+01
   1.0230000e+01   2.0208616e+01
   1.0240000e+01   1.2142845e-01
   1.0250000e+01  -2.2306121e+01
   1.0260000e+01  -4.1923513e+01
   1.0270000e+01  -5.3660565e+01
   1.0280000e+01  -5.5840320e+01
   1.0290000e+01  -4.7070700e+01
   1.0300000e+01  -2.5559825e+01
   1.0310000e+01   4.4325756e+00
   1.0320000e+01   3.2267042e+01
   1.0330000e+01   5.4260208e+01
   1.0340000e+01   7.7295970e+01
   1.0350000e+01   1.0232044e+02
   1.0360000e+01   1.2149565e+02
   1.0370000e+01   1.3384372e+02
   1.0380000e+01   1.4424069e+02
   1.0390000e+01   1.5180854e+02
   1.0400000e+01   1.5337720e+02
   1.0410000e+01   1.5039581e+02
   1.0420000e+01   1.4602018e+02
   1.0430000e+01   1.4132984e+02
   1.0440000e+01   1.3611422e+02
   1.0450000e+01   1.3030052e+02
   1.0460000e+01   1.2376143e+02
   1.0470000e+01   1.1597167e+02
   1.0480000e+01   1.0643692e+02
   1.0490000e+01   9.4238849e+01
   1.0500000e+01   7.7244450e+01
   1.0510000e+01   5.3562852e+01
   1.0520000e+01   2.4337704e+01
   1.0530000e+01  -3.3191643e+00
   1.0540000e+01  -1.7669019e+01
   1.0550000e+01  -1.2625161e+01
   1.0560000e+01   5.1268495e+00
   1.0570000e+01   2.3029391e+01
   1.0580000e+01   3.2301266e+01
   1.0590000e+01   2.9096022e+01
   1.0600000e+01   1.0924031e+01
   1.0610000e+01  -2.2520278e+01
   1.0620000e+01  -6.2665116e+01
   1.0630000e+01  -9.2164795e+01
   1.0640000e+01  -9.8400271e+01
   1.0650000e+01  -8.1273229e+01
   1.0660000e+01  -4.5738327e+01
   1.0670000e+01   2.5489944e-01
   1.0680000e+01   4.2696014e+01
   1.0690000e+01   7.1307799e+01
   1.0700000e+01   8.6849299e+01
   1.0710000e+01   9.3413087e+01
   1.0720000e+01   9.3971129e+01
   1.0730000e+01   9.2374829e+01
   1.0740000e+01   9.1536986e+01
   1.0750000e+01   9.2744833e+01
   1.0760000e+01   9.7933505e+01
   1.0770000e+01   1.0715273e+02
   1.0780000e+01   1.1515127e+02
   1.0790000e+01   1.1532879e+02
   1.0800000e+01   1.0450554e+02
   1.0810000e+01   8.0802964e+01
   1.0820000e+01   4.4368530e+01
   1.0830000e+01   5.8613120e+00
   1.0840000e+01  -1.7602504e+01
   1.0850000e+01  -2.1613514e+01
   1.0860000e+01  -1.7204319e+01
   1.0870000e+01  -1.4311812e+01
   1.0880000e+01  -1.5267315e+01
   1.0890000e+01  -2.0479903e+01
   1.0900000e+01  -2.9994408e+01
   1.0910000e+01  -4.2646979e+01
   1.0920000e+01  -5.7996813e+01
   1.0930000e+01  -7.5822648e+01
   1.0940000e+01  -9.3516707e+01
   1.0950000e+01  -1.0694146e+02
   1.0960000e+01  -1.1351869e+02
   1.0970000e+01  -1.1337838e+02
   1.0980000e+01  -1.0712593e+02
   1.0990000e+01  -9.3316024e+01
   1.1000000e+01  -7.0523251e+01
   1.1010000e+01  -4.2538855e+01
   1.1020000e+01  -1.8473554e+01
   1.1030000e+01  -3.6983965e+00
   1.1040000e+01   6.5677507e+00
   1.1050000e+01   1.9266911e+01
   1.1060000e+01   3.3591714e+01
   1.1070000e+01   4.3160366e+01
   1.1080000e+01   4.3052644e+01
   1.1090000e+01   3.2615134e+01
   1.1100000e+01   1.3479414e+01
   1.1110000e+01  -1.3218413e+01
   1.1120000e+01  -4.4316170e+01
   1.1130000e+01  -7.1727683e+01
   1.1140000e+01  -8.8864205e+01
   1.1150000e+01  -9.6544852e+01
   1.1160000e+01  -9.7575769e+01
   1.1170000e+01  -9.1456868e+01
   1.1180000e+01  -7.7588930e+01
   1.1190000e+01  -5.9500533e+01
   1.1200000e+01  -4.3389180e+01
   1.1210000e+01  -3.2751470e+01
   1.1220000e+01  -2.6617619e+01
   1.1230000e+01  -2.3065675e+01
   1.1240000e+01  -2.1380561e+01
   1.1250000e+01  -2.1383632e+01
   1.1260000e+01  -2.3825526e+01
   1.1270000e+01  -3.0876279e+01
   1.1280000e+01  -4.3359361e+01
   1.1290000e+01  -5.7507055e+01
   1.1300000e+01  -6.7137465e+01
   1.1310000e+01  -6.9153048e+01
   1.1320000e+01  -6.4485649e+01
   1.1330000e+01  -5.4275398e+01
   1.1340000e+01  -3.8400149e+01
   1.1350000e+01  -1.7594799e+01
   1.1360000e+01   6.7835000e+00
   1.1370000e+01   3.4137577e+01
   1.1380000e+01   6.2493055e+01
   1.1390000e+01   8.8828436e+01
   1.1400000e+01   1.1198547e+02
   1.1410000e+01   1.2984510e+02
   1.1420000e+01   1.3849102e+02
   1.1430000e+01   1.3883494e+02
   1.1440000e+01   1.3663231e+02
   1.1450000e+01   1.3468117e+02
   1.1460000e+01   1.3161765e+02
   1.1470000e+01   1.2624261e+02
   1.1480000e+01   1.1724267e+02
   1.1490000e+01   1.0089581e+02
   1.1500000e+01   7.4482767e+01
   1.1510000e+01   4.1539908e+01
   1.1520000e+01   8.9037603e+00
   1.1530000e+01  -2.0480150e+01
   1.1540000e+01  -4.6534845e+01
   1.1550000e+01  -6.6225852e+01
   1.1560000e+01  -7.4701874e+01
   1.1570000e+01  -7.2216300e+01
   1.1580000e+01  -6.6221785e+01
   1.1590000e+01  -6.4679267e+01
   1.1600000e+01  -6.9329221e+01
   1.1610000e+01  -7.6930905e+01
   1.1620000e+01  -8.4299584e+01
   1.1630000e+01  -9.0515168e+01
   1.1640000e+01  -9.6357917e+01
   1.1650000e+01  -1.0293761e+02
   1.1660000e+01  -1.1007750e+02
   1.1670000e+01  -1.1591808e+02
   1.1680000e+01  -1.1772488e+02
   1.1690000e+01  -1.1115099e+02
   1.1700000e+01  -8.9556064e+01
   1.1710000e+01  -5.0435957e+01
   1.1720000e+01  -5.2908186e+00
   1.1730000e+01   2.7067730e+01
   1.1740000e+01   4.2201496e+01
   1.1750000e+01   5.2018133e+01
   1.1760000e+01   6.3984423e+01
   1.1770000e+01   7.4852140e+01
   1.1780000e+01   8.2278000e+01
   1.1790000e+01   8.7512263e+01
   1.1800000e+01   9.0146954e+01
   1.1810000e+01   8.9047628e+01
   1.1820000e+01   8.5085626e+01
   1.1830000e+01   7.9223535e+01
   1.1840000e+01   6.9992196e+01
   1.1850000e+01   5.3973133e+01
   1.1860000e+01   2.8493845e+01
   1.1870000e+01  -4.1641812e+00
   1.1880000e+01  -3.4805882e+01
   1.1890000e+01  -5.3498328e+01
   1.1900000e+01  -5.8420745e+01
   1.1910000e+01  -5.5293156e+01
   1.1920000e+01  -4.9414687e+01
   1.1930000e+01  -4.2335182e+01
   1.1940000e+01  -3.4826223e+01
   1.1950000e+01  -2.8797688e+01
   1.1960000e+01  -2.5885587e+01
   1.1970000e+01  -2.6301279e+01
   1.1980000e+01  -2.9947588e+01
   1.1990000e+01  -3.7310950e+01
   1.2000000e+01  -4.8385941e+01
   1.2010000e+01  -6.1592122e+01
   1.2020000e+01  -7.4024261e+01
   1.2030000e+01  -8.3265977e+01
   1.2040000e+01  -8.8654099e+01
   1.2050000e+01  -8.9414851e+01
   1.2060000e+01  -8.2779731e+01
   1.2070000e+01  -6.5038119e+01
   1.2080000e+01  -3.5202744e+01
   1.2090000e+01   4.6352462e-01
   1.2100000e+01   2.9109377e+01
   1.2110000e+01   4.0750849e+01
   1.2120000e+01   3.7646989e+01
   1.2130000e+01   3.0166667e+01
   1.2140000e+01   2.4394694e+01
   1.2150000e+01   2.0125357e+01
   1.2160000e+01   1.7968152e+01
   1.2170000e+01   2.0180582e+01
   1.2180000e+01   2.5661890e+01
   1.2190000e+01   2.9510833e+01
   1.2200000e+01   2.7222957e+01
   1.2210000e+01   1.7046408e+01
   1.2220000e+01  -2.2907164e-02
   1.2230000e+01  -1.9594951e+01
   1.2240000e+01  -3.4707787e+01
   1.2250000e+01  -4.0860658e+01
   1.2260000e+01  -3.8645806e+01
   1.2270000e+01  -2.9591101e+01
   1.2280000e+01  -1.4029873e+01
   1.2290000e+01   5.1437330e+00
   1.2300000e+01   2.0931079e+01
   1.2310000e+01   2.6722585e+01
   1.2320000e+01   2.1405110e+01
   1.2330000e+01   8.8802726e+00
   1.2340000e+01  -5.4982900e+00
   1.2350000e+01  -1.6184164e+01
   1.2360000e+01  -1.9223588e+01
   1.2370000e+01  -1.5306479e+01
   1.2380000e+01  -8.2691959e+00
   1.2390000e+01  -4.3074636e-01
   1.2400000e+01   7.8325463e+00
   1.2410000e+01   1.4849363e+01
   1.2420000e+01   1.7787008e+01
   1.2430000e+01   1.5783572e+01
   1.2440000e+01   1.0488256e+01
   1.2450000e+01   4.5539891e+00
   1.2460000e+01   6.3181760e-01
   1.2470000e+01   1.1761339e-01
   1.2480000e+01   2.2269897e+00
   1.2490000e+01   5.0174658e+00
   1.2500000e+01   7.4247082e+00
   1.2510000e+01   1.0541776e+01
   1.2520000e+01   1.6689114e+01
   1.2530000e+01   2.6527603e+01
   1.2540000e+01   3.8059773e+01
   1.2550000e+01   4.8731583e+01
   1.2560000e+01   5.6502074e+01
   1.2570000e+01   5.9431922e+01
   1.2580000e+01   5.6137537e+01
   1.2590000e+01   4.4997721e+01
   1.2600000e+01   2.3353360e+01
   1.2610000e+01  -8.0626658e+00
   1.2620000e+01  -4.0603815e+01
   1.2630000e+01  -6.3208088e+01
   1.2640000e+01  -7.2695829e+01
   1.2650000e+01  -7.3582188e+01
   1.2660000e+01  -6.8940822e+01
   1.2670000e+01  -5.8081949e+01
   1.2680000e+01  -4.2602433e+01
   1.2690000e+01  -2.9203137e+01
   1.2700000e+01  -2.4561789e+01
   1.2710000e+01  -2.8408512e+01
   1.2720000e+01  -3.3698557e+01
   1.2730000e+01  -3.3444954e+01
   1.2740000e+01  -2.5066420e+01
   1.2750000e+01  -1.0046242e+01
   1.2760000e+01   6.4143502e+00
   1.2770000e+01   1.8069170e+01
   1.2780000e+01   2.3608549e+01
   1.2790000e+01   2.6040650e+01
   1.2800000e+01   2.5287946e+01
   1.2810000e+01   1.6952756e+01
   1.2820000e+01  -2.3793686e-02
   1.2830000e+01  -1.7835350e+01
   1.2840000e+01  -2.6164087e+01
   1.2850000e+01  -2.3355324e+01
   1.2860000e+01  -1.6469176e+01
   1.2870000e+01  -1.2161874e+01
   1.2880000e+01  -1.2522088e+01
   1.2890000e+01  -1.7711539e+01
   1.2900000e+01  -2.7516320e+01
   1.2910000e+01  -3.9111678e+01
   1.2920000e+01  -4.6644842e+01
   1.2930000e+01  -4.5950660e+01
   1.2940000e+01  -3.7968110e+01
   1.2950000e+01  -2.6817199e+01
   1.2960000e+01  -1.6961084e+01
   1.2970000e+01  -1.1247764e+01
   1.2980000e+01  -9.0008739e+00
   1.2990000e+01  -5.8618479e+00
   1.3000000e+01   2.9705109e+00
   1.3010000e+01   1.7030084e+01
   1.3020000e+01   2.9078010e+01
   1.3030000e+01   3.2360878e+01
   1.3040000e+01   2.7121835e+01
   1.3050000e+01   1.7597884e+01
   1.3060000e+01   6.5195089e+00
   1.3070000e+01  -5.3441612e+00
   1.3080000e+01  -1.7495168e+01
   1.3090000e+01  -2.9517479e+01
   1.3100000e+01  -4.1550382e+01
   1.3110000e+01  -5.3492864e+01
   1.3120000e+01  -6.3444763e+01
   1.3130000e+01  -6.8923135e+01
   1.3140000e+01  -6.9853298e+01
   1.3150000e+01  -6.7674120e+01
   1.3160000e+01  -6.1664957e+01
   1.3170000e+01  -4.8322220e+01
   1.3180000e+01  -2.5933079e+01
   1.3190000e+01  -4.5605055e-01
   1.3200000e+01   1.6991439e+01
   1.3210000e+01   2.1804155e+01
   1.3220000e+01   2.0282973e+01
   1.3230000e+01   1.9215072e+01
   1.3240000e+01   1.7070557e+01
   1.3250000e+01   8.7466516e+00
   1.3260000e+01  -6.3194334e+00
   1.3270000e+01  -2.2809076e+01
   1.3280000e+01  -3.3648411e+01
   1.3290000e+01  -3.6216978e+01
   1.3300000e+01  -3.4081179e+01
   1.3310000e+01  -3.1295555e+01
   1.3320000e+01  -2.8340317e+01
   1.3330000e+01  -2.4344755e+01
   1.3340000e+01  -1.9133982e+01
   1.3350000e+01  -1.2066184e+01
   1.3360000e+01  -1.8697742e+00
   1.3370000e+01   1.0889719e+01
   1.3380000e+01   2.3903581e+01
   1.3390000e+01   3.6816241e+01
   1.3400000e+01   5.0674539e+01
   1.3410000e+01   6.3454449e+01
   1.3420000e+01   7.1480808e+01
   1.3430000e+01   7.4191977e+01
   1.3440000e+01   7.2562339e+01
   1.3450000e+01   6.4426082e+01
   1.3460000e+01   4.5186830e+01
   1.3470000e+01   1.4219626e+01
   1.3480000e+01  -1.9699254e+01
   1.3490000e+01  -4.1941433e+01
   1.3500000e+01  -4.4027509e+01
   1.3510000e+01  -3.0181646e+01
   1.3520000e+01  -9.3928104e+00
   1.3530000e+01   1.3787845e+01
   1.3540000e+01   3.6117611e+01
   1.3550000e+01   5.1630114e+01
   1.3560000e+01   5.7724892e+01
   1.3570000e+01   5.8583212e+01
   1.3580000e+01   5.8708226e+01
   1.3590000e+01   5.8830464e+01
   1.3600000e+01   5.8687931e+01
   1.3610000e+01   5.9051843e+01
   1.3620000e+01   6.0917657e+01
   1.3630000e+01   6.4731959e+01
   1.3640000e+01   7.0151790e+01
   1.3650000e+01   7.6422925e+01
   1.3660000e+01   8.2838067e+01
   1.3670000e+01   8.8188227e+01
   1.3680000e+01   9.1283625e+01
   1.3690000e+01   9.2650011e+01
   1.3700000e+01   9.3672176e+01
   1.3710000e+01   9.4575182e+01
   1.3720000e+01   9.4815765e+01
   1.3730000e+01   9.4032113e+01
   1.3740000e+01   9.1898916e+01
   1.3750000e+01   8.8175809e+01
   1.3760000e+01   8.2749459e+01
   1.3770000e+01   7.4787485e+01
   1.3780000e+01   6.2353820e+01
   1.3790000e+01   4.4585257e+01
   1.3800000e+01   2.3992461e+01
   1.3810000e+01   4.8642706e+00
   1.3820000e+01  -9.3106872e+00
   1.3830000e+01  -1.6594549e+01
   1.3840000e+01  -1.7882035e+01
   1.3850000e+01  -1.6916773e+01
   1.3860000e+01  -1.7118879e+01
   1.3870000e+01  -1.9939418e+01
   1.3880000e+01  -2.5783410e+01
   1.3890000e+01  -3.3477273e+01
   1.3900000e+01  -4.0115383e+01
   1.3910000e+01  -4.3792807e+01
   1.3920000e+01  -4.4430748e+01
   1.3930000e+01  -4.1585416e+01
   1.3940000e+01  -3.4787213e+01
   1.3950000e+01  -2.6284731e+01
   1.3960000e+01  -2.0824460e+01
   1.3970000e+01  -2.1446266e+01
   1.3980000e+01  -2.6006600e+01
   1.3990000e+01  -2.8909972e+01
   1.4000000e+01  -2.5906458e+01
   1.4010000e+01  -1.6088597e+01
   1.4020000e+01  -7.8527659e-01
   1.4030000e+01   1.6882982e+01
   1.4040000e+01   3.1731897e+01
   1.4050000e+01   3.8377033e+01
   1.4060000e+01   3.4416668e+01
   1.4070000e+01   2.0143663e+01
   1.4080000e+01  -2.8296454e+00
   1.4090000e+01  -2.8350706e+01
   1.4100000e+01  -4.5927656e+01
   1.4110000e+01  -4.9733348e+01
   1.4120000e+01  -4.2370425e+01
   1.4130000e+01  -2.7456674e+01
   1.4140000e+01  -6.7688635e+00
   1.4150000e+01   1.3153520e+01
   1.4160000e+01   2.2949958e+01
   1.4170000e+01   2.2543494e+01
   1.4180000e+01   2.0930781e+01
   1.4190000e+01   2.3735348e+01
   1.4200000e+01   2.9423036e+01
   1.4210000e+01   3.4537187e+01
   1.4220000e+01   3.6591781e+01
   1.4230000e+01   3.4504712e+01
   1.4240000e+01   2.9037882e+01
   1.4250000e+01   2.1896202e+01
   1.4260000e+01   1.4144827e+01
   1.4270000e+01   6.1729215e+00
   1.4280000e+01  -1.8931961e+00
   1.4290000e+01  -1.0407781e+01
   1.4300000e+01  -1.9058101e+01
   1.4310000e+01  -2.5640828e+01
   1.4320000e+01  -2.7757683e+01
   1.4330000e+01  -2.4803034e+01
   1.4340000e+01  -1.7370247e+01
   1.4350000e+01  -6.6393516e+00
   1.4360000e+01   4.8327001e+00
   1.4370000e+01   1.3303055e+01
   1.4380000e+01   1.5827999e+01
   1.4390000e+01   1.1962518e+01
   1.4400000e+01   3.1014905e+00
   1.4410000e+01  -8.7787677e+00
   1.4420000e+01  -2.0667351e+01
   1.4430000e+01  -2.8940411e+01
   1.4440000e+01  -3.2090309e+01
   1.4450000e+01  -3.2161573e+01
   1.4460000e+01  -3.2214885e+01
   1.4470000e+01  -3.2672434e+01
   1.4480000e+01  -3.1475137e+01
   1.4490000e+01  -2.6893753e+01
   1.4500000e+01  -1.8178486e+01
   1.4510000e+01  -4.4473662e+00
   1.4520000e+01   1.5101255e+01
   1.4530000e+01   3.9152274e+01
   1.4540000e+01   6.2523645e+01
   1.4550000e+01   7.8581027e+01
   1.4560000e+01   8.4710238e+01
   1.4570000e+01   8.3301757e+01
   1.4580000e+01   7.7042641e+01
   1.4590000e+01   6.6325651e+01
   1.4600000e+01   5.2170312e+01
   1.4610000e+01   3.7748068e+01
   1.4620000e+01   2.4250340e+01
   1.4630000e+01   9.4905178e+00
   1.4640000e+01  -7.1350228e+00
   1.4650000e+01  -2.3495796e+01
   1.4660000e+01  -3.8529222e+01
   1.4670000e+01  -5.2186272e+01
   1.4680000e+01  -6.2992952e+01
   1.4690000e+01  -6.8535099e+01
   1.4700000e+01  -6.7659075e+01
   1.4710000e+01  -6.1653748e+01
   1.4720000e+01  -5.3080736e+01
   1.4730000e+01  -4.3855431e+01
   1.4740000e+01  -3.5239767e+01
   1.4750000e+01  -2.9062635e+01
   1.4760000e+01  -2.7216114e+01
   1.4770000e+01  -2.8904169e+01
   1.4780000e+01  -3.0553101e+01
   1.4790000e+01  -3.0241765e+01
   1.4800000e+01  -2.9390884e+01
   1.4810000e+01  -2.9380019e+01
   1.4820000e+01  -3.0273556e+01
   1.4830000e+01  -3.3091247e+01
   1.4840000e+01  -4.0007259e+01
   1.4850000e+01  -5.1141028e+01
   1.4860000e+01  -6.2943559e+01
   1.4870000e+01  -7.1674383e+01
   1.4880000e+01  -7.6807102e+01
   1.4890000e+01  -7.9401419e+01
   1.4900000e+01  -7.9692613e+01
   1.4910000e+01  -7.6840330e+01
   1.4920000e+01  -6.8227823e+01
   1.4930000e+01  -5.0213973e+01
   1.4940000e+01  -2.5390834e+01
   1.4950000e+01  -7.2264960e+00
   1.4960000e+01  -6.3436205e+00
   1.4970000e+01  -1.4985998e+01
   1.4980000e+01  -1.7830192e+01
   1.4990000e+01  -1.0795763e+01
   1.5000000e+01   2.1671528e+00
   1.5010000e+01   1.9623853e+01
   1.5020000e+01   3.9483905e+01
   1.5030000e+01   5.4432076e+01
   1.5040000e+01   5.8599476e+01
   1.5050000e+01   5.4214778e+01
   1.5060000e+01   4.8091040e+01
   1.5070000e+01   4.4724293e+01
   1.5080000e+01   4.4139947e+01
   1.5090000e+01   4.3769822e+01
   1.5100000e+01   4.1151172e+01
   1.5110000e+01   3.5135070e+01
   1.5120000e+01   2.4634380e+01
   1.5130000e+01   7.2202340e+00
   1.5140000e+01  -1.9343486e+01
   1.5150000e+01  -5.2108497e+01
   1.5160000e+01  -8.0014312e+01
   1.5170000e+01  -9.1220161e+01
   1.5180000e+01  -8.4288836e+01
   1.5190000e+01  -6.6449952e+01
   1.5200000e+01  -4.2228766e+01
   1.5210000e+01  -1.1791488e+01
   1.5220000e+01   2.0233634e+01
   1.5230000e+01   4.2500428e+01
   1.5240000e+01   4.6102651e+01
   1.5250000e+01   3.3822450e+01
   1.5260000e+01   1.8285221e+01
   1.5270000e+01   1.0081913e+01
   1.5280000e+01   1.0515265e+01
   1.5290000e+01   1.6001421e+01
   1.5300000e+01   2.2963977e+01
   1.5310000e+01   2.7366187e+01
   1.5320000e+01   2.6708086e+01
   1.5330000e+01   2.3759522e+01
   1.5340000e+01   2.3320284e+01
   1.5350000e+01   2.6517946e+01
   1.5360000e+01   3.0762101e+01
   1.5370000e+01   3.2848761e+01
   1.5380000e+01   3.1779200e+01
   1.5390000e+01   2.9480698e+01
   1.5400000e+01   2.8087601e+01
   1.5410000e+01   2.7759458e+01
   1.5420000e+01   2.8286799e+01
   1.5430000e+01   3.0589554e+01
   1.5440000e+01   3.4898100e+01
   1.5450000e+01   3.9292367e+01
   1.5460000e+01   4.1230805e+01
   1.5470000e+01   3.8597278e+01
   1.5480000e+01   2.9333708e+01
   1.5490000e+01   1.3776290e+01
   1.5500000e+01  -2.9727493e+00
   1.5510000e+01  -1.6061301e+01
   1.5520000e+01  -2.6146988e+01
   1.5530000e+01  -3.4574931e+01
   1.5540000e+01  -3.8736164e+01
   1.5550000e+01  -3.6236667e+01
   1.5560000e+01  -2.7631646e+01
   1.5570000e+01  -1.3482154e+01
   1.5580000e+01   5.0752427e+00
   1.5590000e+01   2.1861917e+01
   1.5600000e+01   2.9350203e+01
   1.5610000e+01   2.8738687e+01
   1.5620000e+01   2.8544138e+01
   1.5630000e+01   3.2324802e+01
   1.5640000e+01   3.5419360e+01
   1.5650000e+01   3.3829381e+01
   1.5660000e+01   2.9400913e+01
   1.5670000e+01   2.5744688e+01
   1.5680000e+01   2.3805992e+01
   1.5690000e+01   2.1753116e+01
   1.5700000e+01   1.6726407e+01
   1.5710000e+01   6.4750823e+00
   1.5720000e+01  -8.8846531e+00
   1.5730000e+01  -2.4762045e+01
   1.5740000e+01  -3.4945707e+01
   1.5750000e+01  -4.0007825e+01
   1.5760000e+01  -4.7216678e+01
   1.5770000e+01  -5.9464165e+01
   1.5780000e+01  -7.1059838e+01
   1.5790000e+01  -7.6138119e+01
   1.5800000e+01  -7.5676981e+01
   1.5810000e+01  -7.3757111e+01
   1.5820000e+01  -7.0574737e+01
   1.5830000e+01  -6.2840295e+01
   1.5840000e+01  -4.8829911e+01
   1.5850000e+01  -3.0423673e+01
   1.5860000e+01  -1.2547793e+01
   1.5870000e+01  -7.5134267e-01
   1.5880000e+01   4.0658582e+00
   1.5890000e+01   6.8173566e+00
   1.5900000e+01   1.1820835e+01
   1.5910000e+01   1.9318634e+01
   1.5920000e+01   2.8917757e+01
   1.5930000e+01   4.0150803e+01
   1.5940000e+01   4.9189367e+01
   1.5950000e+01   5.0263656e+01
   1.5960000e+01   4.0632897e+01
   1.5970000e+01   2.2146882e+01
   1.5980000e+01  -2.4002389e-01
   1.5990000e+01  -1.9214079e+01
   1.6000000e+01  -2.8688145e+01
   1.6010000e+01  -3.0380981e+01
   1.6020000e+01  -3.0768304e+01
   1.6030000e+01  -3.1242406e+01
   1.6040000e+01  -2.8507336e+01
   1.6050000e+01  -2.0472234e+01
   1.6060000e+01  -5.8831612e+00
   1.6070000e+01   1.5070820e+01
   1.6080000e+01   3.5257179e+01
   1.6090000e+01   4.3989826e+01
   1.6100000e+01   4.0009517e+01
   1.6110000e+01   3.2556673e+01
   1.6120000e+01   2.7973499e+01
   1.6130000e+01   2.4255147e+01
   1.6140000e+01   1.8901072e+01
   1.6150000e+01   1.3581675e+01
   1.6160000e+01   9.8697493e+00
   1.6170000e+01   6.5334733e+00
   1.6180000e+01   2.7311779e+00
   1.6190000e+01   3.6685390e-01
   1.6200000e+01   1.8749474e+00
   1.6210000e+01   7.0597009e+00
   1.6220000e+01   1.3619510e+01
   1.6230000e+01   2.0120116e+01
   1.6240000e+01   2.6659690e+01
   1.6250000e+01   3.3293238e+01
   1.6260000e+01   3.8394286e+01
   1.6270000e+01   3.7416762e+01
   1.6280000e+01   2.6120421e+01
   1.6290000e+01   8.0878597e+00
   1.6300000e+01  -6.1475888e+00
   1.6310000e+01  -1.0574490e+01
   1.6320000e+01  -9.2519247e+00
   1.6330000e+01  -9.6932773e+00
   1.6340000e+01  -1.4697063e+01
   1.6350000e+01  -2.1230319e+01
   1.6360000e+01  -2.5455830e+01
   1.6370000e+01  -2.6742734e+01
   1.6380000e+01  -2.6531792e+01
   1.6390000e+01  -2.6002616e+01
   1.6400000e+01  -2.5827558e+01
   1.6410000e+01  -2.5915098e+01
   1.6420000e+01  -2.5009329e+01
   1.6430000e+01  -2.2290842e+01
   1.6440000e+01  -1.8366844e+01
   1.6450000e+01  -1.3355155e+01
   1.6460000e+01  -6.6894218e+00
   1.6470000e+01   3.1473215e-01
   1.6480000e+01   5.2008125e+00
   1.6490000e+01   7.8125112e+00
   1.6500000e+01   1.0276516e+01
   1.6510000e+01   1.4238341e+01
   1.6520000e+01   2.0267154e+01
   1.6530000e+01   2.8909901e+01
   1.6540000e+01   3.9092874e+01
   1.6550000e+01   4.6670002e+01
   1.6560000e+01   4.8510065e+01
   1.6570000e+01   4.5694244e+01
   1.6580000e+01   3.9538960e+01
   1.6590000e+01   2.8137169e+01
   1.6600000e+01   9.1588982e+00
   1.6610000e+01  -1.4607580e+01
   1.6620000e+01  -3.3091204e+01
   1.6630000e+01  -3.7498723e+01
   1.6640000e+01  -3.1340849e+01
   1.6650000e+01  -2.4864620e+01
   1.6660000e+01  -2.1679196e+01
   1.6670000e+01  -1.9534661e+01
   1.6680000e+01  -1.8492183e+01
   1.6690000e+01  -2.0195907e+01
   1.6700000e+01  -2.3292072e+01
   1.6710000e+01  -2.5206018e+01
   1.6720000e+01  -2.6031314e+01
   1.6730000e+01  -2.7604389e+01
   1.6740000e+01  -3.0966440e+01
   1.6750000e+01  -3.6376553e+01
   1.6760000e+01  -4.3114946e+01
   1.6770000e+01  -4.8367951e+01
   1.6780000e+01  -4.9005151e+01
   1.6790000e+01  -4.3857520e+01
   1.6800000e+01  -3.2063988e+01
   1.6810000e+01  -1.2965436e+01
   1.6820000e+01   8.9935398e+00
   1.6830000e+01   2.4899833e+01
   1.6840000e+01   3.1375060e+01
   1.6850000e+01   3.4673517e+01
   1.6860000e+01   4.1840577e+01
   1.6870000e+01   5.2928854e+01
   1.6880000e+01   6.3670419e+01
   1.6890000e+01   7.1068677e+01
   1.6900000e+01   7.3562122e+01
   1.6910000e+01   6.8296067e+01
   1.6920000e+01   5.1935711e+01
   1.6930000e+01   2.6052651e+01
   1.6940000e+01   8.1764326e-01
   1.6950000e+01  -1.2671218e+01
   1.6960000e+01  -1.5455550e+01
   1.6970000e+01  -1.8344920e+01
   1.6980000e+01  -2.6868308e+01
   1.6990000e+01  -3.7004485e+01
   1.7000000e+01  -4.3675168e+01
   1.7010000e+01  -4.6443511e+01
   1.7020000e+01  -4.7916415e+01
   1.7030000e+01  -5.0585107e+01
   1.7040000e+01  -5.5360741e+01
   1.7050000e+01  -6.1283666e+01
   1.7060000e+01  -6.5983816e+01
   1.7070000e+01  -6.7041092e+01
   1.7080000e+01  -6.3417395e+01
   1.7090000e+01  -5.5371706e+01
   1.7100000e+01  -4.3049630e+01
   1.7110000e+01  -2.6390993e+01
   1.7120000e+01  -7.4450381e+00
   1.7130000e+01   9.2366788e+00
   1.7140000e+01   2.1131004e+01
   1.7150000e+01   2.9743211e+01
   1.7160000e+01   3.5675852e+01
   1.7170000e+01   3.6795203e+01
   1.7180000e+01   3.3198541e+01
   1.7190000e+01   2.8666411e+01
   1.7200000e+01   2.6066469e+01
   1.7210000e+01   2.5140057e+01
   1.7220000e+01   2.4871390e+01
   1.7230000e+01   2.5102756e+01
   1.7240000e+01   2.5727212e+01
   1.7250000e+01   2.5968213e+01
   1.7260000e+01   2.5206156e+01
   1.7270000e+01   2.4246255e+01
   1.7280000e+01   2.4681672e+01
   1.7290000e+01   2.6936404e+01
   1.7300000e+01   3.0115660e+01
   1.7310000e+01   3.3585008e+01
   1.7320000e+01   3.6963471e+01
   1.7330000e+01   3.8883369e+01
   1.7340000e+01   3.7976955e+01
   1.7350000e+01   3.4801070e+01
   1.7360000e+01   3.1325619e+01
   1.7370000e+01   2.9049516e+01
   1.7380000e+01   2.8232263e+01
   1.7390000e+01   2.8306787e+01
   1.7400000e+01   2.8431972e+01
   1.7410000e+01   2.7739431e+01
   1.7420000e+01   2.5632779e+01
   1.7430000e+01   2.2429389e+01
   1.7440000e+01   1.9464244e+01
   1.7450000e+01   1.8364724e+01
   1.7460000e+01   2.0255452e+01
   1.7470000e+01   2.4573989e+01
   1.7480000e+01   2.8432954e+01
   1.7490000e+01   2.8846327e+01
   1.7500000e+01   2.5596070e+01
   1.7510000e+01   2.0251129e+01
   1.7520000e+01   1.3348964e+01
   1.7530000e+01   4.9441599e+00
   1.7540000e+01  -3.2406545e+00
   1.7550000e+01  -9.2287074e+00
   1.7560000e+01  -1.3398222e+01
   1.7570000e+01  -1.6925290e+01
   1.7580000e+01  -1.9296884e+01
   1.7590000e+01  -1.9622676e+01
   1.7600000e+01  -1.8168037e+01
   1.7610000e+01  -1.5262856e+01
   1.7620000e+01  -1.0507247e+01
   1.7630000e+01  -4.1617912e+00
   1.7640000e+01   1.7011173e+00
   1.7650000e+01   5.4701763e+00
   1.7660000e+01   8.4081732e+00
   1.7670000e+01   1.2887432e+01
   1.7680000e+01   1.9645201e+01
   1.7690000e+01   2.6828792e+01
   1.7700000e+01   3.0983129e+01
   1.7710000e+01   3.0377589e+01
   1.7720000e+01   2.6630452e+01
   1.7730000e+01   2.1935659e+01
   1.7740000e+01   1.6968624e+01
   1.7750000e+01   1.2602476e+01
   1.7760000e+01   1.0442868e+01
   1.7770000e+01   9.5304262e+00
   1.7780000e+01   5.7546698e+00
   1.7790000e+01  -3.0498234e+00
   1.7800000e+01  -1.4219889e+01
   1.7810000e+01  -2.3711402e+01
   1.7820000e+01  -2.9734129e+01
   1.7830000e+01  -3.2468221e+01
   1.7840000e+01  -3.2641244e+01
   1.7850000e+01  -3.1424317e+01
   1.7860000e+01  -3.0166754e+01
   1.7870000e+01  -2.8835690e+01
   1.7880000e+01  -2.5846044e+01
   1.7890000e+01  -2.0334536e+01
   1.7900000e+01  -1.3444858e+01
   1.7910000e+01  -7.2499820e+00
   1.7920000e+01  -2.4131927e+00
   1.7930000e+01   3.3568023e+00
   1.7940000e+01   1.2260477e+01
   1.7950000e+01   2.2276137e+01
   1.7960000e+01   2.9192481e+01
   1.7970000e+01   3.0760423e+01
   1.7980000e+01   2.6600909e+01
   1.7990000e+01   1.6945167e+01
   1.8000000e+01   4.0847842e+00
   1.8010000e+01  -7.4846767e+00
   1.8020000e+01  -1.5583505e+01
   1.8030000e+01  -2.1870487e+01
   1.8040000e+01  -2.6823129e+01
   1.8050000e+01  -2.7918151e+01
   1.8060000e+01  -2.3396780e+01
   1.8070000e+01  -1.3979583e+01
   1.8080000e+01  -2.2244019e+00
   1.8090000e+01   7.9798105e+00
   1.8100000e+01   1.4272076e+01
   1.8110000e+01   1.8618451e+01
   1.8120000e+01   2.4329242e+01
   1.8130000e+01   3.1030533e+01
   1.8140000e+01   3.5272200e+01
   1.8150000e+01   3.5217820e+01
   1.8160000e+01   3.2285020e+01
   1.8170000e+01   2.8710334e+01
   1.8180000e+01   2.5660144e+01
   1.8190000e+01   2.3598950e+01
   1.8200000e+01   2.2661959e+01
   1.8210000e+01   2.2258490e+01
   1.8220000e+01   2.1543085e+01
   1.8230000e+01   2.0431370e+01
   1.8240000e+01   1.9197103e+01
   1.8250000e+01   1.7567522e+01
   1.8260000e+01   1.5035214e+01
   1.8270000e+01   1.1013443e+01
   1.8280000e+01   4.0459024e+00
   1.8290000e+01  -7.4335812e+00
   1.8300000e+01  -2.2709243e+01
   1.8310000e+01  -3.8434216e+01
   1.8320000e+01  -5.0589539e+01
   1.8330000e+01  -5.6394667e+01
   1.8340000e+01  -5.5424844e+01
   1.8350000e+01  -4.8852015e+01
   1.8360000e+01  -3.7620276e+01
   1.8370000e+01  -2.2644877e+01
   1.8380000e+01  -6.6912437e+00
   1.8390000e+01   5.5085728e+00
   1.8400000e+01   1.0671894e+01
   1.8410000e+01   9.8970059e+00
   1.8420000e+01   6.1686438e+00
   1.8430000e+01   7.8303481e-01
   1.8440000e+01  -5.6149339e+00
   1.8450000e+01  -1.1312545e+01
   1.8460000e+01  -1.4962368e+01
   1.8470000e+01  -1.7022259e+01
   1.8480000e+01  -1.8794750e+01
   1.8490000e+01  -2.0972746e+01
   1.8500000e+01  -2.3646803e+01
   1.8510000e+01  -2.7172216e+01
   1.8520000e+01  -3.2090061e+01
   1.8530000e+01  -3.7772608e+01
   1.8540000e+01  -4.2148747e+01
   1.8550000e+01  -4.3531851e+01
   1.8560000e+01  -4.1768601e+01
   1.8570000e+01  -3.7347246e+01
   1.8580000e+01  -3.0591564e+01
   1.8590000e+01  -2.2339138e+01
   1.8600000e+01  -1.4293791e+01
   1.8610000e+01  -7.8632741e+00
   1.8620000e+01  -3.7146073e+00
   1.8630000e+01  -2.0166741e+00
   1.8640000e+01  -1.6418130e+00
   1.8650000e+01  -5.8324440e-01
   1.8660000e+01   1.6763075e+00
   1.8670000e+01   3.5956784e+00
   1.8680000e+01   3.7738291e+00
   1.8690000e+01   2.6463137e+00
   1.8700000e+01   1.6682026e+00
   1.8710000e+01   1.5572286e+00
   1.8720000e+01   1.8557697e+00
   1.8730000e+01   1.7305643e+00
   1.8740000e+01   6.0207993e-01
   1.8750000e+01  -1.9159774e+00
   1.8760000e+01  -5.9759077e+00
   1.8770000e+01  -1.1090623e+01
   1.8780000e+01  -1.6424317e+01
   1.8790000e+01  -2.1316881e+01
   1.8800000e+01  -2.4923654e+01
   1.8810000e+01  -2.6312565e+01
   1.8820000e+01  -2.5541248e+01
   1.8830000e+01  -2.3731196e+01
   1.8840000e+01  -2.1950770e+01
   1.8850000e+01  -2.0645388e+01
   1.8860000e+01  -1.9790334e+01
   1.8870000e+01  -1.8795531e+01
   1.8880000e+01  -1.6628529e+01
   1.8890000e+01  -1.3063054e+01
   1.8900000e+01  -9.2803504e+00
   1.8910000e+01  -6.4855841e+00
   1.8920000e+01  -4.8046576e+00
   1.8930000e+01  -3.5891318e+00
   1.8940000e+01  -2.3425312e+00
   1.8950000e+01  -2.0088387e+00
   1.8960000e+01  -5.0111213e+00
   1.8970000e+01  -1.2486089e+01
   1.8980000e+01  -2.1346351e+01
   1.8990000e+01  -2.6230873e+01
   1.9000000e+01  -2.4909511e+01
   1.9010000e+01  -1.8955940e+01
   1.9020000e+01  -9.7106331e+00
   1.9030000e+01   1.8550806e+00
   1.9040000e+01   1.2035807e+01
   1.9050000e+01   1.6682728e+01
   1.9060000e+01   1.6577050e+01
   1.9070000e+01   1.5742823e+01
   1.9080000e+01   1.5397077e+01
   1.9090000e+01   1.3985160e+01
   1.9100000e+01   1.1374980e+01
   1.9110000e+01   9.1334293e+00
   1.9120000e+01   7.8492959e+00
   1.9130000e+01   6.4114922e+00
   1.9140000e+01   3.3271227e+00
   1.9150000e+01  -1.9045955e+00
   1.9160000e+01  -8.2103928e+00
   1.9170000e+01  -1.3825748e+01
   1.9180000e+01  -1.7917488e+01
   1.9190000e+01  -2.0619231e+01
   1.9200000e+01  -2.1686812e+01
   1.9210000e+01  -2.0482918e+01
   1.9220000e+01  -1.7129448e+01
   1.9230000e+01  -1.2514173e+01
   1.9240000e+01  -7.4767374e+00
   1.9250000e+01  -2.6471512e+00
   1.9260000e+01   1.1558098e+00
   1.9270000e+01   2.9711230e+00
   1.9280000e+01   2.6420369e+00
   1.9290000e+01   1.2025795e+00
   1.9300000e+01  -2.1748109e-01
   1.9310000e+01  -1.2027189e+00
   1.9320000e+01  -1.7357575e+00
   1.9330000e+01  -1.9860829e+00
   1.9340000e+01  -2.3910549e+00
   1.9350000e+01  -3.3017865e+00
   1.9360000e+01  -4.5376970e+00
   1.9370000e+01  -5.5921648e+00
   1.9380000e+01  -6.1960380e+00
   1.9390000e+01  -6.4631570e+00
   1.9400000e+01  -6.5847905e+00
   1.9410000e+01  -6.6158518e+00
   1.9420000e+01  -6.5452471e+00
   1.9430000e+01  -6.3833115e+00
   1.9440000e+01  -6.1519901e+00
   1.9450000e+01  -5.8834233e+00
   1.9460000e+01  -5.5943232e+00
   1.9470000e+01  -5.2371424e+00
   1.9480000e+01  -4.7527125e+00
   1.9490000e+01  -4.1602428e+00
   1.9500000e+01  -3.5559858e+00
   1.9510000e+01  -3.0329146e+00
   1.9520000e+01  -2.5852867e+00
   1.9530000e+01  -2.1168304e+00
   1.9540000e+01  -1.5808164e+00
   1.9550000e+01  -1.0766809e+00
   1.9560000e+01  -7.7097939e-01
   1.9570000e+01  -7.2138653e-01
   1.9580000e+01  -8.1569686e-01
   1.9590000e+01  -9.0513114e-01
   1.9600000e+01  -9.3408044e-01
   1.9610000e+01  -9.1817074e-01
   1.9620000e+01  -8.8283447e-01
   1.9630000e+01  -8.5263844e-01
   1.9640000e+01  -8.4351924e-01
   1.9650000e+01  -8.5230654e-01
   1.9660000e+01  -8.6755035e-01
   1.9670000e+01  -8.7952306e-01
   1.9680000e+01  -8.8259297e-01
   1.9690000e+01  -8.7922396e-01
   1.9700000e+01  -8.7668726e-01
   1.9710000e+01  -8.7820209e-01
   1.9720000e+01  -8.8191977e-01
   1.9730000e+01  -8.8637187e-01
   1.9740000e+01  -8.9191053e-01
   1.9750000e+01  -8.9760452e-01
   1.9760000e+01  -9.0112487e-01
   1.9770000e+01  -9.0072834e-01
   1.9780000e+01  -8.9433907e-01
   1.9790000e+01  -8.7952019e-01
   1.9800000e+01  -8.5694287e-01
   1.9810000e+01  -8.3115170e-01
   1.9820000e+01  -8.0621692e-01
   1.9830000e+01  -7.8274284e-01
   1.9840000e+01  -7.5967512e-01
   1.9850000e+01  -7.3668000e-01
   1.9860000e+01  -7.1400137e-01
   1.9870000e+01  -6.9157191e-01
   1.9880000e+01  -6.6909987e-01
   1.9890000e+01  -6.4649840e-01
   1.9900000e+01  -6.2386615e-01
