   0.0000000e+00   1.5878187e+00
   2.0000000e-02  -7.7132592e-01
   4.0000000e-02  -2.4766849e+00
   6.0000000e-02  -3.2728274e+00
   8.0000000e-02  -4.2581611e+00
   1.0000000e-01  -2.1641762e+00
   1.2000000e-01  -1.3046224e+00
   1.4000000e-01   1.6735729e+00
   1.6000000e-01  -3.5765624e+00
   1.8000000e-01  -5.5768161e+00
   2.0000000e-01   1.4054064e-01
   2.2000000e-01   2.3391054e+00
   2.4000000e-01  -5.5967458e-01
   2.6000000e-01  -2.6575208e+00
   2.8000000e-01   8.9410269e-01
   3.0000000e-01   2.5269460e+00
   3.2000000e-01  -1.4795617e+00
   3.4000000e-01  -3.2534310e+00
   3.6000000e-01   4.2713172e+00
   3.8000000e-01   5.5874473e+00
   4.0000000e-01  -2.6463477e+00
   4.2000000e-01  -1.0264160e+01
   4.4000000e-01  -1.1121923e+01
   4.6000000e-01   1.0594241e+00
   4.8000000e-01  -8.9986542e+00
   5.0000000e-01   1.2300780e+01
   5.2000000e-01   1.3467188e+01
   5.4000000e-01  -2.2118205e+01
   5.6000000e-01  -1.4927886e+01
   5.8000000e-01  -4.3469791e+00
   6.0000000e-01   5.4982335e+01
   6.2000000e-01   2.3755388e+01
   6.4000000e-01  -1.3156302e+01
   6.6000000e-01  -2.4032839e+01
   6.8000000e-01  -2.4720055e+01
   7.0000000e-01   1.3062019e+01
   7.2000000e-01   1.3345743e+01
   7.4000000e-01   1.2486560e+01
   7.6000000e-01  -4.7023511e+00
   7.8000000e-01  -6.4077216e+00
   8.0000000e-01  -4.1735350e+01
   8.2000000e-01  -1.7254435e+01
   8.4000000e-01   7.6279914e+00
   8.6000000e-01   6.6805449e+01
   8.8000000e-01   8.6128925e+01
   9.0000000e-01  -2.7563360e+01
   9.2000000e-01  -9.0937111e+01
   9.4000000e-01  -6.8640573e+01
   9.6000000e-01   3.6612720e+01
   9.8000000e-01   1.2611604e+02
   1.0000000e+00   5.1636000e+01
   1.0200000e+00  -2.0549909e+01
   1.0400000e+00  -6.5791935e+01
   1.0600000e+00  -1.2473175e+02
   1.0800000e+00   4.0018210e+01
   1.1000000e+00   2.8734597e+01
   1.1200000e+00   5.2937750e+01
   1.1400000e+00   4.4021554e+01
   1.1600000e+00  -8.1308324e+01
   1.1800000e+00   4.4868411e+00
   1.2000000e+00  -7.1455284e+01
   1.2200000e+00   3.4370763e+01
   1.2400000e+00   8.0911597e+01
   1.2600000e+00  -5.0908205e+00
   1.2800000e+00   1.2090948e+01
   1.3000000e+00  -5.7142112e+01
   1.3200000e+00  -5.6823223e+01
   1.3400000e+00  -2.7915456e+00
   1.3600000e+00  -5.7091266e+00
   1.3800000e+00   3.9669249e+01
   1.4000000e+00   5.9325538e+01
   1.4200000e+00  -8.0510441e+01
   1.4400000e+00  -5.8543822e+01
   1.4600000e+00   4.6768629e+01
   1.4800000e+00  -1.9437838e+01
   1.5000000e+00   5.0048228e+01
   1.5200000e+00   4.2314571e+01
   1.5400000e+00  -4.0839374e+01
   1.5600000e+00   3.7053788e+01
   1.5800000e+00  -6.6162935e+01
   1.6000000e+00  -4.6557534e+01
   1.6200000e+00   2.2906609e+01
   1.6400000e+00   2.4490834e+01
   1.6600000e+00  -5.1376131e-01
   1.6800000e+00  -2.7877770e+01
   1.7000000e+00  -4.2665891e+01
   1.7200000e+00   3.8570055e+00
   1.7400000e+00   7.3403206e+01
   1.7600000e+00   4.4188663e+01
   1.7800000e+00  -3.4713168e+01
   1.8000000e+00   2.5766036e+01
   1.8200000e+00   5.4298382e+01
   1.8400000e+00  -3.2587445e+01
   1.8600000e+00  -2.7618064e+01
   1.8800000e+00  -2.2485103e+01
   1.9000000e+00  -6.3382883e+00
   1.9200000e+00  -4.2518510e+01
   1.9400000e+00   1.0171963e+02
   1.9600000e+00  -1.1191305e+01
   1.9800000e+00   1.9982358e+01
   2.0000000e+00   2.7283446e+01
   2.0200000e+00  -7.3000884e+01
   2.0400000e+00   1.7812397e+01
   2.0600000e+00   1.2178692e+01
   2.0800000e+00   2.1360092e+00
   2.1000000e+00  -1.6002071e+01
   2.1200000e+00   7.5671882e+01
   2.1400000e+00  -9.6119859e+01
   2.1600000e+00  -6.6566112e+01
   2.1800000e+00   3.9155569e+01
   2.2000000e+00   8.3129579e+01
   2.2200000e+00   6.0831367e+01
   2.2400000e+00  -7.1661112e+01
   2.2600000e+00  -3.4716403e+01
   2.2800000e+00  -7.2661146e+01
   2.3000000e+00   5.6241628e+01
   2.3200000e+00   4.6465841e+01
   2.3400000e+00   4.0764104e+01
   2.3600000e+00   3.9321148e+01
   2.3800000e+00  -3.2795098e+01
   2.4000000e+00  -1.5340411e+01
   2.4200000e+00  -9.1059831e+01
   2.4400000e+00   4.6938557e+01
   2.4600000e+00   3.4782821e+01
   2.4800000e+00   1.4905983e+01
   2.5000000e+00   2.3493855e+01
   2.5200000e+00  -3.0907983e+01
   2.5400000e+00  -4.5813048e+01
   2.5600000e+00   6.2988766e+01
   2.5800000e+00   4.8515904e+01
   2.6000000e+00  -7.6706915e+01
   2.6200000e+00  -5.0809448e+01
   2.6400000e+00  -8.2948838e+01
   2.6600000e+00   1.6842319e+01
   2.6800000e+00   3.6636033e+01
   2.7000000e+00  -1.3217205e+01
   2.7200000e+00   1.0238258e+01
   2.7400000e+00   3.1983852e+01
   2.7600000e+00   3.3759182e+01
   2.7800000e+00   1.0901834e+02
   2.8000000e+00   1.3500284e+01
   2.8200000e+00   5.0227097e+01
   2.8400000e+00   1.2594828e+02
   2.8600000e+00   4.0722540e+01
   2.8800000e+00   4.8106647e+01
   2.9000000e+00   4.8357424e+01
   2.9200000e+00  -8.7841776e+00
   2.9400000e+00  -5.3589270e+01
   2.9600000e+00  -1.5141731e+01
   2.9800000e+00  -3.2460610e+01
   3.0000000e+00   2.4424148e+01
   3.0200000e+00  -1.2025687e+01
   3.0400000e+00   7.8273024e+01
   3.0600000e+00   8.4134839e+01
   3.0800000e+00   1.0978107e+02
   3.1000000e+00   2.0014187e+02
   3.1200000e+00   1.5910802e+02
   3.1400000e+00   1.0000248e+02
   3.1600000e+00  -2.8201643e+01
   3.1800000e+00  -3.0848753e+01
   3.2000000e+00  -1.0197887e+02
   3.2200000e+00  -2.1454662e+00
   3.2400000e+00   4.8633649e+01
   3.2600000e+00  -3.6858564e+01
   3.2800000e+00  -1.0442924e+02
   3.3000000e+00  -1.6024974e+02
   3.3200000e+00  -2.3153315e+02
   3.3400000e+00  -2.0709522e+02
   3.3600000e+00  -2.8133982e+00
   3.3800000e+00   2.0057657e+00
   3.4000000e+00  -1.4440950e+02
   3.4200000e+00  -2.1585653e+02
   3.4400000e+00  -2.3633309e+02
   3.4600000e+00  -3.7684878e+02
   3.4800000e+00  -3.6892257e+02
   3.5000000e+00  -1.3116662e+02
   3.5200000e+00   4.9685428e+01
   3.5400000e+00  -1.5531686e+02
   3.5600000e+00  -3.7714770e+02
   3.5800000e+00  -8.3682044e+01
   3.6000000e+00   1.5217191e+02
   3.6200000e+00   3.1628045e+02
   3.6400000e+00   5.1733178e+02
   3.6600000e+00   5.4501975e+02
   3.6800000e+00   4.1748487e+02
   3.7000000e+00   3.4780583e+02
   3.7200000e+00   2.8518560e+02
   3.7400000e+00  -3.0041197e+01
   3.7600000e+00  -1.5874566e+02
   3.7800000e+00  -1.8284809e+02
   3.8000000e+00  -1.4455136e+02
   3.8200000e+00  -2.3242305e+02
   3.8400000e+00  -3.2807779e+02
   3.8600000e+00  -2.9481482e+02
   3.8800000e+00  -3.3951011e+02
   3.9000000e+00  -2.0878087e+02
   3.9200000e+00  -3.6790422e+01
   3.9400000e+00   8.3922842e+01
   3.9600000e+00   1.6783901e+02
   3.9800000e+00   2.3263719e+02
   4.0000000e+00   4.0489357e+02
   4.0200000e+00   4.2213099e+02
   4.0400000e+00   1.1349219e+02
   4.0600000e+00   5.0217665e+01
   4.0800000e+00   1.9697254e+02
   4.1000000e+00   2.7442160e+02
   4.1200000e+00   1.3799039e+02
   4.1400000e+00  -1.5870555e+01
   4.1600000e+00  -2.9220074e+02
   4.1800000e+00  -3.4107057e+02
   4.2000000e+00  -8.2121243e+01
   4.2200000e+00  -3.4231357e+02
   4.2400000e+00  -3.6428615e+02
   4.2600000e+00  -2.3792379e+02
   4.2800000e+00   3.0625844e+00
   4.3000000e+00   1.8566470e+02
   4.3200000e+00   2.0783136e+02
   4.3400000e+00   3.8856528e+02
   4.3600000e+00   5.1852338e+02
   4.3800000e+00   4.4662958e+02
   4.4000000e+00   1.1189242e+02
   4.4200000e+00   2.1447797e+02
   4.4400000e+00  -5.2557324e+00
   4.4600000e+00  -3.6026760e+02
   4.4800000e+00  -7.1192016e+02
   4.5000000e+00  -8.0701903e+02
   4.5200000e+00  -4.2973269e+02
   4.5400000e+00  -3.8099826e+02
   4.5600000e+00  -1.6481037e+02
   4.5800000e+00   1.1625609e+02
   4.6000000e+00   2.2533782e+02
   4.6200000e+00   3.4440121e+02
   4.6400000e+00   6.3368280e+02
   4.6600000e+00   7.6264608e+02
   4.6800000e+00   3.2042357e+02
   4.7000000e+00  -7.7380726e+00
   4.7200000e+00   4.4911158e+01
   4.7400000e+00  -8.8426689e+01
   4.7600000e+00  -2.8607651e+02
   4.7800000e+00  -1.0408645e+02
   4.8000000e+00  -4.3799817e+01
   4.8200000e+00  -9.5746443e+01
   4.8400000e+00  -2.7046542e-01
   4.8600000e+00  -1.8239385e+01
   4.8800000e+00  -1.7786549e+02
   4.9000000e+00   5.8006633e+01
   4.9200000e+00   4.9989891e+02
   4.9400000e+00   2.5897222e+02
   4.9600000e+00   4.3959167e+02
   4.9800000e+00   2.1973207e+02
   5.0000000e+00  -5.8369283e+01
   5.0200000e+00  -3.2944852e+01
   5.0400000e+00  -1.9428530e+02
   5.0600000e+00  -1.5239209e+02
   5.0800000e+00  -4.5364664e+02
   5.1000000e+00  -4.5341152e+02
   5.1200000e+00  -9.3667447e+01
   5.1400000e+00  -1.0063962e+02
   5.1600000e+00  -9.7167193e+01
   5.1800000e+00   5.8747568e+01
   5.2000000e+00   1.0531978e+02
   5.2200000e+00   2.2477526e+02
   5.2400000e+00   1.0121827e+02
   5.2600000e+00   4.7705609e+01
   5.2800000e+00  -1.1622378e+02
   5.3000000e+00  -1.3696239e+02
   5.3200000e+00  -4.0561988e+01
   5.3400000e+00   4.3181588e+01
   5.3600000e+00   8.2456701e+00
   5.3800000e+00  -9.8202230e+01
   5.4000000e+00  -1.0268703e+02
   5.4200000e+00  -1.4950250e+02
   5.4400000e+00  -5.7156279e+01
   5.4600000e+00   1.7756376e+02
   5.4800000e+00   2.4735100e+02
   5.5000000e+00   4.8056418e+02
   5.5200000e+00   5.5526027e+02
   5.5400000e+00   1.2081714e+02
   5.5600000e+00  -7.4703078e+01
   5.5800000e+00  -8.9530035e+01
   5.6000000e+00  -2.0060837e+02
   5.6200000e+00  -4.0076408e+02
   5.6400000e+00  -4.3400824e+02
   5.6600000e+00  -3.4925288e+02
   5.6800000e+00  -2.6389983e+02
   5.7000000e+00  -2.2569781e+02
   5.7200000e+00  -9.3411174e+01
   5.7400000e+00  -5.1111460e+00
   5.7600000e+00   4.4160474e+01
   5.7800000e+00  -1.3704790e+02
   5.8000000e+00  -1.4587742e+02
   5.8200000e+00  -1.0127255e+02
   5.8400000e+00   2.3218311e+01
   5.8600000e+00   2.1052647e+02
   5.8800000e+00   1.8968520e+02
   5.9000000e+00   1.9505548e+02
   5.9200000e+00   2.3933294e+02
   5.9400000e+00   3.1133435e+02
   5.9600000e+00   1.0728900e+02
   5.9800000e+00  -5.5064258e+01
   6.0000000e+00  -1.0191794e+02
   6.0200000e+00  -1.2626740e+02
   6.0400000e+00  -1.4976121e+02
   6.0600000e+00  -1.1872561e+02
   6.0800000e+00  -7.6014768e+01
   6.1000000e+00  -8.1478521e+01
   6.1200000e+00  -4.3667194e+01
   6.1400000e+00   2.1530944e+02
   6.1600000e+00   2.5883500e+02
   6.1800000e+00   1.3205936e+02
   6.2000000e+00   5.6305641e+01
   6.2200000e+00  -1.7784812e+01
   6.2400000e+00   1.2186717e+01
   6.2600000e+00  -1.3197025e+01
   6.2800000e+00   3.4322474e+01
   6.3000000e+00   5.1675614e+01
   6.3200000e+00   1.2825935e+02
   6.3400000e+00   2.4467554e-01
   6.3600000e+00  -1.4970023e+02
   6.3800000e+00  -1.0899461e+02
   6.4000000e+00  -1.8376762e+02
   6.4200000e+00  -9.7559459e+01
   6.4400000e+00  -5.8382056e+01
   6.4600000e+00  -1.5562845e+02
   6.4800000e+00  -7.8477140e+01
   6.5000000e+00  -4.1162981e+01
   6.5200000e+00  -1.3816270e+02
   6.5400000e+00  -1.7549647e+02
   6.5600000e+00  -1.4379718e+02
   6.5800000e+00  -2.8746616e+01
   6.6000000e+00   4.3184538e+01
   6.6200000e+00  -1.1002713e+02
   6.6400000e+00  -2.4489991e+02
   6.6600000e+00   3.1823708e+02
   6.6800000e+00   7.8440518e+02
   6.7000000e+00   7.5721048e+02
   6.7200000e+00   5.5324901e+02
   6.7400000e+00   3.1207030e+02
   6.7600000e+00   2.7807808e+02
   6.7800000e+00   1.4910878e+02
   6.8000000e+00   1.3212403e+02
   6.8200000e+00   3.5509620e+01
   6.8400000e+00  -2.3860278e+01
   6.8600000e+00  -2.8040233e+02
   6.8800000e+00  -6.7932912e+02
   6.9000000e+00  -1.2466468e+03
   6.9200000e+00  -5.7104463e+02
   6.9400000e+00   1.8663250e+02
   6.9600000e+00  -2.1905913e+02
   6.9800000e+00   7.6658435e+01
   7.0000000e+00  -9.6555099e+01
   7.0200000e+00  -1.9566249e+02
   7.0400000e+00   1.9963121e+02
   7.0600000e+00   3.7678464e+02
   7.0800000e+00   2.5343889e+02
   7.1000000e+00   6.0408105e+02
   7.1200000e+00   8.3419021e+02
   7.1400000e+00   5.0373045e+02
   7.1600000e+00   1.2247059e+02
   7.1800000e+00  -6.9095269e+00
   7.2000000e+00  -2.8562992e+01
   7.2200000e+00  -3.1803773e+02
   7.2400000e+00  -2.5999299e+02
   7.2600000e+00  -2.4489233e+02
   7.2800000e+00  -2.3465896e+02
   7.3000000e+00  -6.7793913e+02
   7.3200000e+00  -3.2933142e+02
   7.3400000e+00   5.9621186e+02
   7.3600000e+00   4.4840315e+02
   7.3800000e+00   2.9350955e+02
   7.4000000e+00  -3.5119660e+01
   7.4200000e+00  -1.9757006e+02
   7.4400000e+00  -1.4440990e+02
   7.4600000e+00  -4.1892137e+02
   7.4800000e+00  -5.3688648e+02
   7.5000000e+00  -1.0327524e+03
   7.5200000e+00  -6.2370230e+02
   7.5400000e+00  -7.8817504e+00
   7.5600000e+00  -3.9309076e+02
   7.5800000e+00  -3.1620948e+02
   7.6000000e+00   1.1992922e+02
   7.6200000e+00   3.4160487e+02
   7.6400000e+00   5.7580576e+02
   7.6600000e+00   6.9288119e+02
   7.6800000e+00   6.2275554e+02
   7.7000000e+00   5.8517186e+02
   7.7200000e+00   6.2357236e+02
   7.7400000e+00   5.2347774e+02
   7.7600000e+00   2.8564503e+02
   7.7800000e+00   3.3213288e+02
   7.8000000e+00   3.1406652e+02
   7.8200000e+00   2.3449719e+02
   7.8400000e+00   7.5065292e+01
   7.8600000e+00  -3.6155235e+02
   7.8800000e+00  -9.8494199e+02
   7.9000000e+00  -1.4176793e+03
   7.9200000e+00  -1.5075709e+03
   7.9400000e+00  -1.3775807e+03
   7.9600000e+00  -3.9123017e+02
   7.9800000e+00  -7.1226525e+01
   8.0000000e+00  -2.7211084e+02
   8.0200000e+00   3.5860920e+02
   8.0400000e+00   4.9247990e+02
   8.0600000e+00   4.2216510e+02
   8.0800000e+00   8.9642696e+01
   8.1000000e+00  -6.5514176e+01
   8.1200000e+00  -1.8277543e+01
   8.1400000e+00  -1.4657584e+02
   8.1600000e+00  -3.0960575e+02
   8.1800000e+00  -4.5332977e+02
   8.2000000e+00  -5.5821064e+02
   8.2200000e+00  -5.4962310e+02
   8.2400000e+00  -1.4088010e+02
   8.2600000e+00   1.4456683e+02
   8.2800000e+00  -8.0584495e+01
   8.3000000e+00  -1.1507857e+02
   8.3200000e+00  -4.8574963e+02
   8.3400000e+00   5.4464733e+02
   8.3600000e+00   2.0115682e+03
   8.3800000e+00   1.2444638e+03
   8.4000000e+00   1.1311096e+03
   8.4200000e+00   6.7868792e+02
   8.4400000e+00   5.2789468e+02
   8.4600000e+00   4.7952324e+02
   8.4800000e+00   3.0336912e+02
   8.5000000e+00   3.1820727e+02
   8.5200000e+00   2.8710039e+02
   8.5400000e+00   5.4322434e+02
   8.5600000e+00   3.6686615e+02
   8.5800000e+00   2.5076475e+02
   8.6000000e+00  -1.4463825e+01
   8.6200000e+00  -5.7520791e+02
   8.6400000e+00  -1.5566811e+03
   8.6600000e+00  -1.1992813e+03
   8.6800000e+00  -4.0396929e+02
   8.7000000e+00  -1.7552193e+02
   8.7200000e+00  -3.1270356e+02
   8.7400000e+00  -4.3798317e+01
   8.7600000e+00   3.5602632e+02
   8.7800000e+00   6.3466860e+01
   8.8000000e+00   1.4248985e+02
   8.8200000e+00   9.3539261e+01
   8.8400000e+00   1.1218861e+02
   8.8600000e+00   3.4644847e+02
   8.8800000e+00   5.5486116e+02
   8.9000000e+00   6.1155970e+02
   8.9200000e+00   2.2320116e+02
   8.9400000e+00  -6.9813007e+01
   8.9600000e+00   7.7435894e+01
   8.9800000e+00   5.1216704e+01
   9.0000000e+00  -2.0095050e+02
   9.0200000e+00  -3.1115955e+02
   9.0400000e+00  -3.7038400e+02
   9.0600000e+00  -3.4416450e+02
   9.0800000e+00  -1.2939298e+02
   9.1000000e+00   6.4999176e+01
   9.1200000e+00   3.9694114e+01
   9.1400000e+00   9.7997849e+00
   9.1600000e+00   3.2392997e+01
   9.1800000e+00   5.5059792e+01
   9.2000000e+00   1.0053710e+01
   9.2200000e+00  -5.7280921e+01
   9.2400000e+00  -1.5822858e+02
   9.2600000e+00  -2.3995870e+02
   9.2800000e+00  -3.0529183e+02
   9.3000000e+00  -3.6231629e+02
   9.3200000e+00  -2.4634195e+02
   9.3400000e+00  -1.4566805e+02
   9.3600000e+00  -1.1072250e+02
   9.3800000e+00  -2.1586006e+01
   9.4000000e+00   3.7752198e+01
   9.4200000e+00   2.0777693e+00
   9.4400000e+00  -5.4107211e+01
   9.4600000e+00  -5.1962171e+01
   9.4800000e+00  -4.6840944e+01
   9.5000000e+00   1.0480319e+02
   9.5200000e+00   3.0661720e+02
   9.5400000e+00   1.8303477e+02
   9.5600000e+00   1.2324854e+02
   9.5800000e+00   1.0666802e+02
   9.6000000e+00   1.2176815e+02
   9.6200000e+00   7.3738108e+01
   9.6400000e+00  -1.9750134e+01
   9.6600000e+00   1.7769407e+02
   9.6800000e+00   1.3553956e+02
   9.7000000e+00  -4.7743640e+01
   9.7200000e+00  -9.2949617e+01
   9.7400000e+00   1.4048862e-01
   9.7600000e+00   2.6033781e+02
   9.7800000e+00   3.0715840e+02
   9.8000000e+00   2.1076591e+02
   9.8200000e+00   1.2535675e+02
   9.8400000e+00   2.2507586e+01
   9.8600000e+00  -6.3526629e+01
   9.8800000e+00  -9.0425128e+01
   9.9000000e+00  -1.3941321e+02
   9.9200000e+00  -3.6090148e+02
   9.9400000e+00  -4.1849428e+02
   9.9600000e+00  -6.5597835e+01
   9.9800000e+00   1.5516861e+02
   1.0000000e+01   2.0839679e+02
   1.0020000e+01   3.9714220e+02
   1.0040000e+01   4.9601249e+02
   1.0060000e+01   5.1996838e+02
   1.0080000e+01   2.8351877e+02
   1.0100000e+01   7.1065532e+01
   1.0120000e+01   1.3550832e+02
   1.0140000e+01   1.2389847e+02
   1.0160000e+01  -8.3339279e+01
   1.0180000e+01  -3.2118690e+02
   1.0200000e+01  -4.1777831e+02
   1.0220000e+01  -2.8399402e+02
   1.0240000e+01  -1.1249377e+02
   1.0260000e+01  -1.0448651e+02
   1.0280000e+01  -1.5803677e+02
   1.0300000e+01  -5.6364684e+01
   1.0320000e+01   1.9367010e+02
   1.0340000e+01   3.6944046e+02
   1.0360000e+01   4.8246777e+02
   1.0380000e+01   3.1916668e+02
   1.0400000e+01   5.9223733e+01
   1.0420000e+01   9.2911518e+01
   1.0440000e+01   1.5072858e+02
   1.0460000e+01  -1.4073178e+01
   1.0480000e+01  -2.3491015e+02
   1.0500000e+01  -3.7573436e+02
   1.0520000e+01  -4.3222935e+02
   1.0540000e+01  -5.5544616e+02
   1.0560000e+01  -4.0231396e+02
   1.0580000e+01   4.9038959e+01
   1.0600000e+01  -2.1567475e+02
   1.0620000e+01  -4.2934446e+02
   1.0640000e+01  -3.6387225e+02
   1.0660000e+01  -4.7273389e+02
   1.0680000e+01  -2.6901870e+02
   1.0700000e+01  -3.4653298e+01
   1.0720000e+01   3.0156396e+02
   1.0740000e+01   8.2219598e+02
   1.0760000e+01   1.1964009e+03
   1.0780000e+01   6.8893089e+02
   1.0800000e+01   1.7008471e+02
   1.0820000e+01   2.7420174e+01
   1.0840000e+01   1.7017969e+02
   1.0860000e+01   4.9375417e+02
   1.0880000e+01   3.1005041e+02
   1.0900000e+01   2.4480291e+02
   1.0920000e+01   4.5128903e+01
   1.0940000e+01  -2.8025777e+02
   1.0960000e+01  -8.1563344e+02
   1.0980000e+01  -1.1569914e+03
   1.1000000e+01  -7.0291338e+02
   1.1020000e+01  -3.7552125e+02
   1.1040000e+01  -4.9958896e+02
   1.1060000e+01  -5.1875755e+02
   1.1080000e+01  -3.3280245e+02
   1.1100000e+01  -9.9859678e+01
   1.1120000e+01   1.4906319e+01
   1.1140000e+01   1.3529531e+02
   1.1160000e+01   3.1885264e+02
   1.1180000e+01   4.1685401e+02
   1.1200000e+01   8.6369155e+02
   1.1220000e+01   4.8004207e+02
   1.1240000e+01  -7.6972543e+01
   1.1260000e+01   2.8333590e+02
   1.1280000e+01   4.0597706e+02
   1.1300000e+01   3.2071089e+02
   1.1320000e+01   1.2673020e+02
   1.1340000e+01   3.4178498e+01
   1.1360000e+01  -2.9454780e+01
   1.1380000e+01  -2.6542071e+02
   1.1400000e+01  -7.7800581e+02
   1.1420000e+01  -1.1287393e+03
   1.1440000e+01  -7.2059501e+02
   1.1460000e+01  -2.0901387e+02
   1.1480000e+01  -1.9849953e+02
   1.1500000e+01  -8.4717374e+01
   1.1520000e+01   7.3781216e+01
   1.1540000e+01   3.8660708e+01
   1.1560000e+01   1.0409265e+02
   1.1580000e+01   1.2282538e+02
   1.1600000e+01   1.1819687e+02
   1.1620000e+01   1.0581238e+02
   1.1640000e+01   7.6705492e+01
   1.1660000e+01   1.0546407e+02
   1.1680000e+01   2.2704813e+02
   1.1700000e+01   3.0380968e+02
   1.1720000e+01   3.9714171e+02
   1.1740000e+01   2.9462405e+02
   1.1760000e+01   3.2431741e+01
   1.1780000e+01  -1.2929079e+02
   1.1800000e+01  -1.3605312e+02
   1.1820000e+01  -8.0714497e+01
   1.1840000e+01   3.3025901e-01
   1.1860000e+01   8.3866093e+01
   1.1880000e+01   7.6505988e+01
   1.1900000e+01   7.6056219e+01
   1.1920000e+01   2.0460802e+01
   1.1940000e+01  -5.0298761e+01
   1.1960000e+01  -8.3554687e+01
   1.1980000e+01  -1.7040570e+02
   1.2000000e+01  -2.1129664e+02
   1.2020000e+01  -2.0312960e+02
   1.2040000e+01  -1.1059993e+02
   1.2060000e+01   7.7818809e+00
   1.2080000e+01  -3.9464776e+00
   1.2100000e+01   7.0093905e+01
   1.2120000e+01   1.1671088e+02
   1.2140000e+01   1.1002369e+02
   1.2160000e+01   1.5806615e+02
   1.2180000e+01   1.7460184e+02
   1.2200000e+01   1.7938942e+02
   1.2220000e+01   2.1209138e+02
   1.2240000e+01   2.3954297e+02
   1.2260000e+01   2.2830767e+02
   1.2280000e+01   2.2760520e+02
   1.2300000e+01   1.6674847e+02
   1.2320000e+01   7.4473517e+01
   1.2340000e+01   6.2467306e+01
   1.2360000e+01   5.7250947e+01
   1.2380000e+01   1.8525165e+01
   1.2400000e+01  -5.2346978e+01
   1.2420000e+01  -2.1589209e+02
   1.2440000e+01  -3.8359908e+02
   1.2460000e+01  -2.7582570e+02
   1.2480000e+01   2.2650767e+01
   1.2500000e+01  -5.1520655e-01
   1.2520000e+01  -1.9103593e+02
   1.2540000e+01  -2.0052425e+02
   1.2560000e+01  -1.7604480e+02
   1.2580000e+01  -1.3453842e+02
   1.2600000e+01  -1.3172249e+02
   1.2620000e+01  -9.3880497e+01
   1.2640000e+01   1.6459538e+01
   1.2660000e+01   8.5278515e+01
   1.2680000e+01   8.1739096e+01
   1.2700000e+01   3.1248194e+01
   1.2720000e+01  -3.1023503e+01
   1.2740000e+01  -9.3640090e+01
   1.2760000e+01  -1.2864176e+02
   1.2780000e+01  -1.5978249e+02
   1.2800000e+01  -1.8623712e+02
   1.2820000e+01  -1.4306703e+02
   1.2840000e+01  -2.9420657e+01
   1.2860000e+01   7.5938908e+01
   1.2880000e+01   1.5565897e+02
   1.2900000e+01   2.1526258e+02
   1.2920000e+01   2.8559513e+02
   1.2940000e+01   3.2290348e+02
   1.2960000e+01   3.1808080e+02
   1.2980000e+01   2.7803222e+02
   1.3000000e+01   1.3870288e+02
   1.3020000e+01  -5.7367057e+00
   1.3040000e+01  -8.5069979e+01
   1.3060000e+01  -1.9407990e+02
   1.3080000e+01  -3.0064608e+02
   1.3100000e+01  -3.5701216e+02
   1.3120000e+01  -3.7001220e+02
   1.3140000e+01  -2.9230391e+02
   1.3160000e+01  -1.5660017e+02
   1.3180000e+01  -1.1692376e+02
   1.3200000e+01  -1.1623383e+02
   1.3220000e+01  -9.1726135e+01
   1.3240000e+01  -2.4271258e+01
   1.3260000e+01   5.7244403e+01
   1.3280000e+01   1.1656430e+02
   1.3300000e+01   1.9995320e+02
   1.3320000e+01   2.8668132e+02
   1.3340000e+01   3.5585119e+02
   1.3360000e+01   4.7506822e+02
   1.3380000e+01   5.0991462e+02
   1.3400000e+01   2.3020599e+02
   1.3420000e+01   4.3203185e+01
   1.3440000e+01  -5.3338530e+01
   1.3460000e+01  -2.4957276e+02
   1.3480000e+01  -3.1294553e+02
   1.3500000e+01  -1.5658223e+02
   1.3520000e+01   1.2159391e+01
   1.3540000e+01   8.7688611e+01
   1.3560000e+01   1.0770002e+02
   1.3580000e+01   9.5469677e+01
   1.3600000e+01   9.4847464e+01
   1.3620000e+01   4.6821322e+01
   1.3640000e+01  -3.3084125e+01
   1.3660000e+01  -1.5903222e+02
   1.3680000e+01  -2.9384025e+02
   1.3700000e+01  -3.2162522e+02
   1.3720000e+01  -2.3066521e+02
   1.3740000e+01  -1.5708908e+02
   1.3760000e+01  -7.4398076e+01
   1.3780000e+01  -5.6605573e+01
   1.3800000e+01  -6.7321964e+01
   1.3820000e+01  -1.7782933e+01
   1.3840000e+01   2.2929166e+01
   1.3860000e+01   1.5067698e+01
   1.3880000e+01   1.2141478e+01
   1.3900000e+01   8.8727211e+01
   1.3920000e+01   1.3282220e+02
   1.3940000e+01   1.0249314e+02
   1.3960000e+01   7.4404388e+01
   1.3980000e+01   1.0137745e+02
   1.4000000e+01   1.3890447e+02
   1.4020000e+01   1.4147410e+02
   1.4040000e+01   9.7529760e+01
   1.4060000e+01   4.0596721e+01
   1.4080000e+01   1.7708031e+01
   1.4100000e+01  -1.2875694e+00
   1.4120000e+01  -4.9844155e+01
   1.4140000e+01  -9.9943441e+01
   1.4160000e+01  -1.4108002e+02
   1.4180000e+01  -1.2079037e+02
   1.4200000e+01  -6.4966890e+01
   1.4220000e+01  -3.8760445e+01
   1.4240000e+01  -1.6805317e+01
   1.4260000e+01   2.1060741e+01
   1.4280000e+01   4.4526198e+01
   1.4300000e+01   6.5986046e+01
   1.4320000e+01   1.0518077e+02
   1.4340000e+01   1.5262268e+02
   1.4360000e+01   2.1777559e+02
   1.4380000e+01   1.6432264e+02
   1.4400000e+01  -1.0652381e+02
   1.4420000e+01  -2.7715832e+02
   1.4440000e+01  -3.1397221e+02
   1.4460000e+01  -2.4113730e+02
   1.4480000e+01  -1.1470958e+02
   1.4500000e+01  -1.0059305e+02
   1.4520000e+01  -4.4142723e+01
   1.4540000e+01   4.6310859e+00
   1.4560000e+01   5.5274602e+01
   1.4580000e+01   1.1155839e+02
   1.4600000e+01   1.5134691e+02
   1.4620000e+01   1.7876554e+02
   1.4640000e+01   2.1318045e+02
   1.4660000e+01   2.4001986e+02
   1.4680000e+01   1.6095416e+02
   1.4700000e+01   1.5337948e+01
   1.4720000e+01  -7.7273904e+01
   1.4740000e+01  -1.7350168e+02
   1.4760000e+01  -2.2513943e+02
   1.4780000e+01  -1.7170141e+02
   1.4800000e+01  -1.1303844e+02
   1.4820000e+01  -4.8050715e+01
   1.4840000e+01  -1.3721998e+01
   1.4860000e+01  -1.0525377e+01
   1.4880000e+01  -2.2990952e+01
   1.4900000e+01  -2.4013957e+01
   1.4920000e+01  -2.6439384e+01
   1.4940000e+01  -4.1341870e+00
   1.4960000e+01   7.7447927e+01
   1.4980000e+01   1.6299656e+02
   1.5000000e+01   1.8514789e+02
   1.5020000e+01   1.6579234e+02
   1.5040000e+01   1.5355132e+02
   1.5060000e+01   1.3751720e+02
   1.5080000e+01   5.1753960e+01
   1.5100000e+01  -2.6797913e+01
   1.5120000e+01  -3.8097694e+01
   1.5140000e+01  -5.0016945e+01
   1.5160000e+01  -4.6378910e+01
   1.5180000e+01  -3.8558808e+01
   1.5200000e+01  -3.4086027e+01
   1.5220000e+01  -8.1777160e+01
   1.5240000e+01  -1.4149161e+02
   1.5260000e+01  -1.4570723e+02
   1.5280000e+01  -9.4665731e+01
   1.5300000e+01  -4.1004980e+01
   1.5320000e+01  -7.0413595e+00
   1.5340000e+01   3.8678463e+01
   1.5360000e+01   8.6838402e+01
   1.5380000e+01   1.4986755e+02
   1.5400000e+01   2.0856507e+02
   1.5420000e+01   2.4511547e+02
   1.5440000e+01   2.5260582e+02
   1.5460000e+01   2.0484421e+02
   1.5480000e+01   7.8725611e+01
   1.5500000e+01  -2.6425790e+01
   1.5520000e+01  -1.2630888e+02
   1.5540000e+01  -2.3400241e+02
   1.5560000e+01  -2.5853760e+02
   1.5580000e+01  -1.8185606e+02
   1.5600000e+01  -9.8101584e+01
   1.5620000e+01  -3.6206147e+01
   1.5640000e+01   1.0577484e+01
   1.5660000e+01  -5.8182350e+01
   1.5680000e+01  -6.5170850e+01
   1.5700000e+01  -4.9144685e+01
   1.5720000e+01  -9.6950971e+01
   1.5740000e+01  -8.5351600e+01
   1.5760000e+01   1.5572507e+01
   1.5780000e+01   9.8795383e+01
   1.5800000e+01   1.2003696e+02
   1.5820000e+01   1.1915897e+02
   1.5840000e+01   5.5998731e+01
   1.5860000e+01  -2.7683243e+01
   1.5880000e+01  -1.2792917e+02
   1.5900000e+01  -2.1147573e+02
   1.5920000e+01  -2.5079826e+02
   1.5940000e+01  -1.9161684e+02
   1.5960000e+01  -1.4567406e+02
   1.5980000e+01  -1.5761270e+02
   1.6000000e+01  -1.1195624e+02
   1.6020000e+01  -4.1056153e+01
   1.6040000e+01   4.3344394e+01
   1.6060000e+01   1.1566737e+02
   1.6080000e+01   1.8574912e+02
   1.6100000e+01   2.7171948e+02
   1.6120000e+01   3.9884083e+02
   1.6140000e+01   4.6465911e+02
   1.6160000e+01   2.4835185e+02
   1.6180000e+01  -1.0724185e+01
   1.6200000e+01  -9.0249974e+01
   1.6220000e+01  -2.1824271e+02
   1.6240000e+01  -3.2730091e+02
   1.6260000e+01  -2.2628580e+02
   1.6280000e+01  -1.0503647e+01
   1.6300000e+01   7.4235556e+01
   1.6320000e+01  -1.5071994e+01
   1.6340000e+01  -4.4162536e+00
   1.6360000e+01   4.5223399e+01
   1.6380000e+01   6.4185660e+01
   1.6400000e+01   1.1144024e+02
   1.6420000e+01   1.2768751e+02
   1.6440000e+01   1.6992767e+02
   1.6460000e+01   2.0666924e+02
   1.6480000e+01   1.8610458e+02
   1.6500000e+01   1.1784468e+02
   1.6520000e+01   2.5094927e+01
   1.6540000e+01  -6.2613433e+01
   1.6560000e+01  -1.3199173e+02
   1.6580000e+01  -2.3165489e+02
   1.6600000e+01  -2.6594361e+02
   1.6620000e+01  -2.0068401e+02
   1.6640000e+01  -1.1031832e+02
   1.6660000e+01  -3.4543552e+01
   1.6680000e+01  -1.1743791e+01
   1.6700000e+01   1.6387367e+01
   1.6720000e+01   4.3553201e+01
   1.6740000e+01   3.8868851e+01
   1.6760000e+01   4.8187212e+01
   1.6780000e+01   9.8120237e+01
   1.6800000e+01   1.3690761e+02
   1.6820000e+01   1.4911046e+02
   1.6840000e+01   1.5039966e+02
   1.6860000e+01   1.4636749e+02
   1.6880000e+01   1.3458227e+02
   1.6900000e+01   5.3847013e+01
   1.6920000e+01  -4.1138408e+01
   1.6940000e+01  -7.5964269e+01
   1.6960000e+01  -9.8756913e+01
   1.6980000e+01  -8.6555911e+01
   1.7000000e+01  -7.7020782e+01
   1.7020000e+01  -8.3842952e+01
   1.7040000e+01  -1.0405855e+02
   1.7060000e+01  -1.1867171e+02
   1.7080000e+01  -1.2198918e+02
   1.7100000e+01  -1.2317253e+02
   1.7120000e+01  -9.4055105e+01
   1.7140000e+01  -4.3585895e+01
   1.7160000e+01  -5.6425393e+01
   1.7180000e+01  -9.7843314e+01
   1.7200000e+01  -8.6972616e+01
   1.7220000e+01  -8.5217704e+01
   1.7240000e+01  -7.3032196e+01
   1.7260000e+01  -5.5135475e+01
   1.7280000e+01  -3.1968566e+01
   1.7300000e+01   1.7752642e+01
   1.7320000e+01   9.0625171e+01
   1.7340000e+01   1.3053166e+02
   1.7360000e+01   1.3346951e+02
   1.7380000e+01   1.3075976e+02
   1.7400000e+01   1.1222609e+02
   1.7420000e+01   4.8179995e+01
   1.7440000e+01  -2.7642531e+01
   1.7460000e+01  -5.5071790e+01
   1.7480000e+01  -5.5606830e+01
   1.7500000e+01  -5.2380298e+01
   1.7520000e+01  -2.7096038e+01
   1.7540000e+01   4.5961946e+01
   1.7560000e+01   7.7515716e+01
   1.7580000e+01   7.1428038e+01
   1.7600000e+01   1.0130586e+02
   1.7620000e+01   1.2557617e+02
   1.7640000e+01   1.2673778e+02
   1.7660000e+01   1.4842323e+02
   1.7680000e+01   1.7990076e+02
   1.7700000e+01   1.0552159e+02
   1.7720000e+01  -1.7959543e+01
   1.7740000e+01  -8.3671160e+01
   1.7760000e+01  -1.0652537e+02
   1.7780000e+01  -7.8471983e+01
   1.7800000e+01  -3.9997022e+01
   1.7820000e+01   4.2500550e-02
   1.7840000e+01   2.4902359e+01
   1.7860000e+01   2.3372873e+01
   1.7880000e+01   2.2503178e+01
   1.7900000e+01   3.4273775e+01
   1.7920000e+01   3.6001710e+01
   1.7940000e+01   3.0166264e+01
   1.7960000e+01   4.9868005e+01
   1.7980000e+01   7.3201508e+01
   1.8000000e+01   5.2099976e+01
   1.8020000e+01  -2.5544404e+01
   1.8040000e+01  -5.5957648e+01
   1.8060000e+01  -3.3614808e+01
   1.8080000e+01  -1.0175509e-02
   1.8100000e+01   2.5938162e+01
   1.8120000e+01   7.2256945e+00
   1.8140000e+01  -3.1497754e+01
   1.8160000e+01  -5.9328372e+01
   1.8180000e+01  -5.4300508e+01
   1.8200000e+01  -4.0516361e+01
   1.8220000e+01  -3.5475914e+01
   1.8240000e+01  -2.5764846e+01
   1.8260000e+01  -2.0440498e+01
   1.8280000e+01  -3.1023200e+01
   1.8300000e+01  -3.3714333e+01
   1.8320000e+01  -2.6288417e+01
   1.8340000e+01  -2.1654328e+01
   1.8360000e+01  -3.4693227e+01
   1.8380000e+01  -5.4345114e+01
   1.8400000e+01  -6.0561501e+01
   1.8420000e+01  -4.8148536e+01
   1.8440000e+01  -2.4529243e+01
   1.8460000e+01  -2.4272722e+01
   1.8480000e+01  -4.5049657e+01
   1.8500000e+01  -2.9360652e+01
   1.8520000e+01   2.2806531e+01
   1.8540000e+01   6.0976598e+01
   1.8560000e+01   6.8730323e+01
   1.8580000e+01   3.4525498e+01
   1.8600000e+01   1.0196861e+01
   1.8620000e+01   1.2169281e+01
   1.8640000e+01   1.1870827e+01
   1.8660000e+01   3.0224281e-01
   1.8680000e+01  -1.3019646e+01
   1.8700000e+01  -9.1886602e+00
   1.8720000e+01   3.7766642e+00
   1.8740000e+01   1.0516833e+01
   1.8760000e+01   7.8237518e+00
   1.8780000e+01   1.3064491e+01
   1.8800000e+01   2.9588466e+01
   1.8820000e+01   4.6372576e+01
   1.8840000e+01   4.1281450e+01
   1.8860000e+01   1.7423186e+01
   1.8880000e+01  -2.6675308e+00
   1.8900000e+01  -1.0200258e+01
   1.8920000e+01  -1.7103777e+01
   1.8940000e+01  -3.1717944e+01
   1.8960000e+01  -3.7553651e+01
   1.8980000e+01  -3.2203511e+01
   1.9000000e+01  -1.8936591e+01
   1.9020000e+01   1.5382213e+01
   1.9040000e+01   4.5539750e+01
   1.9060000e+01   5.1119455e+01
   1.9080000e+01   6.3973265e+01
   1.9100000e+01   4.6759354e+01
   1.9120000e+01  -1.7746799e+00
   1.9140000e+01  -3.5851282e+01
   1.9160000e+01  -5.9173423e+01
   1.9180000e+01  -6.7052583e+01
   1.9200000e+01  -7.3686824e+01
   1.9220000e+01  -8.1195814e+01
   1.9240000e+01  -7.8495185e+01
   1.9260000e+01  -6.5599529e+01
   1.9280000e+01  -4.2879900e+01
   1.9300000e+01  -1.1738667e+00
   1.9320000e+01   2.0784318e+01
   1.9340000e+01   5.1993704e+00
   1.9360000e+01  -8.9689238e+00
   1.9380000e+01  -7.1277124e+00
   1.9400000e+01  -7.9739551e+00
   1.9420000e+01  -1.8910258e+01
   1.9440000e+01  -2.4589987e+01
   1.9460000e+01  -2.8654973e+01
   1.9480000e+01  -1.9453784e+01
   1.9500000e+01   2.2772649e+01
   1.9520000e+01   6.4018509e+01
   1.9540000e+01   6.7213664e+01
   1.9560000e+01   6.3049014e+01
   1.9580000e+01   5.4285755e+01
   1.9600000e+01   4.7948177e+01
   1.9620000e+01   2.9984929e+01
   1.9640000e+01   3.2964342e+00
   1.9660000e+01  -3.1775226e+00
   1.9680000e+01   8.8429158e-01
   1.9700000e+01   2.5537272e+01
   1.9720000e+01   5.0426945e+01
   1.9740000e+01   5.6636331e+01
   1.9760000e+01   5.8311504e+01
   1.9780000e+01   6.6221657e+01
   1.9800000e+01   8.5002451e+01
   1.9820000e+01   9.5880697e+01
   1.9840000e+01   9.4494397e+01
   1.9860000e+01   7.3535006e+01
   1.9880000e+01   3.9878160e+01
   1.9900000e+01   2.2153533e+01
   1.9920000e+01  -4.4882717e+00
   1.9940000e+01  -2.8292936e+01
   1.9960000e+01  -6.1234889e+01
   1.9980000e+01  -9.9642610e+01
   2.0000000e+01  -1.1805496e+02
   2.0020000e+01  -1.2227359e+02
   2.0040000e+01  -1.1706372e+02
   2.0060000e+01  -8.0575967e+01
   2.0080000e+01  -2.6299435e+01
   2.0100000e+01  -1.7596614e+01
   2.0120000e+01  -1.9031530e+01
   2.0140000e+01  -9.9901792e+00
   2.0160000e+01  -5.6608506e+00
   2.0180000e+01  -6.4192254e+00
   2.0200000e+01  -1.8393959e+00
   2.0220000e+01   2.8484066e+01
   2.0240000e+01   5.9948674e+01
   2.0260000e+01   6.9388755e+01
   2.0280000e+01   7.2044299e+01
   2.0300000e+01   6.2976540e+01
   2.0320000e+01   5.5970214e+01
   2.0340000e+01   5.2763002e+01
   2.0360000e+01   2.3684272e+01
   2.0380000e+01  -2.8612923e+01
   2.0400000e+01  -7.4085076e+01
   2.0420000e+01  -9.6738969e+01
   2.0440000e+01  -7.8869288e+01
   2.0460000e+01  -3.1890630e+00
   2.0480000e+01   3.6035271e+01
   2.0500000e+01   3.8637572e+01
   2.0520000e+01   6.9675195e+01
   2.0540000e+01   8.0144614e+01
   2.0560000e+01   6.8417532e+01
   2.0580000e+01   4.7215157e+01
   2.0600000e+01   3.3097915e+01
   2.0620000e+01   7.8198687e+00
   2.0640000e+01  -4.6287277e+01
   2.0660000e+01  -8.6535886e+01
   2.0680000e+01  -1.2209808e+02
   2.0700000e+01  -1.5705983e+02
   2.0720000e+01  -1.4651740e+02
   2.0740000e+01  -6.9416120e+01
   2.0760000e+01  -1.3060146e+01
   2.0780000e+01  -1.2450532e-01
   2.0800000e+01   2.2862056e+00
   2.0820000e+01  -8.5827748e+00
   2.0840000e+01  -1.6567520e+01
   2.0860000e+01  -2.0903227e+01
   2.0880000e+01  -1.4888524e+01
   2.0900000e+01  -1.9258846e+01
   2.0920000e+01  -2.2875794e+01
   2.0940000e+01  -1.3685359e+01
   2.0960000e+01  -5.6498970e+00
   2.0980000e+01  -2.1166397e+00
   2.1000000e+01  -2.3665050e+00
   2.1020000e+01  -8.4485326e+00
   2.1040000e+01  -8.3485244e+00
   2.1060000e+01  -3.9670534e+00
   2.1080000e+01  -9.5437213e-01
   2.1100000e+01   9.2018943e+00
   2.1120000e+01   3.9462641e+00
   2.1140000e+01   3.2391237e+00
   2.1160000e+01   1.3119767e+01
   2.1180000e+01   2.1808944e+01
   2.1200000e+01   2.9514634e+01
   2.1220000e+01   3.5902697e+01
   2.1240000e+01   4.1884860e+01
   2.1260000e+01   4.3090795e+01
   2.1280000e+01   2.9630845e+01
   2.1300000e+01   7.8433705e+00
   2.1320000e+01  -3.1389258e+00
   2.1340000e+01  -7.7306314e+00
   2.1360000e+01  -1.7076252e+01
   2.1380000e+01  -3.3896011e+01
   2.1400000e+01  -4.2302880e+01
   2.1420000e+01  -7.7693916e+00
   2.1440000e+01   3.5364151e+01
   2.1460000e+01   5.5086451e+01
   2.1480000e+01   7.7492566e+01
   2.1500000e+01   8.5019914e+01
   2.1520000e+01   8.0399802e+01
   2.1540000e+01   6.4476726e+01
   2.1560000e+01   5.1122578e+01
   2.1580000e+01   4.2671042e+01
   2.1600000e+01   2.7986400e+01
   2.1620000e+01  -2.2965482e+00
   2.1640000e+01  -3.8446776e+01
   2.1660000e+01  -4.8220388e+01
   2.1680000e+01  -3.0890838e+01
   2.1700000e+01   2.9278534e+00
   2.1720000e+01   2.7285730e+01
   2.1740000e+01   3.9750239e+01
   2.1760000e+01   3.8245681e+01
   2.1780000e+01   3.4440640e+01
   2.1800000e+01   3.2276956e+01
   2.1820000e+01   2.0702794e+01
   2.1840000e+01   6.8907439e+00
   2.1860000e+01  -5.6253663e+00
   2.1880000e+01  -1.7261762e+01
   2.1900000e+01  -2.6224734e+01
   2.1920000e+01  -3.4761517e+01
   2.1940000e+01  -4.7341875e+01
   2.1960000e+01  -5.6107942e+01
   2.1980000e+01  -4.8795270e+01
   2.2000000e+01  -2.9619621e+01
   2.2020000e+01  -1.7966674e+01
   2.2040000e+01  -1.9038480e+01
   2.2060000e+01  -1.6816588e+01
   2.2080000e+01  -9.8865960e+00
   2.2100000e+01   2.6810473e+00
   2.2120000e+01   1.5774731e+01
   2.2140000e+01   1.4423213e+01
   2.2160000e+01  -1.1868675e+01
   2.2180000e+01  -4.1701190e+01
   2.2200000e+01  -4.4019036e+01
   2.2220000e+01  -4.7710227e+01
   2.2240000e+01  -5.4374646e+01
   2.2260000e+01  -5.7031125e+01
   2.2280000e+01  -4.3148518e+01
   2.2300000e+01  -1.1251930e+01
   2.2320000e+01   2.6859613e+00
   2.2340000e+01   1.1397141e+01
   2.2360000e+01   2.0516093e+01
   2.2380000e+01   4.4578163e+00
   2.2400000e+01  -2.1144498e+01
   2.2420000e+01  -1.1715676e+01
   2.2440000e+01   1.4428036e+01
   2.2460000e+01   3.1643282e+01
   2.2480000e+01   4.7294275e+01
   2.2500000e+01   7.2877058e+01
   2.2520000e+01   9.5279957e+01
   2.2540000e+01   9.5785298e+01
   2.2560000e+01   9.3329614e+01
   2.2580000e+01   8.2175469e+01
   2.2600000e+01   4.7479376e+01
   2.2620000e+01  -1.4055816e+01
   2.2640000e+01  -6.5988622e+01
   2.2660000e+01  -9.0900546e+01
   2.2680000e+01  -9.1083173e+01
   2.2700000e+01  -4.7141654e+01
   2.2720000e+01   1.1033242e+01
   2.2740000e+01   3.2614783e+01
   2.2760000e+01   4.3435268e+01
   2.2780000e+01   6.8064959e+01
   2.2800000e+01   7.2683104e+01
   2.2820000e+01   4.6782671e+01
   2.2840000e+01  -9.8407449e+00
   2.2860000e+01  -4.7709568e+01
   2.2880000e+01  -5.2597454e+01
   2.2900000e+01  -5.6404919e+01
   2.2920000e+01  -5.8264794e+01
   2.2940000e+01  -2.8839757e+01
   2.2960000e+01  -1.6003467e+00
   2.2980000e+01   1.4323500e+00
   2.3000000e+01   2.3661343e+01
   2.3020000e+01   3.4605965e+01
   2.3040000e+01   4.4368443e+01
   2.3060000e+01   5.0739355e+01
   2.3080000e+01   5.1449312e+01
   2.3100000e+01   5.5282591e+01
   2.3120000e+01   4.1893565e+01
   2.3140000e+01   1.7778024e+01
   2.3160000e+01  -1.0840674e+01
   2.3180000e+01  -3.2479666e+01
   2.3200000e+01  -3.5777288e+01
   2.3220000e+01  -1.8306571e+01
   2.3240000e+01  -2.1976199e+01
   2.3260000e+01  -3.8541480e+01
   2.3280000e+01  -4.8420349e+01
   2.3300000e+01  -4.2885752e+01
   2.3320000e+01  -2.5840407e+01
   2.3340000e+01  -1.9651705e+01
   2.3360000e+01  -1.9769915e+01
   2.3380000e+01  -2.0011427e+01
   2.3400000e+01  -9.1878962e+00
   2.3420000e+01  -7.1623712e+00
   2.3440000e+01  -1.2099945e+01
   2.3460000e+01  -2.3331548e+01
   2.3480000e+01  -3.8774062e+01
   2.3500000e+01  -4.8295831e+01
   2.3520000e+01  -6.0041643e+01
   2.3540000e+01  -6.5514274e+01
   2.3560000e+01  -4.8803839e+01
   2.3580000e+01  -1.7575467e+01
   2.3600000e+01   4.1454522e+00
   2.3620000e+01   3.1868832e+01
   2.3640000e+01   5.5985608e+01
   2.3660000e+01   6.4195835e+01
   2.3680000e+01   6.1235092e+01
   2.3700000e+01   4.0800401e+01
   2.3720000e+01   1.1887334e+01
   2.3740000e+01  -2.2377415e+01
   2.3760000e+01  -4.7313543e+01
   2.3780000e+01  -6.1210258e+01
   2.3800000e+01  -4.5743997e+01
   2.3820000e+01  -1.0815989e+01
   2.3840000e+01   2.5943204e+00
   2.3860000e+01   5.9533412e-01
   2.3880000e+01   9.0714515e-01
   2.3900000e+01  -5.0406307e+00
   2.3920000e+01  -7.1155522e+00
   2.3940000e+01   1.0039833e+01
   2.3960000e+01   3.5359406e+01
   2.3980000e+01   6.2837636e+01
   2.4000000e+01   6.6004996e+01
   2.4020000e+01   5.9660515e+01
   2.4040000e+01   4.9258628e+01
   2.4060000e+01   3.7680321e+01
   2.4080000e+01   3.3018124e+01
   2.4100000e+01   2.0912121e+01
   2.4120000e+01   9.1225932e+00
   2.4140000e+01   1.3753643e+00
   2.4160000e+01  -2.1680868e+00
   2.4180000e+01  -1.0407840e+01
   2.4200000e+01  -1.7734339e+01
   2.4220000e+01  -1.8787766e+01
   2.4240000e+01   5.4173042e+00
   2.4260000e+01   2.8719528e+01
   2.4280000e+01   2.5397832e+01
   2.4300000e+01   2.0534861e+01
   2.4320000e+01   1.7727282e+01
   2.4340000e+01   1.7459065e+01
   2.4360000e+01   9.5541792e+00
   2.4380000e+01   3.0271128e+00
   2.4400000e+01  -1.4186765e+01
   2.4420000e+01  -4.3077195e+01
   2.4440000e+01  -5.6962907e+01
   2.4460000e+01  -6.2306459e+01
   2.4480000e+01  -5.6790586e+01
   2.4500000e+01  -5.2509232e+01
   2.4520000e+01  -5.3729389e+01
   2.4540000e+01  -5.2183989e+01
   2.4560000e+01  -5.2368999e+01
   2.4580000e+01  -4.6652710e+01
   2.4600000e+01  -3.3110900e+01
   2.4620000e+01  -1.9151464e+01
   2.4640000e+01  -1.2576422e+01
   2.4660000e+01  -1.4526519e+01
   2.4680000e+01  -1.5852248e+01
   2.4700000e+01  -1.1244724e+01
   2.4720000e+01  -1.0887571e+01
   2.4740000e+01  -8.4994737e+00
   2.4760000e+01  -5.4952399e+00
   2.4780000e+01  -1.3024147e+01
   2.4800000e+01  -1.9692149e+01
   2.4820000e+01  -2.1839995e+01
   2.4840000e+01  -2.3771314e+01
   2.4860000e+01  -1.6488832e+01
   2.4880000e+01   3.7197859e-01
   2.4900000e+01   1.4024408e+01
   2.4920000e+01   2.2024541e+01
   2.4940000e+01   3.1400140e+01
   2.4960000e+01   3.8926016e+01
   2.4980000e+01   3.3756158e+01
   2.5000000e+01   2.1363301e+01
   2.5020000e+01   1.1136418e+01
   2.5040000e+01   8.1314940e+00
   2.5060000e+01   8.4083798e+00
   2.5080000e+01   1.1388114e+01
   2.5100000e+01   1.5419876e+01
   2.5120000e+01   1.7003196e+01
   2.5140000e+01   1.8075584e+01
   2.5160000e+01   2.4353545e+01
   2.5180000e+01   2.3258241e+01
   2.5200000e+01   2.1637990e+01
   2.5220000e+01   2.9622191e+01
   2.5240000e+01   2.4197658e+01
   2.5260000e+01   2.3820122e+01
   2.5280000e+01   2.8722757e+01
   2.5300000e+01   2.5014170e+01
   2.5320000e+01   3.0693765e+01
   2.5340000e+01   3.6434846e+01
   2.5360000e+01   2.2438308e+01
   2.5380000e+01  -4.2457279e+00
   2.5400000e+01  -2.6817450e+01
   2.5420000e+01  -4.3242499e+01
   2.5440000e+01  -5.3656577e+01
   2.5460000e+01  -5.3347422e+01
   2.5480000e+01  -3.2355143e+01
   2.5500000e+01   9.7436195e+00
   2.5520000e+01   3.4073294e+01
   2.5540000e+01   5.0021775e+01
   2.5560000e+01   7.0342661e+01
   2.5580000e+01   6.3132732e+01
   2.5600000e+01   1.7852953e+01
   2.5620000e+01  -3.0209112e+01
   2.5640000e+01  -3.4721644e+01
   2.5660000e+01  -1.3830982e+01
   2.5680000e+01   1.8904714e+01
   2.5700000e+01   3.4512625e+01
   2.5720000e+01   2.0919657e+01
   2.5740000e+01  -7.1694289e-01
   2.5760000e+01  -1.6592622e+01
   2.5780000e+01  -2.1764236e+01
   2.5800000e+01  -4.8373010e+00
   2.5820000e+01   1.6764667e+01
   2.5840000e+01   1.2842933e+01
   2.5860000e+01   7.4986937e+00
   2.5880000e+01   6.3439111e+00
   2.5900000e+01   1.0380792e+01
   2.5920000e+01   1.2694664e+01
   2.5940000e+01   3.5219274e+00
   2.5960000e+01  -2.5470818e+01
   2.5980000e+01  -3.9607939e+01
   2.6000000e+01  -3.6961511e+01
   2.6020000e+01  -3.4872262e+01
   2.6040000e+01  -3.7056887e+01
   2.6060000e+01  -4.8341660e+01
   2.6080000e+01  -4.3394918e+01
   2.6100000e+01  -2.9517705e+01
   2.6120000e+01  -5.0135386e+00
   2.6140000e+01   1.2005289e+01
   2.6160000e+01   1.4647708e+01
   2.6180000e+01   1.4812559e+01
   2.6200000e+01   1.3155131e+01
   2.6220000e+01   8.9757933e+00
   2.6240000e+01   4.9714385e+00
   2.6260000e+01  -2.2714349e+00
   2.6280000e+01  -8.2858313e+00
   2.6300000e+01  -5.1726746e+00
   2.6320000e+01  -7.4100691e+00
   2.6340000e+01  -5.3648135e+00
   2.6360000e+01  -6.1566762e+00
   2.6380000e+01  -8.6603575e+00
   2.6400000e+01   1.9480053e+00
   2.6420000e+01   1.7529745e+01
   2.6440000e+01   2.4953606e+01
   2.6460000e+01   2.1357425e+01
   2.6480000e+01   1.7638204e+01
   2.6500000e+01   1.4743752e+01
   2.6520000e+01   1.0712100e+01
   2.6540000e+01   9.9486584e+00
   2.6560000e+01   1.1951135e+01
   2.6580000e+01   1.6864017e+01
   2.6600000e+01   1.6556188e+01
   2.6620000e+01   7.6799233e+00
   2.6640000e+01  -6.7833601e-01
   2.6660000e+01  -1.1567513e+01
   2.6680000e+01  -1.5599214e+01
   2.6700000e+01  -1.4340560e+01
   2.6720000e+01  -1.7760876e+01
   2.6740000e+01  -3.0065161e+01
   2.6760000e+01  -3.7898040e+01
   2.6780000e+01  -2.3432191e+01
   2.6800000e+01   1.9111902e+00
   2.6820000e+01   2.2983038e+01
   2.6840000e+01   4.1643626e+01
   2.6860000e+01   4.9092076e+01
   2.6880000e+01   3.1071827e+01
   2.6900000e+01   7.7242568e+00
   2.6920000e+01  -3.0604820e+00
   2.6940000e+01  -1.2648030e+01
   2.6960000e+01  -2.3943009e+01
   2.6980000e+01  -2.4832460e+01
   2.7000000e+01  -1.8329450e+01
   2.7020000e+01  -5.5251292e+00
   2.7040000e+01   4.1997986e+00
   2.7060000e+01   4.4051936e+00
   2.7080000e+01   4.5234327e+00
   2.7100000e+01   1.0001027e+01
   2.7120000e+01   8.4367148e+00
   2.7140000e+01   2.4549163e+00
   2.7160000e+01   5.9571519e+00
   2.7180000e+01   1.2739768e+01
   2.7200000e+01   1.6376712e+01
   2.7220000e+01   9.1717172e+00
   2.7240000e+01  -5.9603848e+00
   2.7260000e+01  -1.2970483e+01
   2.7280000e+01  -1.3742478e+01
   2.7300000e+01  -1.4796839e+01
   2.7320000e+01  -1.1287804e+01
   2.7340000e+01  -1.0174845e+01
   2.7360000e+01  -6.6279386e+00
   2.7380000e+01  -3.5172725e+00
   2.7400000e+01   2.2557365e-01
   2.7420000e+01  -3.4514657e-01
   2.7440000e+01   4.0581578e-01
   2.7460000e+01   1.0759950e+01
   2.7480000e+01   1.4774529e+01
   2.7500000e+01   1.1748804e+01
   2.7520000e+01  -1.5897678e+00
   2.7540000e+01  -7.1536511e+00
   2.7560000e+01  -5.4673108e+00
   2.7580000e+01  -6.9653322e+00
   2.7600000e+01  -1.0102883e+01
   2.7620000e+01  -1.1192626e+01
   2.7640000e+01  -1.8401930e+01
   2.7660000e+01  -4.2582770e+01
   2.7680000e+01  -5.7332634e+01
   2.7700000e+01  -5.0978232e+01
   2.7720000e+01  -2.3076059e+01
   2.7740000e+01   5.0409697e+00
   2.7760000e+01   2.3279258e+01
   2.7780000e+01   5.1471866e+01
   2.7800000e+01   6.2083991e+01
   2.7820000e+01   6.1189265e+01
   2.7840000e+01   6.4413084e+01
   2.7860000e+01   6.7076671e+01
   2.7880000e+01   7.7914833e+01
   2.7900000e+01   7.8998962e+01
   2.7920000e+01   4.7566235e+01
   2.7940000e+01   2.3128517e+00
   2.7960000e+01  -1.5061734e+01
   2.7980000e+01  -1.9280514e+01
   2.8000000e+01  -1.6281369e+01
   2.8020000e+01  -6.5178989e+00
   2.8040000e+01  -2.3104795e+00
   2.8060000e+01  -9.6162286e+00
   2.8080000e+01  -1.8627138e+01
   2.8100000e+01  -1.5018385e+01
   2.8120000e+01  -6.8187586e+00
   2.8140000e+01   1.9407534e+00
   2.8160000e+01   3.3098843e+00
   2.8180000e+01   7.4323418e+00
   2.8200000e+01   9.2780704e+00
   2.8220000e+01   3.4331523e+00
   2.8240000e+01  -1.0447508e+01
   2.8260000e+01  -3.2245654e+01
   2.8280000e+01  -4.5600745e+01
   2.8300000e+01  -4.9560087e+01
   2.8320000e+01  -4.9458508e+01
   2.8340000e+01  -4.5665010e+01
   2.8360000e+01  -2.4243889e+01
   2.8380000e+01  -2.8466058e+00
   2.8400000e+01  -8.0824450e-01
   2.8420000e+01  -7.4989766e+00
   2.8440000e+01  -1.6050576e+01
   2.8460000e+01  -1.4560663e+01
   2.8480000e+01   2.7932375e+00
   2.8500000e+01   1.9995164e+01
   2.8520000e+01   9.9195956e+00
   2.8540000e+01  -1.6543994e+01
   2.8560000e+01  -3.4851267e+01
   2.8580000e+01  -4.2426816e+01
   2.8600000e+01  -4.0214267e+01
   2.8620000e+01  -2.8587812e+01
   2.8640000e+01  -2.1283291e+01
   2.8660000e+01  -1.1877895e+01
   2.8680000e+01   2.0193657e-02
   2.8700000e+01  -3.7588288e+00
   2.8720000e+01   1.0211036e+00
   2.8740000e+01   1.6965614e+01
   2.8760000e+01   2.1545058e+01
   2.8780000e+01   2.4516180e+01
   2.8800000e+01   2.0454580e+01
   2.8820000e+01   1.0936804e+01
   2.8840000e+01   1.1615987e+01
   2.8860000e+01   1.2999671e+01
   2.8880000e+01   1.0486921e+01
   2.8900000e+01   1.4594923e+01
   2.8920000e+01   1.9269290e+01
   2.8940000e+01   1.9774868e+01
   2.8960000e+01   1.9109435e+01
   2.8980000e+01   1.1815142e+01
   2.9000000e+01   1.1121499e+01
   2.9020000e+01   9.3034807e+00
   2.9040000e+01  -3.5837425e+00
   2.9060000e+01  -1.4189416e+01
   2.9080000e+01  -1.2758976e+01
   2.9100000e+01  -1.4444123e+01
   2.9120000e+01  -2.2602701e+01
   2.9140000e+01  -2.4887857e+01
   2.9160000e+01  -2.2866726e+01
   2.9180000e+01  -1.9829159e+01
   2.9200000e+01  -1.4488808e+01
   2.9220000e+01  -5.2939936e+00
   2.9240000e+01  -4.7873318e+00
   2.9260000e+01  -6.6111505e+00
   2.9280000e+01   3.2284927e-01
   2.9300000e+01   1.2021430e+01
   2.9320000e+01   2.0866947e+01
   2.9340000e+01   1.4917762e+01
   2.9360000e+01   2.2224764e+00
   2.9380000e+01  -1.0481790e+01
   2.9400000e+01  -2.0302531e+01
   2.9420000e+01  -2.2360252e+01
   2.9440000e+01  -1.8465540e+01
   2.9460000e+01  -7.8614060e+00
   2.9480000e+01   6.0781154e+00
   2.9500000e+01   2.0943406e+01
   2.9520000e+01   2.8135587e+01
   2.9540000e+01   3.1009302e+01
   2.9560000e+01   3.1431061e+01
   2.9580000e+01   1.6091445e+01
   2.9600000e+01  -1.6955132e-01
   2.9620000e+01   1.3493215e+00
   2.9640000e+01   4.4373944e+00
   2.9660000e+01   8.2065361e+00
   2.9680000e+01   1.0253318e+01
   2.9700000e+01   1.5072832e+01
   2.9720000e+01   2.2758267e+01
   2.9740000e+01   2.6819133e+01
   2.9760000e+01   3.2764834e+01
   2.9780000e+01   2.9604259e+01
   2.9800000e+01   1.9600993e+01
   2.9820000e+01   1.3274371e+01
   2.9840000e+01   1.4124161e+01
   2.9860000e+01   9.1595226e+00
   2.9880000e+01  -2.3751365e+00
   2.9900000e+01  -1.7479060e+01
   2.9920000e+01  -3.1085770e+01
   2.9940000e+01  -3.1297218e+01
   2.9960000e+01  -1.6351476e+01
   2.9980000e+01   1.2957979e-01
   3.0000000e+01   9.4356836e+00
   3.0020000e+01   1.8933927e+01
   3.0040000e+01   2.4987096e+01
   3.0060000e+01   2.4159962e+01
   3.0080000e+01   2.0590934e+01
   3.0100000e+01   2.1541447e+01
   3.0120000e+01   1.3482356e+01
   3.0140000e+01   3.4710181e+00
   3.0160000e+01  -7.9029220e-01
   3.0180000e+01  -1.1512607e+01
   3.0200000e+01  -2.4735744e+01
   3.0220000e+01  -3.1933745e+01
   3.0240000e+01  -2.7492503e+01
   3.0260000e+01  -2.0407998e+01
   3.0280000e+01  -7.9980073e+00
   3.0300000e+01   4.3926544e+00
   3.0320000e+01   6.2666301e+00
   3.0340000e+01   1.2435057e+00
   3.0360000e+01  -2.9537952e-01
   3.0380000e+01  -4.1948719e-01
   3.0400000e+01  -2.2191328e+00
   3.0420000e+01  -2.2096511e+00
   3.0440000e+01   3.9773349e+00
   3.0460000e+01   7.6940273e+00
   3.0480000e+01   7.0472314e+00
   3.0500000e+01   1.0783330e+01
   3.0520000e+01   1.6301334e+01
   3.0540000e+01   2.6727597e+01
   3.0560000e+01   2.9273973e+01
   3.0580000e+01   2.0124791e+01
   3.0600000e+01   6.1172197e+00
   3.0620000e+01  -7.6093216e+00
   3.0640000e+01  -2.1357068e+01
   3.0660000e+01  -2.8908437e+01
   3.0680000e+01  -2.3620269e+01
   3.0700000e+01  -1.0274229e+00
   3.0720000e+01   1.5837944e+01
   3.0740000e+01   1.6348097e+01
   3.0760000e+01   2.0671725e+01
   3.0780000e+01   2.2207418e+01
   3.0800000e+01   1.5332421e+01
   3.0820000e+01   3.6250556e+00
   3.0840000e+01  -4.4940903e+00
   3.0860000e+01  -1.6047710e+01
   3.0880000e+01  -2.7448168e+01
   3.0900000e+01  -3.2535614e+01
   3.0920000e+01  -3.5608304e+01
   3.0940000e+01  -3.8360408e+01
   3.0960000e+01  -4.1027058e+01
   3.0980000e+01  -3.4858864e+01
   3.1000000e+01  -2.4134269e+01
   3.1020000e+01  -1.7084267e+01
   3.1040000e+01  -7.9210462e+00
   3.1060000e+01  -8.7294362e-01
   3.1080000e+01   6.5672862e+00
   3.1100000e+01   1.8829462e+01
   3.1120000e+01   2.3544209e+01
   3.1140000e+01   1.9543996e+01
   3.1160000e+01   6.3028165e+00
   3.1180000e+01  -1.5761706e+00
   3.1200000e+01  -1.5319100e+00
   3.1220000e+01  -8.3139479e+00
   3.1240000e+01  -2.2010714e+01
   3.1260000e+01  -2.5618301e+01
   3.1280000e+01  -1.6053501e+01
   3.1300000e+01  -1.0119820e+01
   3.1320000e+01  -3.8993487e+00
   3.1340000e+01  -2.8289335e+00
   3.1360000e+01  -5.2490454e+00
   3.1380000e+01  -2.6532196e+00
   3.1400000e+01  -5.3023231e+00
   3.1420000e+01  -4.8009050e+00
   3.1440000e+01  -3.5516653e+00
   3.1460000e+01   7.1287358e-01
   3.1480000e+01   6.9292584e+00
   3.1500000e+01   2.3848663e+00
   3.1520000e+01  -6.5490238e+00
   3.1540000e+01  -1.6423012e+01
   3.1560000e+01  -1.8629874e+01
   3.1580000e+01  -1.8215590e+01
   3.1600000e+01  -1.1426873e+01
   3.1620000e+01  -2.3365446e+00
   3.1640000e+01   2.8240276e+00
   3.1660000e+01   4.3403074e+00
   3.1680000e+01  -2.2684116e-01
   3.1700000e+01   1.9533023e+00
   3.1720000e+01   1.7727211e+01
   3.1740000e+01   2.5421108e+01
   3.1760000e+01   2.1788290e+01
   3.1780000e+01   2.2093474e+01
   3.1800000e+01   2.0411072e+01
   3.1820000e+01   2.2594564e+01
   3.1840000e+01   2.7861126e+01
   3.1860000e+01   3.1476880e+01
   3.1880000e+01   3.0981863e+01
   3.1900000e+01   2.5604416e+01
   3.1920000e+01   2.1056283e+01
   3.1940000e+01   2.2328185e+01
   3.1960000e+01   2.0892597e+01
   3.1980000e+01   1.7450731e+01
   3.2000000e+01   1.5410053e+01
   3.2020000e+01   1.3506810e+01
   3.2040000e+01   1.5670337e+01
   3.2060000e+01   1.3448272e+01
   3.2080000e+01   5.7790945e+00
   3.2100000e+01  -3.6149702e+00
   3.2120000e+01  -1.2371647e+01
   3.2140000e+01  -1.9371810e+01
   3.2160000e+01  -2.4294346e+01
   3.2180000e+01  -2.1474115e+01
   3.2200000e+01  -2.0908903e+01
   3.2220000e+01  -2.1691897e+01
   3.2240000e+01  -1.6317580e+01
   3.2260000e+01  -1.0358818e+01
   3.2280000e+01   3.2452433e+00
   3.2300000e+01   1.8102276e+01
   3.2320000e+01   2.5179921e+01
   3.2340000e+01   2.2314081e+01
   3.2360000e+01   4.7737939e+00
   3.2380000e+01  -9.7255423e+00
   3.2400000e+01  -1.5733213e+01
   3.2420000e+01  -2.5278231e+01
   3.2440000e+01  -3.1842905e+01
   3.2460000e+01  -3.2030224e+01
   3.2480000e+01  -2.5614502e+01
   3.2500000e+01  -1.7180930e+01
   3.2520000e+01  -1.1404392e+01
   3.2540000e+01  -2.7422973e+00
   3.2560000e+01   8.3516819e+00
   3.2580000e+01   1.6171985e+01
   3.2600000e+01   2.1935642e+01
   3.2620000e+01   1.7758145e+01
   3.2640000e+01  -8.6736393e-01
   3.2660000e+01  -1.3787403e+01
   3.2680000e+01  -1.7303469e+01
   3.2700000e+01  -1.7712677e+01
   3.2720000e+01  -1.3245407e+01
   3.2740000e+01  -1.2498387e+01
   3.2760000e+01  -1.8810313e+01
   3.2780000e+01  -1.9835880e+01
   3.2800000e+01  -1.1671542e+01
   3.2820000e+01  -9.7135937e-01
   3.2840000e+01   5.6891804e+00
   3.2860000e+01   8.8546606e+00
   3.2880000e+01   1.1749784e+01
   3.2900000e+01   1.5217687e+01
   3.2920000e+01   2.0649110e+01
   3.2940000e+01   1.9503602e+01
   3.2960000e+01   6.5831606e+00
   3.2980000e+01  -4.5340595e+00
   3.3000000e+01  -6.2362996e+00
   3.3020000e+01  -1.0190402e+01
   3.3040000e+01  -1.5403891e+01
   3.3060000e+01  -1.5652079e+01
   3.3080000e+01  -3.9594866e+00
   3.3100000e+01   9.9788343e+00
   3.3120000e+01   1.7221083e+01
   3.3140000e+01   2.5456884e+01
   3.3160000e+01   2.4997920e+01
   3.3180000e+01   1.7487670e+01
   3.3200000e+01   7.9748908e+00
   3.3220000e+01  -9.0016922e-01
   3.3240000e+01  -6.3444128e+00
   3.3260000e+01  -1.0049543e+01
   3.3280000e+01  -8.7235831e+00
   3.3300000e+01  -1.9850733e-01
   3.3320000e+01   3.0713200e+00
   3.3340000e+01   3.3579172e+00
   3.3360000e+01   6.3446441e+00
   3.3380000e+01   6.1262927e+00
   3.3400000e+01   9.6802042e+00
   3.3420000e+01   1.2812612e+01
   3.3440000e+01   8.9124266e+00
   3.3460000e+01   4.9405885e+00
   3.3480000e+01   1.1306339e+00
   3.3500000e+01  -3.9365268e-01
   3.3520000e+01   2.3351682e-02
   3.3540000e+01   1.8154251e+00
   3.3560000e+01   5.6386635e+00
   3.3580000e+01   7.0574593e+00
   3.3600000e+01   7.3238907e+00
   3.3620000e+01  -2.4470994e-02
   3.3640000e+01  -6.9484345e+00
   3.3660000e+01  -9.7620352e+00
   3.3680000e+01  -1.3560091e+01
   3.3700000e+01  -1.6578581e+01
   3.3720000e+01  -1.3135233e+01
   3.3740000e+01  -2.3879592e+00
   3.3760000e+01   4.8910112e+00
   3.3780000e+01   7.3047115e+00
   3.3800000e+01   7.0673468e+00
   3.3820000e+01   6.2916062e+00
   3.3840000e+01   6.1442624e+00
   3.3860000e+01   8.5632295e+00
   3.3880000e+01   8.8845540e+00
   3.3900000e+01   2.0253812e+00
   3.3920000e+01  -2.1227103e+00
   3.3940000e+01  -4.3580173e+00
   3.3960000e+01  -5.2723409e+00
   3.3980000e+01  -4.5372882e+00
   3.4000000e+01  -7.1673333e+00
   3.4020000e+01  -1.1216973e+01
   3.4040000e+01  -1.0333240e+01
   3.4060000e+01  -5.1869017e+00
   3.4080000e+01  -1.2586319e+00
   3.4100000e+01   5.4240521e+00
   3.4120000e+01   7.1591973e+00
   3.4140000e+01   4.4906103e+00
   3.4160000e+01   6.8253571e-01
   3.4180000e+01  -8.7182970e-01
   3.4200000e+01  -2.1031384e+00
   3.4220000e+01  -5.7342656e+00
   3.4240000e+01  -6.2704998e+00
   3.4260000e+01  -3.8408340e+00
   3.4280000e+01  -7.4172488e-01
   3.4300000e+01  -1.4282113e+00
   3.4320000e+01  -2.4096317e+00
   3.4340000e+01  -5.3023801e+00
   3.4360000e+01  -7.7179786e+00
   3.4380000e+01  -4.4160189e+00
   3.4400000e+01  -1.7744906e+00
   3.4420000e+01  -2.4263499e+00
   3.4440000e+01  -4.3308301e+00
   3.4460000e+01  -5.4494742e+00
   3.4480000e+01  -5.1180176e+00
   3.4500000e+01  -5.1639802e+00
   3.4520000e+01  -4.6636649e+00
   3.4540000e+01  -2.4637677e+00
   3.4560000e+01  -4.7021878e-01
   3.4580000e+01   1.8896767e+00
   3.4600000e+01   7.6920172e+00
   3.4620000e+01   5.9493248e+00
   3.4640000e+01  -3.8944046e+00
   3.4660000e+01  -1.0294121e+01
   3.4680000e+01  -1.2674950e+01
   3.4700000e+01  -9.9525546e+00
   3.4720000e+01  -4.3975100e+00
   3.4740000e+01  -1.5341076e+00
   3.4760000e+01  -2.7077659e+00
   3.4780000e+01  -1.0605608e+01
   3.4800000e+01  -1.7691235e+01
   3.4820000e+01  -2.0671939e+01
   3.4840000e+01  -1.8382971e+01
   3.4860000e+01  -7.9273768e+00
   3.4880000e+01   1.3019570e+00
   3.4900000e+01   4.7501153e+00
   3.4920000e+01   4.8494575e+00
   3.4940000e+01   5.9115212e+00
   3.4960000e+01   8.4406376e+00
   3.4980000e+01   1.3510171e+01
   3.5000000e+01   1.7928836e+01
   3.5020000e+01   2.3456395e+01
   3.5040000e+01   2.8180845e+01
   3.5060000e+01   2.7802068e+01
   3.5080000e+01   2.3445488e+01
   3.5100000e+01   1.6833174e+01
   3.5120000e+01   8.2024265e+00
   3.5140000e+01  -2.8224370e-01
   3.5160000e+01  -5.2099770e+00
   3.5180000e+01  -9.1494984e+00
   3.5200000e+01  -1.0005808e+01
   3.5220000e+01  -9.4435500e+00
   3.5240000e+01  -2.8534705e+00
   3.5260000e+01   3.5147393e+00
   3.5280000e+01   8.8995627e+00
   3.5300000e+01   6.3639844e+00
   3.5320000e+01  -2.9739885e+00
   3.5340000e+01  -2.8110656e+00
   3.5360000e+01  -4.6172805e+00
   3.5380000e+01  -8.6926144e+00
   3.5400000e+01  -1.2429129e+01
   3.5420000e+01  -1.1152189e+01
   3.5440000e+01  -1.2794505e+01
   3.5460000e+01  -9.3851800e+00
   3.5480000e+01  -7.3844135e+00
   3.5500000e+01  -1.0411620e+01
   3.5520000e+01  -5.5721434e+00
   3.5540000e+01   1.8038765e-01
   3.5560000e+01   5.7443036e+00
   3.5580000e+01   6.9303739e+00
   3.5600000e+01   1.2827385e+01
   3.5620000e+01   1.7508180e+01
   3.5640000e+01   1.7473147e+01
   3.5660000e+01   1.2303752e+01
   3.5680000e+01   5.9264596e+00
   3.5700000e+01   2.7999884e+00
   3.5720000e+01   3.0932486e+00
   3.5740000e+01   1.7435893e+00
   3.5760000e+01   1.1621782e+00
   3.5780000e+01   5.9772731e-01
   3.5800000e+01  -2.9251807e+00
   3.5820000e+01  -4.6175336e+00
   3.5840000e+01  -6.7980974e+00
   3.5860000e+01  -1.1858043e+01
   3.5880000e+01  -1.9513146e+01
   3.5900000e+01  -2.2791998e+01
   3.5920000e+01  -1.7839209e+01
   3.5940000e+01  -9.4187267e+00
   3.5960000e+01  -4.1840259e+00
   3.5980000e+01   5.1056689e+00
   3.6000000e+01   8.4471230e+00
   3.6020000e+01   7.0608793e-01
   3.6040000e+01  -6.6041010e+00
   3.6060000e+01  -9.0788692e+00
   3.6080000e+01  -1.1500776e+01
   3.6100000e+01  -6.3597680e+00
   3.6120000e+01  -3.9641641e+00
   3.6140000e+01  -5.6904201e+00
   3.6160000e+01   1.1572714e+00
   3.6180000e+01   2.9461563e+00
   3.6200000e+01   2.8881932e+00
   3.6220000e+01   4.4560673e+00
   3.6240000e+01   1.0961977e+01
   3.6260000e+01   1.7641213e+01
   3.6280000e+01   1.6656955e+01
   3.6300000e+01   1.5731831e+01
   3.6320000e+01   1.4337055e+01
   3.6340000e+01   9.5557048e+00
   3.6360000e+01   4.7865950e+00
   3.6380000e+01   2.5158329e+00
   3.6400000e+01   9.0428232e-01
   3.6420000e+01  -3.9934900e+00
   3.6440000e+01  -4.1638889e+00
   3.6460000e+01  -4.8791263e+00
   3.6480000e+01  -6.2949032e+00
   3.6500000e+01   1.8648038e-01
   3.6520000e+01  -2.7103303e-01
   3.6540000e+01  -2.3853884e+00
   3.6560000e+01  -1.3693864e+00
   3.6580000e+01   3.1880214e+00
   3.6600000e+01   9.3083706e+00
   3.6620000e+01   9.0122603e+00
   3.6640000e+01   4.6144177e+00
   3.6660000e+01  -3.2756675e+00
   3.6680000e+01  -7.1950271e+00
   3.6700000e+01  -3.1234859e+00
   3.6720000e+01   3.2796777e+00
   3.6740000e+01   6.7817492e+00
   3.6760000e+01   9.0406193e+00
   3.6780000e+01   7.9753739e+00
   3.6800000e+01   4.3556945e+00
   3.6820000e+01  -1.1739610e+00
   3.6840000e+01  -6.5047722e+00
   3.6860000e+01  -7.6789959e+00
   3.6880000e+01  -6.0070115e+00
   3.6900000e+01  -4.1552723e+00
   3.6920000e+01  -1.8631937e+00
   3.6940000e+01   3.0560564e+00
   3.6960000e+01   8.0572356e+00
   3.6980000e+01   1.1878287e+01
   3.7000000e+01   1.2830304e+01
   3.7020000e+01   7.5230080e+00
   3.7040000e+01   1.5205375e+00
   3.7060000e+01  -7.8284207e-01
   3.7080000e+01  -4.1183722e+00
   3.7100000e+01  -9.0026931e+00
   3.7120000e+01  -1.4146385e+01
   3.7140000e+01  -1.6800661e+01
   3.7160000e+01  -1.6838687e+01
   3.7180000e+01  -1.2791789e+01
   3.7200000e+01  -6.9733771e+00
   3.7220000e+01  -3.1007829e+00
   3.7240000e+01   1.2025781e+00
   3.7260000e+01   5.7396972e+00
   3.7280000e+01   1.0597684e+01
   3.7300000e+01   1.0975907e+01
   3.7320000e+01   5.0050905e+00
   3.7340000e+01  -1.1895646e-01
   3.7360000e+01  -4.1176550e+00
   3.7380000e+01  -9.9721774e+00
   3.7400000e+01  -1.5223735e+01
   3.7420000e+01  -1.5530990e+01
   3.7440000e+01  -9.8066110e+00
   3.7460000e+01  -2.8398840e+00
   3.7480000e+01   4.6347577e-01
   3.7500000e+01   3.7644198e+00
   3.7520000e+01   5.0442849e+00
   3.7540000e+01   3.4948708e+00
   3.7560000e+01  -3.7701359e-01
   3.7580000e+01  -5.1602556e+00
   3.7600000e+01  -3.9646188e+00
   3.7620000e+01   1.6940877e-02
   3.7640000e+01   6.5986978e+00
   3.7660000e+01   1.2669019e+01
   3.7680000e+01   1.5469042e+01
   3.7700000e+01   1.4572835e+01
   3.7720000e+01   6.7164516e+00
   3.7740000e+01  -2.0593116e+00
   3.7760000e+01  -5.2024903e+00
   3.7780000e+01  -5.7870210e+00
   3.7800000e+01  -5.4234220e+00
   3.7820000e+01  -6.5170087e+00
   3.7840000e+01  -7.5349652e+00
   3.7860000e+01  -5.7350195e+00
   3.7880000e+01  -3.7380605e+00
   3.7900000e+01  -6.1235142e-01
   3.7920000e+01   1.2482212e+00
   3.7940000e+01   2.0242993e-01
   3.7960000e+01  -2.4376301e+00
   3.7980000e+01  -3.7915688e+00
   3.8000000e+01  -3.7947765e+00
   3.8020000e+01  -2.5727842e+00
   3.8040000e+01  -4.9452169e-01
   3.8060000e+01   2.3440685e+00
   3.8080000e+01   6.5324515e+00
   3.8100000e+01   7.4113821e+00
   3.8120000e+01   5.8573751e+00
   3.8140000e+01   4.6854247e+00
   3.8160000e+01   3.3811217e+00
   3.8180000e+01   2.8627849e+00
   3.8200000e+01   8.5869647e-01
   3.8220000e+01  -2.4757907e+00
   3.8240000e+01  -3.9995491e+00
   3.8260000e+01  -3.0762696e+00
   3.8280000e+01   8.4128014e-02
   3.8300000e+01   2.8047126e+00
   3.8320000e+01   3.2655653e+00
   3.8340000e+01   2.8997967e+00
   3.8360000e+01   3.3435781e+00
   3.8380000e+01   2.5838391e+00
   3.8400000e+01   9.7961221e-01
   3.8420000e+01   7.1940885e-04
   3.8440000e+01  -1.5442163e+00
   3.8460000e+01  -3.3071892e+00
   3.8480000e+01  -4.8490817e+00
   3.8500000e+01  -5.3499798e+00
   3.8520000e+01  -4.8502865e+00
   3.8540000e+01  -3.5721924e+00
   3.8560000e+01  -2.2009913e+00
   3.8580000e+01  -1.7826928e+00
   3.8600000e+01  -1.6984616e+00
   3.8620000e+01  -6.3540646e-01
   3.8640000e+01   9.7204988e-01
   3.8660000e+01   1.7517243e+00
   3.8680000e+01   1.9444486e+00
   3.8700000e+01   2.0377652e+00
   3.8720000e+01   2.0233597e+00
   3.8740000e+01   2.8708414e+00
   3.8760000e+01   4.2761376e+00
   3.8780000e+01   4.7726565e+00
   3.8800000e+01   3.7994184e+00
   3.8820000e+01   2.7332382e+00
   3.8840000e+01   2.8555511e+00
   3.8860000e+01   2.6747084e+00
   3.8880000e+01   1.6180711e+00
   3.8900000e+01   6.0714849e-01
   3.8920000e+01   5.7730937e-01
   3.8940000e+01   1.1838896e+00
   3.8960000e+01   1.6371747e+00
   3.8980000e+01   1.1490724e+00
   3.9000000e+01   8.2113014e-01
   3.9020000e+01   9.0375487e-01
   3.9040000e+01   7.5896857e-01
   3.9060000e+01   4.3494161e-01
   3.9080000e+01  -3.1445955e-01
   3.9100000e+01  -6.3325871e-01
   3.9120000e+01  -4.6641995e-01
   3.9140000e+01   7.8470922e-02
   3.9160000e+01   4.3587531e-01
   3.9180000e+01   6.4239336e-01
   3.9200000e+01   1.0400786e+00
   3.9220000e+01   1.4572685e+00
   3.9240000e+01   1.8868744e+00
   3.9260000e+01   2.2183166e+00
   3.9280000e+01   2.1573105e+00
   3.9300000e+01   1.9555743e+00
   3.9320000e+01   1.7948086e+00
   3.9340000e+01   1.3372155e+00
   3.9360000e+01   9.3560802e-01
   3.9380000e+01   7.5122475e-01
   3.9400000e+01   7.9669494e-01
   3.9420000e+01   7.0244823e-01
   3.9440000e+01   3.3282164e-01
   3.9460000e+01  -4.3831450e-02
   3.9480000e+01  -2.4036397e-01
   3.9500000e+01  -2.0216888e-01
   3.9520000e+01  -1.6107454e-01
   3.9540000e+01  -9.9166056e-02
   3.9560000e+01  -5.5666821e-02
   3.9580000e+01  -5.9561672e-02
   3.9600000e+01  -1.0914377e-01
   3.9620000e+01  -2.4130913e-01
   3.9640000e+01  -2.9290437e-01
   3.9660000e+01  -2.4400198e-01
   3.9680000e+01  -2.5388939e-01
   3.9700000e+01  -2.5432798e-01
   3.9720000e+01  -2.6282844e-01
   3.9740000e+01  -2.7892949e-01
   3.9760000e+01  -2.6142959e-01
   3.9780000e+01  -1.9662208e-01
   3.9800000e+01  -1.0986586e-01
   3.9820000e+01  -1.3654138e-02
   3.9840000e+01   6.1156006e-02
   3.9860000e+01   1.1238347e-01
   3.9880000e+01   1.3390312e-01
   3.9900000e+01   1.2849683e-01
   3.9920000e+01   1.3161086e-01
   3.9940000e+01   1.3863945e-01
   3.9960000e+01   1.6300569e-01
   3.9980000e+01   1.8449413e-01
