   0.0000000e+00  -4.0306148e-01
   2.0000000e-02  -1.1140902e+00
   4.0000000e-02  -4.2670130e-01
   6.0000000e-02   8.6697327e-01
   8.0000000e-02   2.3001625e+00
   1.0000000e-01   2.8161286e+00
   1.2000000e-01   1.1653447e+00
   1.4000000e-01  -7.5510178e-01
   1.6000000e-01  -2.5193288e+00
   1.8000000e-01  -2.2777905e+00
   2.0000000e-01  -1.9842081e+00
   2.2000000e-01  -2.3631874e+00
   2.4000000e-01  -1.4333742e+00
   2.6000000e-01   2.8980912e-01
   2.8000000e-01   2.5953360e+00
   3.0000000e-01   4.8236970e+00
   3.2000000e-01   4.3999762e+00
   3.4000000e-01   1.2086599e+00
   3.6000000e-01  -2.7751979e+00
   3.8000000e-01  -5.1953351e+00
   4.0000000e-01  -4.7781999e+00
   4.2000000e-01  -1.6482992e+00
   4.4000000e-01   1.1914530e+00
   4.6000000e-01   1.2877037e+00
   4.8000000e-01   2.2124933e+00
   5.0000000e-01   2.1891493e+00
   5.2000000e-01  -1.9169001e-01
   5.4000000e-01  -2.5962425e+00
   5.6000000e-01   1.9246503e-01
   5.8000000e-01   1.1914180e+00
   6.0000000e-01  -3.3687084e+00
   6.2000000e-01  -9.3843963e+00
   6.4000000e-01  -6.1447625e+00
   6.6000000e-01  -2.0019616e+00
   6.8000000e-01  -8.7482490e+00
   7.0000000e-01  -4.4647206e+00
   7.2000000e-01   7.7204548e+00
   7.4000000e-01   1.1348540e+01
   7.6000000e-01   1.2329163e+01
   7.8000000e-01   1.4527479e+01
   8.0000000e-01   1.1061190e+01
   8.2000000e-01   6.1549944e+00
   8.4000000e-01   4.6017161e+00
   8.6000000e-01   1.0057447e+00
   8.8000000e-01  -5.1514332e+00
   9.0000000e-01  -5.7215496e+00
   9.2000000e-01  -7.0797399e-01
   9.4000000e-01   5.5511524e+00
   9.6000000e-01  -4.8484494e+00
   9.8000000e-01  -1.6457187e+01
   1.0000000e+00  -2.3016094e+01
   1.0200000e+00  -2.5093518e+01
   1.0400000e+00  -9.2308054e+00
   1.0600000e+00   8.9701969e+00
   1.0800000e+00   2.1088532e+01
   1.1000000e+00   2.0409247e+01
   1.1200000e+00   1.3622256e+01
   1.1400000e+00  -2.0497562e+00
   1.1600000e+00  -6.4430050e+00
   1.1800000e+00   1.9097435e+00
   1.2000000e+00   1.4316995e+01
   1.2200000e+00   2.2100970e+01
   1.2400000e+00   1.2391602e+01
   1.2600000e+00  -3.9775265e-01
   1.2800000e+00  -1.4241951e+01
   1.3000000e+00  -1.9919318e+01
   1.3200000e+00  -7.3117342e+00
   1.3400000e+00   1.1940611e+01
   1.3600000e+00   1.1767071e+01
   1.3800000e+00   5.1763564e+00
   1.4000000e+00  -1.8960512e+00
   1.4200000e+00  -1.6162849e+01
   1.4400000e+00  -2.5672267e+01
   1.4600000e+00  -2.3660158e+01
   1.4800000e+00  -9.9755944e+00
   1.5000000e+00  -2.6861281e+00
   1.5200000e+00   3.3757096e+00
   1.5400000e+00   1.5240337e+01
   1.5600000e+00   2.0154977e+01
   1.5800000e+00   1.7109393e+01
   1.6000000e+00   1.1549004e+01
   1.6200000e+00   1.1645564e+01
   1.6400000e+00   1.0179795e+01
   1.6600000e+00   8.3124739e+00
   1.6800000e+00   4.6810049e+00
   1.7000000e+00  -5.4378136e+00
   1.7200000e+00  -1.3062976e+01
   1.7400000e+00  -1.9474101e+01
   1.7600000e+00  -1.3269305e+01
   1.7800000e+00  -2.2414256e+00
   1.8000000e+00  -1.5833332e+00
   1.8200000e+00  -4.8500072e+00
   1.8400000e+00  -9.3340163e+00
   1.8600000e+00  -9.2429626e+00
   1.8800000e+00  -6.7609457e+00
   1.9000000e+00  -2.1887783e+00
   1.9200000e+00   6.9276638e+00
   1.9400000e+00   1.3264962e+01
   1.9600000e+00   9.3580610e+00
   1.9800000e+00   1.8122477e+00
   2.0000000e+00   1.9467895e+00
   2.0200000e+00   4.6474056e+00
   2.0400000e+00   5.9723247e+00
   2.0600000e+00   3.2487644e+00
   2.0800000e+00   3.1773794e-01
   2.1000000e+00  -4.1736268e+00
   2.1200000e+00  -1.1876136e+01
   2.1400000e+00  -5.9793532e+00
   2.1600000e+00   9.9484390e+00
   2.1800000e+00   1.7143872e+01
   2.2000000e+00   1.1092424e+01
   2.2200000e+00   3.3455017e+00
   2.2400000e+00  -2.5770334e+00
   2.2600000e+00  -9.5744460e+00
   2.2800000e+00  -1.4235744e+01
   2.3000000e+00  -1.3847655e+01
   2.3200000e+00  -8.9861815e+00
   2.3400000e+00  -6.9520702e+00
   2.3600000e+00  -5.1192736e+00
   2.3800000e+00  -1.2039407e-01
   2.4000000e+00   9.2613121e-01
   2.4200000e+00  -1.8634369e+00
   2.4400000e+00  -4.0983450e+00
   2.4600000e+00  -2.2789830e+00
   2.4800000e+00   2.9149814e+00
   2.5000000e+00   2.6408478e+00
   2.5200000e+00  -5.5852766e+00
   2.5400000e+00  -1.6386819e+01
   2.5600000e+00  -2.8879165e+01
   2.5800000e+00  -4.0348946e+01
   2.6000000e+00  -4.6325507e+01
   2.6200000e+00  -4.8804568e+01
   2.6400000e+00  -5.1158761e+01
   2.6600000e+00  -5.9541555e+01
   2.6800000e+00  -6.7143171e+01
   2.7000000e+00  -7.2338798e+01
   2.7200000e+00  -7.3457414e+01
   2.7400000e+00  -6.6921332e+01
   2.7600000e+00  -4.7619495e+01
   2.7800000e+00  -1.4772588e+01
   2.8000000e+00   1.6608756e+01
   2.8200000e+00   5.3541173e+01
   2.8400000e+00   8.1067844e+01
   2.8600000e+00   1.0166080e+02
   2.8800000e+00   1.2186272e+02
   2.9000000e+00   1.3642042e+02
   2.9200000e+00   1.5222907e+02
   2.9400000e+00   1.6496673e+02
   2.9600000e+00   1.7301620e+02
   2.9800000e+00   1.7166116e+02
   3.0000000e+00   1.6291595e+02
   3.0200000e+00   1.4480915e+02
   3.0400000e+00   1.0251344e+02
   3.0600000e+00   4.3343946e+01
   3.0800000e+00  -7.8118867e+00
   3.1000000e+00  -5.4525967e+01
   3.1200000e+00  -1.0173178e+02
   3.1400000e+00  -1.4349824e+02
   3.1600000e+00  -1.7470418e+02
   3.1800000e+00  -1.9392029e+02
   3.2000000e+00  -2.0039795e+02
   3.2200000e+00  -2.0181139e+02
   3.2400000e+00  -1.6191038e+02
   3.2600000e+00  -6.2304409e+01
   3.2800000e+00   2.6087869e+01
   3.3000000e+00   7.3944486e+01
   3.3200000e+00   9.6907992e+01
   3.3400000e+00   8.8863668e+01
   3.3600000e+00   5.7921475e+01
   3.3800000e+00   2.1803979e+01
   3.4000000e+00   6.2530125e-02
   3.4200000e+00   3.4724836e-01
   3.4400000e+00   1.8795261e+01
   3.4600000e+00   4.0739597e+01
   3.4800000e+00   4.3446127e+01
   3.5000000e+00   2.4112524e+01
   3.5200000e+00  -5.1888502e+00
   3.5400000e+00  -2.1736012e+01
   3.5600000e+00  -3.0792058e+01
   3.5800000e+00  -2.8547618e+01
   3.6000000e+00  -2.2886061e+01
   3.6200000e+00  -2.7299335e+01
   3.6400000e+00  -2.6843146e+01
   3.6600000e+00  -2.7649639e+01
   3.6800000e+00  -2.3441089e+01
   3.7000000e+00  -1.0968033e+01
   3.7200000e+00  -7.3985335e+00
   3.7400000e+00  -5.2928949e+00
   3.7600000e+00  -2.9616070e+00
   3.7800000e+00   4.1399387e+00
   3.8000000e+00   1.9701261e+01
   3.8200000e+00   3.3911693e+01
   3.8400000e+00   3.1382762e+01
   3.8600000e+00   1.2728944e+01
   3.8800000e+00  -3.3138292e+00
   3.9000000e+00  -1.2623123e+01
   3.9200000e+00  -9.9112850e+00
   3.9400000e+00   4.1563081e-02
   3.9600000e+00   3.8859831e+00
   3.9800000e+00  -3.2322697e+00
   4.0000000e+00  -1.9276527e+01
   4.0200000e+00  -3.6849444e+01
   4.0400000e+00  -3.8406154e+01
   4.0600000e+00  -1.9426281e+01
   4.0800000e+00   5.7687099e+00
   4.1000000e+00   2.2233185e+01
   4.1200000e+00   2.3901446e+01
   4.1400000e+00   1.8883336e+01
   4.1600000e+00   1.5643937e+01
   4.1800000e+00   1.4512007e+01
   4.2000000e+00   1.4286274e+01
   4.2200000e+00   5.5776005e+00
   4.2400000e+00  -1.3894189e+01
   4.2600000e+00  -3.5985626e+01
   4.2800000e+00  -4.9964459e+01
   4.3000000e+00  -5.0782269e+01
   4.3200000e+00  -3.6822232e+01
   4.3400000e+00  -1.0978629e+01
   4.3600000e+00   1.6953057e+01
   4.3800000e+00   3.7160928e+01
   4.4000000e+00   4.7413984e+01
   4.4200000e+00   5.0157106e+01
   4.4400000e+00   5.0322965e+01
   4.4600000e+00   4.8289190e+01
   4.4800000e+00   4.4736787e+01
   4.5000000e+00   4.3203296e+01
   4.5200000e+00   3.9982266e+01
   4.5400000e+00   3.1892401e+01
   4.5600000e+00   1.1418292e+01
   4.5800000e+00  -9.5786402e+00
   4.6000000e+00  -2.8106287e+01
   4.6200000e+00  -4.4261177e+01
   4.6400000e+00  -5.5546000e+01
   4.6600000e+00  -6.3150911e+01
   4.6800000e+00  -6.4348616e+01
   4.7000000e+00  -6.0694198e+01
   4.7200000e+00  -5.1137688e+01
   4.7400000e+00  -4.4305955e+01
   4.7600000e+00  -4.2052926e+01
   4.7800000e+00  -4.2999606e+01
   4.8000000e+00  -4.4873603e+01
   4.8200000e+00  -4.0998342e+01
   4.8400000e+00  -2.9751061e+01
   4.8600000e+00  -9.8637629e+00
   4.8800000e+00   1.4174244e+01
   4.9000000e+00   3.4519544e+01
   4.9200000e+00   4.4648802e+01
   4.9400000e+00   4.7721538e+01
   4.9600000e+00   4.5530498e+01
   4.9800000e+00   4.0735083e+01
   5.0000000e+00   4.1128470e+01
   5.0200000e+00   4.7761108e+01
   5.0400000e+00   6.0041625e+01
   5.0600000e+00   7.0683536e+01
   5.0800000e+00   7.1950980e+01
   5.1000000e+00   6.7296335e+01
   5.1200000e+00   5.9924282e+01
   5.1400000e+00   4.8047913e+01
   5.1600000e+00   3.6564079e+01
   5.1800000e+00   2.6057895e+01
   5.2000000e+00   1.6030325e+01
   5.2200000e+00   7.8745824e+00
   5.2400000e+00  -3.2922216e+00
   5.2600000e+00  -1.4371659e+01
   5.2800000e+00  -1.6524610e+01
   5.3000000e+00  -1.7115091e+01
   5.3200000e+00  -1.5424659e+01
   5.3400000e+00  -1.2702549e+01
   5.3600000e+00  -1.3792146e+01
   5.3800000e+00  -1.6771424e+01
   5.4000000e+00  -2.2205300e+01
   5.4200000e+00  -2.8933378e+01
   5.4400000e+00  -3.6242400e+01
   5.4600000e+00  -4.0383791e+01
   5.4800000e+00  -4.3863647e+01
   5.5000000e+00  -4.5224447e+01
   5.5200000e+00  -4.4150422e+01
   5.5400000e+00  -4.0776446e+01
   5.5600000e+00  -3.3448863e+01
   5.5800000e+00  -2.5348559e+01
   5.6000000e+00  -1.8909122e+01
   5.6200000e+00  -1.2410944e+01
   5.6400000e+00  -6.7965763e+00
   5.6600000e+00  -4.4921862e+00
   5.6800000e+00  -3.5863347e+00
   5.7000000e+00  -1.5422329e+00
   5.7200000e+00   1.4500913e+00
   5.7400000e+00   4.7566287e+00
   5.7600000e+00   8.9583937e+00
   5.7800000e+00   1.3718192e+01
   5.8000000e+00   1.9428463e+01
   5.8200000e+00   2.4038250e+01
   5.8400000e+00   2.5126875e+01
   5.8600000e+00   2.2671075e+01
   5.8800000e+00   1.8955610e+01
   5.9000000e+00   1.4468688e+01
   5.9200000e+00   6.9226903e+00
   5.9400000e+00   2.2879979e+00
   5.9600000e+00   1.8397573e+00
   5.9800000e+00   3.5821783e+00
   6.0000000e+00   3.0455275e+00
   6.0200000e+00   8.3788447e-01
   6.0400000e+00  -2.1648992e+00
   6.0600000e+00  -7.1856328e+00
   6.0800000e+00  -1.0001537e+01
   6.1000000e+00  -1.1065742e+01
   6.1200000e+00  -7.5829496e+00
   6.1400000e+00  -5.6909391e+00
   6.1600000e+00  -5.4364378e+00
   6.1800000e+00  -5.3122413e+00
   6.2000000e+00  -5.0888982e+00
   6.2200000e+00  -3.0659638e+00
   6.2400000e+00   3.8943957e+00
   6.2600000e+00   1.0686490e+01
   6.2800000e+00   1.3177021e+01
   6.3000000e+00   1.6599119e+01
   6.3200000e+00   1.6040394e+01
   6.3400000e+00   1.3007568e+01
   6.3600000e+00   7.1563801e+00
   6.3800000e+00   1.7529306e+00
   6.4000000e+00  -3.8350558e-01
   6.4200000e+00  -3.9251142e+00
   6.4400000e+00  -7.4813443e+00
   6.4600000e+00  -1.1260166e+01
   6.4800000e+00  -1.4943182e+01
   6.5000000e+00  -1.6917066e+01
   6.5200000e+00  -1.7387454e+01
   6.5400000e+00  -1.4842275e+01
   6.5600000e+00  -1.0312781e+01
   6.5800000e+00  -5.6439259e+00
   6.6000000e+00  -1.7190729e+00
   6.6200000e+00  -9.8908843e-01
   6.6400000e+00  -9.2338394e-01
   6.6600000e+00  -1.2594352e+00
   6.6800000e+00  -8.1958259e-01
   6.7000000e+00   3.2676422e+00
   6.7200000e+00   7.2158795e+00
   6.7400000e+00   1.0759207e+01
   6.7600000e+00   1.2330517e+01
   6.7800000e+00   1.0448889e+01
   6.8000000e+00   6.8992731e+00
   6.8200000e+00   4.6276590e+00
   6.8400000e+00   3.1138425e+00
   6.8600000e+00   1.1831306e+00
   6.8800000e+00  -1.3656862e+00
   6.9000000e+00  -3.6115914e+00
   6.9200000e+00  -6.0148616e+00
   6.9400000e+00  -8.0483826e+00
   6.9600000e+00  -8.1189967e+00
   6.9800000e+00  -8.2167083e+00
   7.0000000e+00  -7.4790006e+00
   7.0200000e+00  -7.0345319e+00
   7.0400000e+00  -7.8242609e+00
   7.0600000e+00  -8.8480388e+00
   7.0800000e+00  -8.4253387e+00
   7.1000000e+00  -7.0644954e+00
   7.1200000e+00  -4.7327441e+00
   7.1400000e+00  -1.0923797e+00
   7.1600000e+00   2.3902910e+00
   7.1800000e+00   4.4147391e+00
   7.2000000e+00   7.3979458e+00
   7.2200000e+00   9.8553835e+00
   7.2400000e+00   1.1166004e+01
   7.2600000e+00   1.1797758e+01
   7.2800000e+00   9.2145858e+00
   7.3000000e+00   6.8616746e+00
   7.3200000e+00   5.0369387e+00
   7.3400000e+00   5.0547964e+00
   7.3600000e+00   6.5394327e+00
   7.3800000e+00   5.7128463e+00
   7.4000000e+00   3.8935569e+00
   7.4200000e+00   2.1475207e+00
   7.4400000e+00   9.4733697e-01
   7.4600000e+00   9.0626004e-01
   7.4800000e+00   1.1460630e+00
   7.5000000e+00   2.8399279e+00
   7.5200000e+00   4.6007152e+00
   7.5400000e+00   5.5026639e+00
   7.5600000e+00   5.9002613e+00
   7.5800000e+00   5.7801258e+00
   7.6000000e+00   5.6775318e+00
   7.6200000e+00   5.5716436e+00
   7.6400000e+00   5.2377100e+00
   7.6600000e+00   4.2645269e+00
   7.6800000e+00   3.0022786e+00
   7.7000000e+00   2.5307792e+00
   7.7200000e+00   2.1814531e+00
   7.7400000e+00   2.5664618e-01
   7.7600000e+00  -5.5968624e-01
   7.7800000e+00  -1.4008004e+00
   7.8000000e+00  -5.7646041e+00
   7.8200000e+00  -9.5799119e+00
   7.8400000e+00  -8.0897513e+00
   7.8600000e+00  -6.3346415e+00
   7.8800000e+00  -3.0488903e+00
   7.9000000e+00  -3.1957306e+00
   7.9200000e+00  -3.7722241e+00
   7.9400000e+00  -2.4626665e+00
   7.9600000e+00  -1.9622972e-01
   7.9800000e+00   5.6292359e+00
   8.0000000e+00   9.6147981e+00
   8.0200000e+00   1.4983742e+01
   8.0400000e+00   1.6938041e+01
   8.0600000e+00   1.6631055e+01
   8.0800000e+00   1.3562761e+01
   8.1000000e+00   1.0121842e+01
   8.1200000e+00   7.6270593e+00
   8.1400000e+00   3.9665800e+00
   8.1600000e+00  -1.3143779e-01
   8.1800000e+00  -2.8535336e+00
   8.2000000e+00  -3.7234551e+00
   8.2200000e+00  -3.4578500e+00
   8.2400000e+00  -2.9450969e+00
   8.2600000e+00  -1.0428346e+00
   8.2800000e+00   1.8012806e-01
   8.3000000e+00  -1.1620966e+00
   8.3200000e+00  -4.8988402e+00
   8.3400000e+00  -1.1497830e+01
   8.3600000e+00  -1.6997404e+01
   8.3800000e+00  -2.1932291e+01
   8.4000000e+00  -2.4038564e+01
   8.4200000e+00  -2.3360148e+01
   8.4400000e+00  -1.9476616e+01
   8.4600000e+00  -1.6810779e+01
   8.4800000e+00  -1.4414733e+01
   8.5000000e+00  -1.3082667e+01
   8.5200000e+00  -1.0652518e+01
   8.5400000e+00  -6.8843383e+00
   8.5600000e+00  -3.1322720e+00
   8.5800000e+00   1.5253964e+00
   8.6000000e+00   4.6489306e+00
   8.6200000e+00   5.5978439e+00
   8.6400000e+00   5.0932487e+00
   8.6600000e+00   5.1889738e+00
   8.6800000e+00   4.8168279e+00
   8.7000000e+00   5.7234011e+00
   8.7200000e+00   8.3826958e+00
   8.7400000e+00   1.0929360e+01
   8.7600000e+00   9.8197536e+00
   8.7800000e+00   6.4289525e+00
   8.8000000e+00   1.4633132e+00
   8.8200000e+00  -1.5759713e+00
   8.8400000e+00   3.1315235e-01
   8.8600000e+00   6.6569738e+00
   8.8800000e+00   1.4145542e+01
   8.9000000e+00   1.7135349e+01
   8.9200000e+00   1.5991242e+01
   8.9400000e+00   1.1013377e+01
   8.9600000e+00   5.1077691e+00
   8.9800000e+00   2.0374120e+00
   9.0000000e+00   3.1118696e-01
   9.0200000e+00  -4.9981555e-01
   9.0400000e+00  -9.0510712e-01
   9.0600000e+00  -3.3974848e+00
   9.0800000e+00  -5.9398054e+00
   9.1000000e+00  -9.2986017e+00
   9.1200000e+00  -1.2113004e+01
   9.1400000e+00  -1.2762963e+01
   9.1600000e+00  -1.3444915e+01
   9.1800000e+00  -1.1441641e+01
   9.2000000e+00  -9.5657830e+00
   9.2200000e+00  -7.3312079e+00
   9.2400000e+00  -5.0422348e+00
   9.2600000e+00  -3.2918273e+00
   9.2800000e+00  -1.1788237e+00
   9.3000000e+00   8.5864673e-01
   9.3200000e+00   3.5081339e+00
   9.3400000e+00   5.0746157e+00
   9.3600000e+00   5.5958224e+00
   9.3800000e+00   5.8525377e+00
   9.4000000e+00   5.5849031e+00
   9.4200000e+00   6.0926543e+00
   9.4400000e+00   7.9736123e+00
   9.4600000e+00   8.3031998e+00
   9.4800000e+00   8.6704917e+00
   9.5000000e+00   7.7973964e+00
   9.5200000e+00   6.5402546e+00
   9.5400000e+00   5.9913782e+00
   9.5600000e+00   4.6835990e+00
   9.5800000e+00   4.3600442e+00
   9.6000000e+00   4.3362830e+00
   9.6200000e+00   2.5197792e+00
   9.6400000e+00  -5.3613714e-01
   9.6600000e+00  -3.4856428e+00
   9.6800000e+00  -5.9747910e+00
   9.7000000e+00  -8.8814953e+00
   9.7200000e+00  -1.0929719e+01
   9.7400000e+00  -1.3397440e+01
   9.7600000e+00  -1.4639878e+01
   9.7800000e+00  -1.2098951e+01
   9.8000000e+00  -1.0276261e+01
   9.8200000e+00  -7.3455390e+00
   9.8400000e+00  -5.6163023e+00
   9.8600000e+00  -2.5014718e+00
   9.8800000e+00  -6.9807721e-01
   9.9000000e+00  -1.3672506e+00
   9.9200000e+00  -6.5980770e-02
   9.9400000e+00  -5.6690541e-01
   9.9600000e+00  -7.9556452e-01
   9.9800000e+00  -1.0646773e+00
   1.0000000e+01   2.1752578e-01
   1.0020000e+01   1.8671023e+00
   1.0040000e+01   3.8026080e+00
   1.0060000e+01   4.9495849e+00
   1.0080000e+01   3.9731775e+00
   1.0100000e+01   2.1767645e+00
   1.0120000e+01   3.0745452e-01
   1.0140000e+01  -1.0386104e+00
   1.0160000e+01  -2.3486240e+00
   1.0180000e+01  -2.9165850e+00
   1.0200000e+01  -2.4160031e+00
   1.0220000e+01  -9.9633247e-01
   1.0240000e+01  -2.9971359e-01
   1.0260000e+01  -4.6266606e-01
   1.0280000e+01   1.0560564e+00
   1.0300000e+01   2.5354962e+00
   1.0320000e+01   2.2367574e+00
   1.0340000e+01   3.9172187e+00
   1.0360000e+01   4.5013204e+00
   1.0380000e+01   4.7382265e+00
   1.0400000e+01   4.3550650e+00
   1.0420000e+01   4.3013583e+00
   1.0440000e+01   4.4559960e+00
   1.0460000e+01   3.5781266e+00
   1.0480000e+01   2.1900598e+00
   1.0500000e+01   3.9258685e-01
   1.0520000e+01   7.4051609e-02
   1.0540000e+01  -5.0585332e-01
   1.0560000e+01   4.0305479e-01
   1.0580000e+01   4.8952925e-01
   1.0600000e+01   1.0384726e+00
   1.0620000e+01   9.8580219e-01
   1.0640000e+01   2.2343716e+00
   1.0660000e+01   5.0900934e+00
   1.0680000e+01   8.9426964e+00
   1.0700000e+01   1.3677107e+01
   1.0720000e+01   1.3945672e+01
   1.0740000e+01   1.2981014e+01
   1.0760000e+01   1.0766782e+01
   1.0780000e+01   9.0966037e+00
   1.0800000e+01   7.0933126e+00
   1.0820000e+01   6.0938581e+00
   1.0840000e+01   5.9269535e+00
   1.0860000e+01   5.8246230e+00
   1.0880000e+01   7.3956717e+00
   1.0900000e+01   8.2239844e+00
   1.0920000e+01   8.6820319e+00
   1.0940000e+01   6.2042627e+00
   1.0960000e+01   2.9160754e+00
   1.0980000e+01  -1.1156571e+00
   1.1000000e+01  -5.2827802e+00
   1.1020000e+01  -8.2718638e+00
   1.1040000e+01  -1.1097523e+01
   1.1060000e+01  -1.2283356e+01
   1.1080000e+01  -1.3561903e+01
   1.1100000e+01  -1.4776988e+01
   1.1120000e+01  -1.5679513e+01
   1.1140000e+01  -1.6776177e+01
   1.1160000e+01  -1.6627136e+01
   1.1180000e+01  -1.5363273e+01
   1.1200000e+01  -1.3731425e+01
   1.1220000e+01  -1.1562638e+01
   1.1240000e+01  -9.4713503e+00
   1.1260000e+01  -8.6765823e+00
   1.1280000e+01  -7.7782645e+00
   1.1300000e+01  -4.5867212e+00
   1.1320000e+01  -1.3599301e+00
   1.1340000e+01   4.7995349e-01
   1.1360000e+01   9.6296475e-01
   1.1380000e+01  -1.3994994e-01
   1.1400000e+01  -6.7214407e-01
   1.1420000e+01  -1.8759105e+00
   1.1440000e+01  -3.3943579e+00
   1.1460000e+01  -3.5648031e+00
   1.1480000e+01  -2.8670731e+00
   1.1500000e+01  -2.1173698e+00
   1.1520000e+01  -1.4915124e+00
   1.1540000e+01   3.9461362e-01
   1.1560000e+01   6.4655626e-01
   1.1580000e+01   3.7229562e-01
   1.1600000e+01   4.2225142e-01
   1.1620000e+01   5.3196901e-01
   1.1640000e+01   1.4118507e+00
   1.1660000e+01   2.7493243e+00
   1.1680000e+01   3.2249320e+00
   1.1700000e+01   2.8880830e+00
   1.1720000e+01   3.4579753e+00
   1.1740000e+01   3.1625890e+00
   1.1760000e+01   3.4838963e+00
   1.1780000e+01   4.8588424e+00
   1.1800000e+01   6.1439589e+00
   1.1820000e+01   7.1059303e+00
   1.1840000e+01   7.3472268e+00
   1.1860000e+01   7.7121893e+00
   1.1880000e+01   9.5252645e+00
   1.1900000e+01   1.1171355e+01
   1.1920000e+01   1.1325920e+01
   1.1940000e+01   1.0734471e+01
   1.1960000e+01   9.4898257e+00
   1.1980000e+01   7.8385837e+00
   1.2000000e+01   5.7794395e+00
   1.2020000e+01   4.1778636e+00
   1.2040000e+01   2.0096326e+00
   1.2060000e+01   1.3738209e-01
   1.2080000e+01  -1.2124058e+00
   1.2100000e+01  -3.2252102e+00
   1.2120000e+01  -4.6680654e+00
   1.2140000e+01  -6.8091620e+00
   1.2160000e+01  -7.6433207e+00
   1.2180000e+01  -7.6015095e+00
   1.2200000e+01  -6.6696460e+00
   1.2220000e+01  -4.7192667e+00
   1.2240000e+01  -2.9661039e+00
   1.2260000e+01  -1.7782742e+00
   1.2280000e+01  -2.2390576e+00
   1.2300000e+01  -3.0612871e+00
   1.2320000e+01  -2.4649497e+00
   1.2340000e+01  -1.9021752e+00
   1.2360000e+01  -8.0557008e-01
   1.2380000e+01   1.0051645e+00
   1.2400000e+01   1.4957766e+00
   1.2420000e+01   2.9682964e+00
   1.2440000e+01   2.6305892e+00
   1.2460000e+01   2.2163120e+00
   1.2480000e+01   1.6771500e+00
   1.2500000e+01   6.5299836e-01
   1.2520000e+01  -2.0578832e-01
   1.2540000e+01  -1.7880024e+00
   1.2560000e+01  -3.4951444e+00
   1.2580000e+01  -4.9011756e+00
   1.2600000e+01  -4.3583552e+00
   1.2620000e+01  -4.3616874e+00
   1.2640000e+01  -4.1199151e+00
   1.2660000e+01  -3.9759570e+00
   1.2680000e+01  -4.2683211e+00
   1.2700000e+01  -4.5671299e+00
   1.2720000e+01  -4.2527498e+00
   1.2740000e+01  -2.8377372e+00
   1.2760000e+01  -2.6786303e-01
   1.2780000e+01   1.8625532e+00
   1.2800000e+01   1.8886583e+00
   1.2820000e+01   4.2669177e+00
   1.2840000e+01   5.1555040e+00
   1.2860000e+01   5.6328958e+00
   1.2880000e+01   6.7736060e+00
   1.2900000e+01   5.8996355e+00
   1.2920000e+01   6.4466107e+00
   1.2940000e+01   5.5149098e+00
   1.2960000e+01   4.1576501e+00
   1.2980000e+01   3.0644674e+00
   1.3000000e+01   2.6866564e+00
   1.3020000e+01   8.2977242e-01
   1.3040000e+01  -2.5591994e-01
   1.3060000e+01   2.6209254e-01
   1.3080000e+01  -1.1552884e-01
   1.3100000e+01  -7.0807315e-02
   1.3120000e+01  -1.8818646e+00
   1.3140000e+01  -2.4977255e+00
   1.3160000e+01  -2.9035237e+00
   1.3180000e+01  -3.7185056e+00
   1.3200000e+01  -4.3349104e+00
   1.3220000e+01  -2.9989321e+00
   1.3240000e+01  -1.6733872e+00
   1.3260000e+01  -3.4334508e-01
   1.3280000e+01   8.9670537e-01
   1.3300000e+01   1.1567044e-02
   1.3320000e+01   1.5552895e+00
   1.3340000e+01   2.4939646e+00
   1.3360000e+01   2.2744952e+00
   1.3380000e+01   2.9554480e+00
   1.3400000e+01   3.6376478e+00
   1.3420000e+01   4.5058358e+00
   1.3440000e+01   4.1364546e+00
   1.3460000e+01   1.5703246e+00
   1.3480000e+01  -3.1821928e-01
   1.3500000e+01  -1.0330881e+00
   1.3520000e+01  -1.8635005e+00
   1.3540000e+01  -2.1045338e+00
   1.3560000e+01  -1.2794062e+00
   1.3580000e+01  -3.8307100e-01
   1.3600000e+01   5.9395679e-02
   1.3620000e+01   1.7715423e-01
   1.3640000e+01   1.2531071e-01
   1.3660000e+01   1.8097983e-01
   1.3680000e+01   1.8582329e-01
   1.3700000e+01   2.1865722e-01
   1.3720000e+01   3.8214061e-01
   1.3740000e+01   6.9421493e-01
   1.3760000e+01   1.2591958e+00
   1.3780000e+01   1.0911399e+00
   1.3800000e+01  -2.6468914e-01
   1.3820000e+01  -7.2670922e-01
   1.3840000e+01  -1.4875503e+00
   1.3860000e+01  -3.4749710e+00
   1.3880000e+01  -4.6246181e+00
   1.3900000e+01  -5.5899738e+00
   1.3920000e+01  -7.2525829e+00
   1.3940000e+01  -8.7719877e+00
   1.3960000e+01  -9.7267379e+00
   1.3980000e+01  -8.9489186e+00
   1.4000000e+01  -6.8335361e+00
   1.4020000e+01  -6.0436183e+00
   1.4040000e+01  -5.5200209e+00
   1.4060000e+01  -4.2734587e+00
   1.4080000e+01  -4.0238301e+00
   1.4100000e+01  -2.7823929e+00
   1.4120000e+01  -1.7933365e+00
   1.4140000e+01   6.4032465e-01
   1.4160000e+01   2.5442890e+00
   1.4180000e+01   2.7912251e+00
   1.4200000e+01   4.3076022e+00
   1.4220000e+01   4.3322816e+00
   1.4240000e+01   4.5001041e+00
   1.4260000e+01   4.5325037e+00
   1.4280000e+01   5.3849944e+00
   1.4300000e+01   5.8821206e+00
   1.4320000e+01   7.2656967e+00
   1.4340000e+01   8.9575007e+00
   1.4360000e+01   8.6578709e+00
   1.4380000e+01   8.3399711e+00
   1.4400000e+01   7.6135702e+00
   1.4420000e+01   7.7105640e+00
   1.4440000e+01   6.7168330e+00
   1.4460000e+01   5.0173381e+00
   1.4480000e+01   3.7845781e+00
   1.4500000e+01   1.8880716e+00
   1.4520000e+01   1.4932669e+00
   1.4540000e+01  -2.6051790e-01
   1.4560000e+01  -3.4915240e-01
   1.4580000e+01  -3.0960965e-01
   1.4600000e+01  -1.3588006e+00
   1.4620000e+01  -1.4274569e+00
   1.4640000e+01  -2.8808588e+00
   1.4660000e+01  -2.1986114e+00
   1.4680000e+01  -1.8025832e+00
   1.4700000e+01  -1.1209107e+00
   1.4720000e+01  -2.5972657e+00
   1.4740000e+01  -3.3012535e+00
   1.4760000e+01  -3.0380117e+00
   1.4780000e+01  -3.1193243e+00
   1.4800000e+01  -2.8169806e+00
   1.4820000e+01  -2.9516912e+00
   1.4840000e+01  -2.0949191e+00
   1.4860000e+01  -2.1385970e+00
   1.4880000e+01  -2.4622762e+00
   1.4900000e+01  -2.6551946e+00
   1.4920000e+01  -2.8001120e+00
   1.4940000e+01  -3.2949996e+00
   1.4960000e+01  -4.2820580e+00
   1.4980000e+01  -4.2633750e+00
   1.5000000e+01  -3.1445057e+00
   1.5020000e+01  -3.4243390e+00
   1.5040000e+01  -1.9333873e+00
   1.5060000e+01  -2.0193522e+00
   1.5080000e+01  -9.1750046e-01
   1.5100000e+01   4.0276959e-01
   1.5120000e+01   4.0497473e-01
   1.5140000e+01   1.5442139e+00
   1.5160000e+01   2.2421327e+00
   1.5180000e+01   4.4257494e+00
   1.5200000e+01   5.5555360e+00
   1.5220000e+01   5.8369251e+00
   1.5240000e+01   5.7460873e+00
   1.5260000e+01   4.9334434e+00
   1.5280000e+01   5.0262391e+00
   1.5300000e+01   3.6361632e+00
   1.5320000e+01   1.7196627e+00
   1.5340000e+01   1.7386303e+00
   1.5360000e+01  -8.9121886e-01
   1.5380000e+01  -2.8810285e+00
   1.5400000e+01  -3.3958535e+00
   1.5420000e+01  -3.0988830e+00
   1.5440000e+01  -1.8071900e+00
   1.5460000e+01  -1.4907930e+00
   1.5480000e+01  -1.0921399e+00
   1.5500000e+01  -1.5979619e+00
   1.5520000e+01  -2.4930046e+00
   1.5540000e+01  -2.5975276e+00
   1.5560000e+01  -1.9221810e+00
   1.5580000e+01  -6.3969111e-01
   1.5600000e+01  -1.9842026e-01
   1.5620000e+01   3.2971568e-01
   1.5640000e+01   2.0924252e-01
   1.5660000e+01  -1.3780469e-01
   1.5680000e+01  -9.7513237e-02
   1.5700000e+01  -2.1397451e-01
   1.5720000e+01  -1.6671464e-01
   1.5740000e+01  -1.9825536e-01
   1.5760000e+01  -1.4998259e-01
   1.5780000e+01  -1.3551730e-01
   1.5800000e+01  -4.7408382e-01
   1.5820000e+01  -9.2479460e-01
   1.5840000e+01  -1.1651657e+00
   1.5860000e+01  -2.6795808e+00
   1.5880000e+01  -2.4003535e+00
   1.5900000e+01  -2.5982585e+00
   1.5920000e+01  -1.5971421e+00
   1.5940000e+01   2.2588398e-01
   1.5960000e+01  -1.6930924e-01
   1.5980000e+01   5.7845628e-01
   1.6000000e+01   8.3883899e-01
   1.6020000e+01   1.4088567e+00
   1.6040000e+01   1.7774159e+00
   1.6060000e+01   1.9876713e+00
   1.6080000e+01   1.3666591e+00
   1.6100000e+01  -1.9462953e-01
   1.6120000e+01   1.8653918e-02
   1.6140000e+01   1.5499740e-01
   1.6160000e+01   3.3544285e-01
   1.6180000e+01   5.0203652e-01
   1.6200000e+01   1.8795345e+00
   1.6220000e+01   2.9671158e+00
   1.6240000e+01   2.4829449e+00
   1.6260000e+01   2.6654089e+00
   1.6280000e+01   2.1219623e+00
   1.6300000e+01   5.0378789e-01
   1.6320000e+01  -4.6508836e-01
   1.6340000e+01   6.7532437e-01
   1.6360000e+01   2.8254396e-02
   1.6380000e+01  -3.9474044e-02
   1.6400000e+01   1.0169191e+00
   1.6420000e+01   1.4503573e+00
   1.6440000e+01   1.1498851e+00
   1.6460000e+01  -4.9790780e-01
   1.6480000e+01  -1.3169247e+00
   1.6500000e+01  -2.9444111e+00
   1.6520000e+01  -3.2400583e+00
   1.6540000e+01  -3.1061852e+00
   1.6560000e+01  -3.2523371e+00
   1.6580000e+01  -2.6890828e+00
   1.6600000e+01  -2.5353834e+00
   1.6620000e+01  -1.6530304e+00
   1.6640000e+01  -1.3198823e-01
   1.6660000e+01  -4.6314896e-01
   1.6680000e+01  -1.3429484e+00
   1.6700000e+01  -1.0334642e+00
   1.6720000e+01  -1.1490087e+00
   1.6740000e+01  -9.0566889e-01
   1.6760000e+01  -1.3765330e+00
   1.6780000e+01  -6.0313288e-01
   1.6800000e+01  -2.3771113e-02
   1.6820000e+01  -1.0549619e-01
   1.6840000e+01   4.9924094e-01
   1.6860000e+01   1.8976619e-01
   1.6880000e+01   2.9328863e-01
   1.6900000e+01   3.1141906e-01
   1.6920000e+01   2.4537932e+00
   1.6940000e+01   4.7839462e+00
   1.6960000e+01   5.1870310e+00
   1.6980000e+01   4.9541018e+00
   1.7000000e+01   5.4867781e+00
   1.7020000e+01   6.1817360e+00
   1.7040000e+01   6.6878962e+00
   1.7060000e+01   6.0491797e+00
   1.7080000e+01   4.8682773e+00
   1.7100000e+01   4.3979581e+00
   1.7120000e+01   3.6311172e+00
   1.7140000e+01   3.0536903e+00
   1.7160000e+01   6.0664453e-01
   1.7180000e+01  -1.3487471e+00
   1.7200000e+01  -1.6640128e+00
   1.7220000e+01  -1.5926748e+00
   1.7240000e+01  -2.8597149e-01
   1.7260000e+01   9.0502993e-01
   1.7280000e+01   8.4960010e-01
   1.7300000e+01   2.4393383e-01
   1.7320000e+01  -1.3842217e+00
   1.7340000e+01  -1.1460732e+00
   1.7360000e+01  -7.4065326e-01
   1.7380000e+01   1.7308699e-02
   1.7400000e+01   6.4708630e-01
   1.7420000e+01   5.7571744e-01
   1.7440000e+01   3.9298896e-01
   1.7460000e+01  -2.1429491e+00
   1.7480000e+01  -4.0553223e+00
   1.7500000e+01  -4.6589678e+00
   1.7520000e+01  -4.3581854e+00
   1.7540000e+01  -5.2474743e+00
   1.7560000e+01  -5.6037947e+00
   1.7580000e+01  -4.2584901e+00
   1.7600000e+01  -3.6785064e+00
   1.7620000e+01  -3.2492148e+00
   1.7640000e+01  -2.9568475e+00
   1.7660000e+01  -2.7078598e+00
   1.7680000e+01  -1.2564042e+00
   1.7700000e+01  -7.6346965e-01
   1.7720000e+01   8.4450124e-01
   1.7740000e+01   1.6105301e+00
   1.7760000e+01   3.1474251e-01
   1.7780000e+01  -5.3746637e-02
   1.7800000e+01  -1.9065248e+00
   1.7820000e+01  -3.5779722e+00
   1.7840000e+01  -2.8999678e+00
   1.7860000e+01  -3.2925693e+00
   1.7880000e+01  -3.3225223e+00
   1.7900000e+01  -3.0006572e+00
   1.7920000e+01  -3.0006249e+00
   1.7940000e+01  -9.9610950e-01
   1.7960000e+01   5.8809716e-01
   1.7980000e+01   1.9776339e+00
   1.8000000e+01   9.8107974e-01
   1.8020000e+01  -1.2052240e+00
   1.8040000e+01  -3.3160598e+00
   1.8060000e+01  -5.3093750e+00
   1.8080000e+01  -4.9734807e+00
   1.8100000e+01  -1.3216412e+00
   1.8120000e+01   2.4957589e+00
   1.8140000e+01   4.5880536e+00
   1.8160000e+01   6.9864744e+00
   1.8180000e+01   6.7993129e+00
   1.8200000e+01   6.0823806e+00
   1.8220000e+01   4.8293944e+00
   1.8240000e+01   8.5743608e-01
   1.8260000e+01  -3.2042528e+00
   1.8280000e+01  -5.4042177e+00
   1.8300000e+01  -3.7875392e+00
   1.8320000e+01  -5.3604847e-01
   1.8340000e+01   3.7912645e+00
   1.8360000e+01   4.9848579e+00
   1.8380000e+01   2.7753228e+00
   1.8400000e+01   5.1182101e-01
   1.8420000e+01  -7.3888065e-01
   1.8440000e+01   5.0097546e-01
   1.8460000e+01   1.2948452e+00
   1.8480000e+01   3.0291531e+00
   1.8500000e+01   2.3928758e+00
   1.8520000e+01   8.2954753e-01
   1.8540000e+01  -2.0016276e-01
   1.8560000e+01   5.4341069e-01
   1.8580000e+01   1.8699074e+00
   1.8600000e+01   2.4019184e+00
   1.8620000e+01   2.0229930e+00
   1.8640000e+01   9.2268209e-01
   1.8660000e+01  -1.8043873e-02
   1.8680000e+01  -1.0133242e+00
   1.8700000e+01  -6.0873936e-01
   1.8720000e+01  -2.3754542e+00
   1.8740000e+01  -1.1498327e+00
   1.8760000e+01  -2.3119138e-01
   1.8780000e+01   4.7489717e-01
   1.8800000e+01   3.2705587e-01
   1.8820000e+01  -1.4110557e+00
   1.8840000e+01  -2.2718064e+00
   1.8860000e+01  -2.8131259e+00
   1.8880000e+01  -3.6169238e+00
   1.8900000e+01  -4.1346717e+00
   1.8920000e+01  -1.9299691e+00
   1.8940000e+01   2.1554179e-01
   1.8960000e+01   1.3451589e+00
   1.8980000e+01   1.4693452e+00
   1.9000000e+01   1.1083497e+00
   1.9020000e+01  -8.2684686e-02
   1.9040000e+01  -1.0152749e+00
   1.9060000e+01  -8.4237378e-01
   1.9080000e+01   1.2462712e-01
   1.9100000e+01   2.0023909e-01
   1.9120000e+01  -3.6311235e-01
   1.9140000e+01  -1.5153156e+00
   1.9160000e+01  -3.2702491e-01
   1.9180000e+01   1.1030602e+00
   1.9200000e+01   2.3493032e+00
   1.9220000e+01   2.3895411e+00
   1.9240000e+01   7.5937371e-01
   1.9260000e+01  -3.8541369e-01
   1.9280000e+01  -8.6126317e-01
   1.9300000e+01  -1.1347920e+00
   1.9320000e+01  -1.2879085e+00
   1.9340000e+01  -1.9022334e-01
   1.9360000e+01  -9.5869088e-02
   1.9380000e+01   4.9417464e-02
   1.9400000e+01  -1.0919455e-03
   1.9420000e+01   5.5763148e-01
   1.9440000e+01   1.2742432e+00
   1.9460000e+01   2.1070697e+00
   1.9480000e+01   2.5305324e+00
   1.9500000e+01   2.7319746e+00
   1.9520000e+01   2.6678483e+00
   1.9540000e+01   2.2875211e+00
   1.9560000e+01   2.0763619e+00
   1.9580000e+01   1.3710836e+00
   1.9600000e+01   1.1997074e+00
   1.9620000e+01   1.0680908e+00
   1.9640000e+01   8.8746786e-01
   1.9660000e+01   9.2569256e-01
   1.9680000e+01   7.2749825e-01
   1.9700000e+01   5.0631607e-01
   1.9720000e+01   3.0469974e-01
   1.9740000e+01   1.6132299e-01
   1.9760000e+01   5.4494910e-02
   1.9780000e+01  -7.7887008e-02
   1.9800000e+01  -2.0519847e-01
   1.9820000e+01  -3.9962828e-01
   1.9840000e+01  -4.0708487e-01
   1.9860000e+01  -4.6476286e-01
   1.9880000e+01  -5.8615168e-01
   1.9900000e+01  -7.4679990e-01
   1.9920000e+01  -8.8359139e-01
   1.9940000e+01  -9.9805878e-01
   1.9960000e+01  -1.0198801e+00
   1.9980000e+01  -1.0091768e+00
   2.0000000e+01  -9.5096725e-01
