   0.0000000e+00   2.2924128e-02
   1.0000000e-02   1.5397835e-01
   2.0000000e-02   3.4544712e-01
   3.0000000e-02  -4.7982877e-02
   4.0000000e-02  -1.8356118e+00
   5.0000000e-02  -4.2948504e+00
   6.0000000e-02  -4.9968417e+00
   7.0000000e-02  -2.3891439e+00
   8.0000000e-02   2.5680754e+00
   9.0000000e-02   7.7225220e+00
   1.0000000e-01   1.1052037e+01
   1.1000000e-01   1.0408339e+01
   1.2000000e-01   3.9617351e+00
   1.3000000e-01  -5.8965548e+00
   1.4000000e-01  -9.3784044e+00
   1.5000000e-01   1.0897518e+00
   1.6000000e-01   1.5616753e+01
   1.7000000e-01   1.4696559e+01
   1.8000000e-01  -4.1334119e+00
   1.9000000e-01  -2.1738930e+01
   2.0000000e-01  -2.3367314e+01
   2.1000000e-01  -1.6023503e+01
   2.2000000e-01  -1.2525659e+01
   2.3000000e-01  -1.0039859e+01
   2.4000000e-01   3.0218033e-01
   2.5000000e-01   1.1266047e+01
   2.6000000e-01   8.7448876e+00
   2.7000000e-01  -3.1453389e+00
   2.8000000e-01  -8.2235468e+00
   2.9000000e-01  -2.3698148e+00
   3.0000000e-01   7.1767235e+00
   3.1000000e-01   1.7917337e+01
   3.2000000e-01   3.0730349e+01
   3.3000000e-01   3.9078458e+01
   3.4000000e-01   3.4336958e+01
   3.5000000e-01   1.8057494e+01
   3.6000000e-01  -5.4828085e-01
   3.7000000e-01  -1.4597405e+01
   3.8000000e-01  -2.2199787e+01
   3.9000000e-01  -2.4367510e+01
   4.0000000e-01  -2.2402736e+01
   4.1000000e-01  -1.5093926e+01
   4.2000000e-01  -1.6646040e+00
   4.3000000e-01   1.1897087e+01
   4.4000000e-01   1.7339560e+01
   4.5000000e-01   1.2487461e+01
   4.6000000e-01  -2.1006921e+00
   4.7000000e-01  -2.2122939e+01
   4.8000000e-01  -3.2546629e+01
   4.9000000e-01  -2.5008604e+01
   5.0000000e-01  -1.5607982e+01
   5.1000000e-01  -1.7928413e+01
   5.2000000e-01  -1.7350834e+01
   5.3000000e-01   3.0143341e-01
   5.4000000e-01   2.1418012e+01
   5.5000000e-01   2.9537054e+01
   5.6000000e-01   2.8512676e+01
   5.7000000e-01   2.4637829e+01
   5.8000000e-01   1.2813890e+01
   5.9000000e-01  -8.1218183e+00
   6.0000000e-01  -2.4881970e+01
   6.1000000e-01  -2.4655686e+01
   6.2000000e-01  -1.2199625e+01
   6.3000000e-01  -3.0705732e+00
   6.4000000e-01  -4.1001149e+00
   6.5000000e-01  -9.0124041e+00
   6.6000000e-01  -9.8669075e+00
   6.7000000e-01  -4.8136248e+00
   6.8000000e-01   5.0373972e+00
   6.9000000e-01   1.9307428e+01
   7.0000000e-01   3.2338490e+01
   7.1000000e-01   2.9507720e+01
   7.2000000e-01   4.7337880e+00
   7.3000000e-01  -2.2503953e+01
   7.4000000e-01  -2.6852599e+01
   7.5000000e-01  -6.9491808e+00
   7.6000000e-01   2.0639173e+01
   7.7000000e-01   4.0794691e+01
   7.8000000e-01   4.4111797e+01
   7.9000000e-01   3.2257424e+01
   8.0000000e-01   1.7833622e+01
   8.1000000e-01   7.4420442e+00
   8.2000000e-01  -4.0070638e+00
   8.3000000e-01  -2.0292537e+01
   8.4000000e-01  -3.6716209e+01
   8.5000000e-01  -4.4354530e+01
   8.6000000e-01  -3.8480191e+01
   8.7000000e-01  -2.4832277e+01
   8.8000000e-01  -1.3735664e+01
   8.9000000e-01  -7.5409325e+00
   9.0000000e-01  -3.5187594e-01
   9.1000000e-01   9.4219137e+00
   9.2000000e-01   1.4710821e+01
   9.3000000e-01   1.1575253e+01
   9.4000000e-01   5.1246907e+00
   9.5000000e-01  -1.7187332e+00
   9.6000000e-01  -1.2730801e+01
   9.7000000e-01  -2.5455149e+01
   9.8000000e-01  -2.7544920e+01
   9.9000000e-01  -1.2546679e+01
   1.0000000e+00   1.2682099e+01
   1.0100000e+00   3.7482898e+01
   1.0200000e+00   5.1884789e+01
   1.0300000e+00   4.6039927e+01
   1.0400000e+00   1.8894755e+01
   1.0500000e+00  -1.3352051e+01
   1.0600000e+00  -2.8024882e+01
   1.0700000e+00  -1.9375926e+01
   1.0800000e+00  -9.9191033e-01
   1.0900000e+00   1.5189067e+01
   1.1000000e+00   2.4673710e+01
   1.1100000e+00   2.1448474e+01
   1.1200000e+00   5.2668893e+00
   1.1300000e+00  -8.4304829e+00
   1.1400000e+00  -2.3238385e+00
   1.1500000e+00   2.1618346e+01
   1.1600000e+00   4.0811364e+01
   1.1700000e+00   3.2684485e+01
   1.1800000e+00  -2.8589283e+00
   1.1900000e+00  -4.2212661e+01
   1.2000000e+00  -5.8235587e+01
   1.2100000e+00  -4.2648132e+01
   1.2200000e+00  -1.2871405e+01
   1.2300000e+00   3.5335253e+00
   1.2400000e+00  -5.4059833e+00
   1.2500000e+00  -2.6676627e+01
   1.2600000e+00  -4.0223381e+01
   1.2700000e+00  -3.9046965e+01
   1.2800000e+00  -2.6988426e+01
   1.2900000e+00  -1.0179528e+01
   1.3000000e+00   2.6500298e+00
   1.3100000e+00   6.0343274e+00
   1.3200000e+00   5.6910725e+00
   1.3300000e+00   8.6443534e+00
   1.3400000e+00   1.2832296e+01
   1.3500000e+00   1.7613942e+01
   1.3600000e+00   3.2657158e+01
   1.3700000e+00   6.0461814e+01
   1.3800000e+00   8.0148193e+01
   1.3900000e+00   7.0376048e+01
   1.4000000e+00   3.7642304e+01
   1.4100000e+00   1.8415955e+00
   1.4200000e+00  -2.8273041e+01
   1.4300000e+00  -5.1942516e+01
   1.4400000e+00  -6.7715968e+01
   1.4500000e+00  -7.4085798e+01
   1.4600000e+00  -6.8060946e+01
   1.4700000e+00  -4.3951368e+01
   1.4800000e+00  -3.3844027e+00
   1.4900000e+00   3.3495565e+01
   1.5000000e+00   4.1056972e+01
   1.5100000e+00   1.7864371e+01
   1.5200000e+00  -1.0057078e+01
   1.5300000e+00  -1.9861915e+01
   1.5400000e+00  -1.1407592e+01
   1.5500000e+00   6.3959056e+00
   1.5600000e+00   2.9379887e+01
   1.5700000e+00   5.0028964e+01
   1.5800000e+00   5.4560320e+01
   1.5900000e+00   4.0860311e+01
   1.6000000e+00   2.3861829e+01
   1.6100000e+00   1.3462867e+01
   1.6200000e+00   3.9654984e+00
   1.6300000e+00  -8.8483623e+00
   1.6400000e+00  -1.8426006e+01
   1.6500000e+00  -2.1410823e+01
   1.6600000e+00  -2.7247225e+01
   1.6700000e+00  -4.4346627e+01
   1.6800000e+00  -6.2562376e+01
   1.6900000e+00  -6.2348874e+01
   1.7000000e+00  -3.8597164e+01
   1.7100000e+00  -4.3853382e-01
   1.7200000e+00   4.4061054e+01
   1.7300000e+00   8.3997712e+01
   1.7400000e+00   1.0052596e+02
   1.7500000e+00   8.6938462e+01
   1.7600000e+00   6.0850107e+01
   1.7700000e+00   4.3110962e+01
   1.7800000e+00   3.8104288e+01
   1.7900000e+00   3.9959702e+01
   1.8000000e+00   4.4063711e+01
   1.8100000e+00   4.7072049e+01
   1.8200000e+00   4.3892790e+01
   1.8300000e+00   3.1012169e+01
   1.8400000e+00   1.1481294e+01
   1.8500000e+00  -6.6470302e+00
   1.8600000e+00  -1.6495956e+01
   1.8700000e+00  -1.6470610e+01
   1.8800000e+00  -1.0557276e+01
   1.8900000e+00  -5.3677996e+00
   1.9000000e+00  -6.1798469e+00
   1.9100000e+00  -1.8321483e+01
   1.9200000e+00  -5.4869925e+01
   1.9300000e+00  -1.3057250e+02
   1.9400000e+00  -2.3386496e+02
   1.9500000e+00  -3.2364538e+02
   1.9600000e+00  -3.6712947e+02
   1.9700000e+00  -3.6030281e+02
   1.9800000e+00  -3.2119877e+02
   1.9900000e+00  -2.8252724e+02
   2.0000000e+00  -2.6399747e+02
   2.0100000e+00  -2.4642772e+02
   2.0200000e+00  -1.9914067e+02
   2.0300000e+00  -1.2082767e+02
   2.0400000e+00  -3.3105040e+01
   2.0500000e+00   4.7921219e+01
   2.0600000e+00   1.1863295e+02
   2.0700000e+00   1.8246778e+02
   2.0800000e+00   2.4304035e+02
   2.0900000e+00   2.9233880e+02
   2.1000000e+00   3.1461932e+02
   2.1100000e+00   3.1074321e+02
   2.1200000e+00   3.1002679e+02
   2.1300000e+00   3.5467275e+02
   2.1400000e+00   4.6134594e+02
   2.1500000e+00   5.8398852e+02
   2.1600000e+00   6.4541331e+02
   2.1700000e+00   6.2681857e+02
   2.1800000e+00   5.7409946e+02
   2.1900000e+00   5.0404718e+02
   2.2000000e+00   3.8002004e+02
   2.2100000e+00   1.9283460e+02
   2.2200000e+00   3.7742328e-01
   2.2300000e+00  -1.2446178e+02
   2.2400000e+00  -1.6213276e+02
   2.2500000e+00  -1.6168128e+02
   2.2600000e+00  -1.8154251e+02
   2.2700000e+00  -2.2694140e+02
   2.2800000e+00  -2.6493633e+02
   2.2900000e+00  -2.7645718e+02
   2.3000000e+00  -2.7302079e+02
   2.3100000e+00  -2.7772835e+02
   2.3200000e+00  -2.9909071e+02
   2.3300000e+00  -3.2410355e+02
   2.3400000e+00  -3.3987081e+02
   2.3500000e+00  -3.4802933e+02
   2.3600000e+00  -3.4777148e+02
   2.3700000e+00  -3.2744777e+02
   2.3800000e+00  -2.8798119e+02
   2.3900000e+00  -2.5395878e+02
   2.4000000e+00  -2.4489745e+02
   2.4100000e+00  -2.4881572e+02
   2.4200000e+00  -2.4005270e+02
   2.4300000e+00  -2.1292362e+02
   2.4400000e+00  -1.8221627e+02
   2.4500000e+00  -1.5855975e+02
   2.4600000e+00  -1.3731489e+02
   2.4700000e+00  -1.0760496e+02
   2.4800000e+00  -5.7513871e+01
   2.4900000e+00   3.0482900e+01
   2.5000000e+00   1.6077997e+02
   2.5100000e+00   2.8948228e+02
   2.5200000e+00   3.5501308e+02
   2.5300000e+00   3.5592797e+02
   2.5400000e+00   3.3764430e+02
   2.5500000e+00   3.1161886e+02
   2.5600000e+00   2.5716376e+02
   2.5700000e+00   1.7972862e+02
   2.5800000e+00   1.0705716e+02
   2.5900000e+00   5.0952941e+01
   2.6000000e+00   1.0275225e+01
   2.6100000e+00  -1.4010035e+01
   2.6200000e+00  -2.9724985e+01
   2.6300000e+00  -5.3125135e+01
   2.6400000e+00  -8.0524626e+01
   2.6500000e+00  -8.2358504e+01
   2.6600000e+00  -3.8903119e+01
   2.6700000e+00   3.0469671e+01
   2.6800000e+00   8.2503040e+01
   2.6900000e+00   9.4344608e+01
   2.7000000e+00   8.2270467e+01
   2.7100000e+00   7.0222647e+01
   2.7200000e+00   6.0775482e+01
   2.7300000e+00   4.6730806e+01
   2.7400000e+00   2.8457245e+01
   2.7500000e+00   9.6722092e+00
   2.7600000e+00  -1.2068848e+01
   2.7700000e+00  -4.5171083e+01
   2.7800000e+00  -9.3417657e+01
   2.7900000e+00  -1.4468486e+02
   2.8000000e+00  -1.8075680e+02
   2.8100000e+00  -1.9858404e+02
   2.8200000e+00  -2.0446021e+02
   2.8300000e+00  -1.9713625e+02
   2.8400000e+00  -1.7363300e+02
   2.8500000e+00  -1.3670380e+02
   2.8600000e+00  -9.1560977e+01
   2.8700000e+00  -4.4852279e+01
   2.8800000e+00  -1.8138131e+00
   2.8900000e+00   3.7561649e+01
   2.9000000e+00   7.5469170e+01
   2.9100000e+00   1.1217493e+02
   2.9200000e+00   1.4618620e+02
   2.9300000e+00   1.7630300e+02
   2.9400000e+00   2.1064374e+02
   2.9500000e+00   2.7874649e+02
   2.9600000e+00   3.9830969e+02
   2.9700000e+00   5.1508625e+02
   2.9800000e+00   5.5287659e+02
   2.9900000e+00   5.2511157e+02
   3.0000000e+00   4.9714555e+02
   3.0100000e+00   4.7108233e+02
   3.0200000e+00   4.0118433e+02
   3.0300000e+00   2.8195908e+02
   3.0400000e+00   1.4971840e+02
   3.0500000e+00   2.2334047e+01
   3.0600000e+00  -1.0780106e+02
   3.0700000e+00  -2.3531466e+02
   3.0800000e+00  -3.3853897e+02
   3.0900000e+00  -4.0566257e+02
   3.1000000e+00  -4.4384905e+02
   3.1100000e+00  -4.7476489e+02
   3.1200000e+00  -5.1704675e+02
   3.1300000e+00  -5.5451745e+02
   3.1400000e+00  -5.4236075e+02
   3.1500000e+00  -4.6177375e+02
   3.1600000e+00  -3.4413204e+02
   3.1700000e+00  -2.2997343e+02
   3.1800000e+00  -1.2748389e+02
   3.1900000e+00  -2.7919524e+01
   3.2000000e+00   5.7340070e+01
   3.2100000e+00   1.0400924e+02
   3.2200000e+00   1.1219197e+02
   3.2300000e+00   1.0927849e+02
   3.2400000e+00   1.1963441e+02
   3.2500000e+00   1.5191853e+02
   3.2600000e+00   1.9849731e+02
   3.2700000e+00   2.3076818e+02
   3.2800000e+00   2.2367937e+02
   3.2900000e+00   1.8745236e+02
   3.3000000e+00   1.4964525e+02
   3.3100000e+00   1.1928189e+02
   3.3200000e+00   8.3999365e+01
   3.3300000e+00   2.5511380e+01
   3.3400000e+00  -6.4624136e+01
   3.3500000e+00  -1.6721312e+02
   3.3600000e+00  -2.4630885e+02
   3.3700000e+00  -2.9509155e+02
   3.3800000e+00  -3.3879088e+02
   3.3900000e+00  -3.7940096e+02
   3.4000000e+00  -3.8572693e+02
   3.4100000e+00  -3.4351304e+02
   3.4200000e+00  -2.7025351e+02
   3.4300000e+00  -1.8778949e+02
   3.4400000e+00  -1.0945922e+02
   3.4500000e+00  -4.1702735e+01
   3.4600000e+00   1.6528343e+01
   3.4700000e+00   7.1066326e+01
   3.4800000e+00   1.2519629e+02
   3.4900000e+00   1.7910401e+02
   3.5000000e+00   2.3388201e+02
   3.5100000e+00   2.8278688e+02
   3.5200000e+00   3.0872996e+02
   3.5300000e+00   3.0836314e+02
   3.5400000e+00   2.9857410e+02
   3.5500000e+00   2.8865575e+02
   3.5600000e+00   2.6999762e+02
   3.5700000e+00   2.3370179e+02
   3.5800000e+00   1.8254259e+02
   3.5900000e+00   1.2791059e+02
   3.6000000e+00   7.9135889e+01
   3.6100000e+00   3.5522357e+01
   3.6200000e+00  -8.9965249e+00
   3.6300000e+00  -5.4180313e+01
   3.6400000e+00  -8.7780843e+01
   3.6500000e+00  -9.0695698e+01
   3.6600000e+00  -5.5974466e+01
   3.6700000e+00  -4.7447754e+00
   3.6800000e+00   3.4246855e+01
   3.6900000e+00   5.6246228e+01
   3.7000000e+00   6.9044741e+01
   3.7100000e+00   6.7927634e+01
   3.7200000e+00   4.7692187e+01
   3.7300000e+00   1.7960956e+01
   3.7400000e+00  -1.1695009e+01
   3.7500000e+00  -4.2905989e+01
   3.7600000e+00  -7.7878571e+01
   3.7700000e+00  -1.1012679e+02
   3.7800000e+00  -1.2835787e+02
   3.7900000e+00  -1.2847189e+02
   3.8000000e+00  -1.1943517e+02
   3.8100000e+00  -1.1170477e+02
   3.8200000e+00  -1.0407852e+02
   3.8300000e+00  -8.9442408e+01
   3.8400000e+00  -6.8491050e+01
   3.8500000e+00  -4.9885178e+01
   3.8600000e+00  -4.0871604e+01
   3.8700000e+00  -4.2333584e+01
   3.8800000e+00  -4.7947449e+01
   3.8900000e+00  -4.7482177e+01
   3.9000000e+00  -3.6010311e+01
   3.9100000e+00  -1.7990372e+01
   3.9200000e+00  -8.1683002e-02
   3.9300000e+00   1.5340747e+01
   3.9400000e+00   2.8660427e+01
   3.9500000e+00   4.0710342e+01
   3.9600000e+00   5.3475508e+01
   3.9700000e+00   6.8449033e+01
   3.9800000e+00   8.2127279e+01
   3.9900000e+00   8.7461040e+01
   4.0000000e+00   8.1978898e+01
   4.0100000e+00   6.9844775e+01
   4.0200000e+00   5.5875587e+01
   4.0300000e+00   4.3751596e+01
   4.0400000e+00   3.8658310e+01
   4.0500000e+00   4.4092986e+01
   4.0600000e+00   5.5507203e+01
   4.0700000e+00   6.3503537e+01
   4.0800000e+00   6.4778029e+01
   4.0900000e+00   6.3037606e+01
   4.1000000e+00   5.9494080e+01
   4.1100000e+00   5.1994620e+01
   4.1200000e+00   4.2324104e+01
   4.1300000e+00   3.6071500e+01
   4.1400000e+00   3.5074039e+01
   4.1500000e+00   3.3310221e+01
   4.1600000e+00   2.2590848e+01
   4.1700000e+00   1.5712547e+00
   4.1800000e+00  -2.5105777e+01
   4.1900000e+00  -5.3949680e+01
   4.2000000e+00  -8.2509798e+01
   4.2100000e+00  -1.0656023e+02
   4.2200000e+00  -1.2320000e+02
   4.2300000e+00  -1.3169655e+02
   4.2400000e+00  -1.2929044e+02
   4.2500000e+00  -1.1321168e+02
   4.2600000e+00  -8.7719944e+01
   4.2700000e+00  -6.3739189e+01
   4.2800000e+00  -5.0896645e+01
   4.2900000e+00  -5.0897680e+01
   4.3000000e+00  -5.6716682e+01
   4.3100000e+00  -5.7487032e+01
   4.3200000e+00  -4.7755350e+01
   4.3300000e+00  -3.3997187e+01
   4.3400000e+00  -2.8455817e+01
   4.3500000e+00  -3.7033938e+01
   4.3600000e+00  -5.6410314e+01
   4.3700000e+00  -7.7496588e+01
   4.3800000e+00  -8.9255585e+01
   4.3900000e+00  -8.6469638e+01
   4.4000000e+00  -7.3621366e+01
   4.4100000e+00  -5.7094062e+01
   4.4200000e+00  -3.8145074e+01
   4.4300000e+00  -1.5052020e+01
   4.4400000e+00   1.3019265e+01
   4.4500000e+00   4.7231859e+01
   4.4600000e+00   9.1418479e+01
   4.4700000e+00   1.4359838e+02
   4.4800000e+00   1.8667658e+02
   4.4900000e+00   2.0273020e+02
   4.5000000e+00   1.9291035e+02
   4.5100000e+00   1.7087924e+02
   4.5200000e+00   1.4514468e+02
   4.5300000e+00   1.1656390e+02
   4.5400000e+00   8.4530027e+01
   4.5500000e+00   4.7924329e+01
   4.5600000e+00   5.3790500e+00
   4.5700000e+00  -3.6018559e+01
   4.5800000e+00  -5.9206401e+01
   4.5900000e+00  -5.8310120e+01
   4.6000000e+00  -4.9157700e+01
   4.6100000e+00  -4.6643272e+01
   4.6200000e+00  -4.8559829e+01
   4.6300000e+00  -4.7261446e+01
   4.6400000e+00  -4.0970155e+01
   4.6500000e+00  -3.1263738e+01
   4.6600000e+00  -1.9737988e+01
   4.6700000e+00  -8.1160838e+00
   4.6800000e+00   2.0756858e+00
   4.6900000e+00   8.8031179e+00
   4.7000000e+00   9.5065576e+00
   4.7100000e+00   4.2533632e+00
   4.7200000e+00  -4.5073922e+00
   4.7300000e+00  -1.6322786e+01
   4.7400000e+00  -2.9419784e+01
   4.7500000e+00  -3.2639173e+01
   4.7600000e+00  -1.3950372e+01
   4.7700000e+00   2.1946213e+01
   4.7800000e+00   5.7953423e+01
   4.7900000e+00   8.2200957e+01
   4.8000000e+00   9.1687618e+01
   4.8100000e+00   8.8094480e+01
   4.8200000e+00   7.6636316e+01
   4.8300000e+00   6.2215976e+01
   4.8400000e+00   4.5116044e+01
   4.8500000e+00   2.3199076e+01
   4.8600000e+00  -5.4776869e+00
   4.8700000e+00  -4.1326541e+01
   4.8800000e+00  -7.7921233e+01
   4.8900000e+00  -1.0441905e+02
   4.9000000e+00  -1.1681074e+02
   4.9100000e+00  -1.1650057e+02
   4.9200000e+00  -1.0321118e+02
   4.9300000e+00  -8.0261971e+01
   4.9400000e+00  -5.6636033e+01
   4.9500000e+00  -3.7229113e+01
   4.9600000e+00  -1.9573236e+01
   4.9700000e+00  -9.7064072e-01
   4.9800000e+00   1.7251684e+01
   4.9900000e+00   3.2033673e+01
   5.0000000e+00   4.1493579e+01
   5.0100000e+00   4.4962961e+01
   5.0200000e+00   4.1980350e+01
   5.0300000e+00   3.2930045e+01
   5.0400000e+00   2.0316484e+01
   5.0500000e+00   8.4730977e+00
   5.0600000e+00   1.0993628e+00
   5.0700000e+00  -1.7666773e+00
   5.0800000e+00  -3.4133305e+00
   5.0900000e+00  -6.7280414e+00
   5.1000000e+00  -1.2287250e+01
   5.1100000e+00  -1.9436574e+01
   5.1200000e+00  -2.6528474e+01
   5.1300000e+00  -3.0718592e+01
   5.1400000e+00  -2.9391391e+01
   5.1500000e+00  -2.0674328e+01
   5.1600000e+00  -4.0972695e+00
   5.1700000e+00   1.7349339e+01
   5.1800000e+00   3.7681615e+01
   5.1900000e+00   5.0096334e+01
   5.2000000e+00   5.0483323e+01
   5.2100000e+00   4.1899725e+01
   5.2200000e+00   3.2245907e+01
   5.2300000e+00   2.6951221e+01
   5.2400000e+00   2.7711811e+01
   5.2500000e+00   3.4516196e+01
   5.2600000e+00   4.3360320e+01
   5.2700000e+00   4.6708853e+01
   5.2800000e+00   4.1139875e+01
   5.2900000e+00   3.0504565e+01
   5.3000000e+00   2.0266964e+01
   5.3100000e+00   1.3493873e+01
   5.3200000e+00   1.1097365e+01
   5.3300000e+00   1.1648101e+01
   5.3400000e+00   1.2121215e+01
   5.3500000e+00   9.2919323e+00
   5.3600000e+00   5.0382859e-02
   5.3700000e+00  -1.5851937e+01
   5.3800000e+00  -3.2870218e+01
   5.3900000e+00  -4.4209995e+01
   5.4000000e+00  -4.9726102e+01
   5.4100000e+00  -5.5433833e+01
   5.4200000e+00  -6.4383484e+01
   5.4300000e+00  -7.1297064e+01
   5.4400000e+00  -6.8983919e+01
   5.4500000e+00  -5.7844856e+01
   5.4600000e+00  -4.5076397e+01
   5.4700000e+00  -3.5914692e+01
   5.4800000e+00  -2.9644919e+01
   5.4900000e+00  -2.2662897e+01
   5.5000000e+00  -1.1734481e+01
   5.5100000e+00   4.0402047e+00
   5.5200000e+00   2.1011815e+01
   5.5300000e+00   3.1709409e+01
   5.5400000e+00   3.0775862e+01
   5.5500000e+00   1.9868526e+01
   5.5600000e+00   6.0981891e+00
   5.5700000e+00  -2.5441647e+00
   5.5800000e+00  -1.9087255e+00
   5.5900000e+00   5.6879342e+00
   5.6000000e+00   1.4283943e+01
   5.6100000e+00   1.8432095e+01
   5.6200000e+00   1.5333916e+01
   5.6300000e+00   7.3747246e+00
   5.6400000e+00   9.5402631e-01
   5.6500000e+00  -7.6156342e-01
   5.6600000e+00  -3.9463211e-01
   5.6700000e+00  -2.4353114e-01
   5.6800000e+00   8.8996985e-01
   5.6900000e+00   3.6129787e+00
   5.7000000e+00   5.8346874e+00
   5.7100000e+00   6.0591443e+00
   5.7200000e+00   5.2565931e+00
   5.7300000e+00   4.6970103e+00
   5.7400000e+00   4.3032650e+00
   5.7500000e+00   3.7252654e+00
   5.7600000e+00   3.4125430e+00
   5.7700000e+00   3.7199753e+00
   5.7800000e+00   4.0057223e+00
   5.7900000e+00   3.4903338e+00
   5.8000000e+00   2.4005490e+00
   5.8100000e+00   1.8196747e+00
   5.8200000e+00   2.4807691e+00
   5.8300000e+00   3.9155446e+00
   5.8400000e+00   5.1481297e+00
   5.8500000e+00   5.7913752e+00
   5.8600000e+00   5.9659647e+00
   5.8700000e+00   5.7402501e+00
   5.8800000e+00   5.0646506e+00
   5.8900000e+00   3.8856957e+00
   5.9000000e+00   2.2062662e+00
   5.9100000e+00   2.6084488e-01
   5.9200000e+00  -1.5176653e+00
   5.9300000e+00  -2.9137326e+00
   5.9400000e+00  -4.0178098e+00
   5.9500000e+00  -4.8009003e+00
   5.9600000e+00  -4.9904314e+00
   5.9700000e+00  -4.4545918e+00
   5.9800000e+00  -3.4266232e+00
