   0.0000000e+00  -1.7610359e-03
   1.0000000e-02  -2.8963746e-02
   2.0000000e-02  -1.4092919e-01
   3.0000000e-02  -3.9527142e-01
   4.0000000e-02  -6.8547597e-01
   5.0000000e-02  -7.0896113e-01
   6.0000000e-02  -5.2275188e-01
   7.0000000e-02  -5.9827200e-01
   8.0000000e-02  -8.3509041e-01
   9.0000000e-02  -6.9859093e-01
   1.0000000e-01  -2.9397510e-01
   1.1000000e-01  -6.5917260e-02
   1.2000000e-01  -1.0725008e-02
   1.3000000e-01   8.8311525e-02
   1.4000000e-01   1.4928820e-01
   1.5000000e-01  -1.6709170e-01
   1.6000000e-01  -7.7929892e-01
   1.7000000e-01  -6.7644161e-01
   1.8000000e-01   9.0787959e-01
   1.9000000e-01   2.8855215e+00
   2.0000000e-01   3.6283154e+00
   2.1000000e-01   3.2290270e+00
   2.2000000e-01   2.3992698e+00
   2.3000000e-01   8.8642240e-01
   2.4000000e-01  -1.2553888e+00
   2.5000000e-01  -2.6791926e+00
   2.6000000e-01  -2.1124455e+00
   2.7000000e-01  -4.8667058e-02
   2.8000000e-01   1.3378120e+00
   2.9000000e-01   4.2645876e-01
   3.0000000e-01  -1.6388964e+00
   3.1000000e-01  -2.2556419e+00
   3.2000000e-01  -7.8677691e-01
   3.3000000e-01   1.2460697e+00
   3.4000000e-01   2.5668907e+00
   3.5000000e-01   2.8867708e+00
   3.6000000e-01   2.2921350e+00
   3.7000000e-01   1.1514917e+00
   3.8000000e-01   2.4136805e-02
   3.9000000e-01  -8.0353205e-01
   4.0000000e-01  -1.2362273e+00
   4.1000000e-01  -1.1910300e+00
   4.2000000e-01  -9.7330550e-01
   4.3000000e-01  -1.1807780e+00
   4.4000000e-01  -1.9792550e+00
   4.5000000e-01  -2.8497329e+00
   4.6000000e-01  -2.9703067e+00
   4.7000000e-01  -1.7020136e+00
   4.8000000e-01   7.6435592e-01
   4.9000000e-01   3.2710198e+00
   5.0000000e-01   4.7901049e+00
   5.1000000e-01   5.0052891e+00
   5.2000000e-01   3.8204561e+00
   5.3000000e-01   1.6033354e+00
   5.4000000e-01  -7.2242568e-01
   5.5000000e-01  -2.6357812e+00
   5.6000000e-01  -3.9232646e+00
   5.7000000e-01  -3.9722646e+00
   5.8000000e-01  -2.4464795e+00
   5.9000000e-01  -6.8926450e-02
   6.0000000e-01   1.8289843e+00
   6.1000000e-01   2.2342673e+00
   6.2000000e-01   1.0251637e+00
   6.3000000e-01  -1.1114106e+00
   6.4000000e-01  -3.0615877e+00
   6.5000000e-01  -3.5975200e+00
   6.6000000e-01  -2.0495067e+00
   6.7000000e-01   8.9319204e-01
   6.8000000e-01   3.3793774e+00
   6.9000000e-01   3.6914211e+00
   7.0000000e-01   1.3504962e+00
   7.1000000e-01  -2.8516900e+00
   7.2000000e-01  -6.9802112e+00
   7.3000000e-01  -8.2893903e+00
   7.4000000e-01  -5.3065727e+00
   7.5000000e-01   3.7388129e-01
   7.6000000e-01   5.5235709e+00
   7.7000000e-01   7.7718845e+00
   7.8000000e-01   6.5696127e+00
   7.9000000e-01   3.0610330e+00
   8.0000000e-01  -7.0424790e-01
   8.1000000e-01  -2.8772446e+00
   8.2000000e-01  -2.8888097e+00
   8.3000000e-01  -1.6644190e+00
   8.4000000e-01  -2.0781393e-01
   8.5000000e-01   1.0426627e+00
   8.6000000e-01   1.2160747e+00
   8.7000000e-01  -2.8707058e-01
   8.8000000e-01  -2.2065003e+00
   8.9000000e-01  -2.7140542e+00
   9.0000000e-01  -1.4381736e+00
   9.1000000e-01   7.4007480e-01
   9.2000000e-01   2.3588252e+00
   9.3000000e-01   1.9931678e+00
   9.4000000e-01  -4.1505762e-01
   9.5000000e-01  -3.1421834e+00
   9.6000000e-01  -3.9566592e+00
   9.7000000e-01  -1.9976569e+00
   9.8000000e-01   1.2890451e+00
   9.9000000e-01   3.6592827e+00
   1.0000000e+00   4.2889676e+00
   1.0100000e+00   3.7463805e+00
   1.0200000e+00   2.6696015e+00
   1.0300000e+00   1.4999135e+00
   1.0400000e+00   1.0929474e+00
   1.0500000e+00   2.1686694e+00
   1.0600000e+00   3.6896272e+00
   1.0700000e+00   3.3434178e+00
   1.0800000e+00   2.1338762e-01
   1.0900000e+00  -4.3441257e+00
   1.1000000e+00  -8.1309975e+00
   1.1100000e+00  -9.3502688e+00
   1.1200000e+00  -7.7608600e+00
   1.1300000e+00  -4.9501555e+00
   1.1400000e+00  -2.2986266e+00
   1.1500000e+00   9.3684544e-02
   1.1600000e+00   2.1480101e+00
   1.1700000e+00   3.7159044e+00
   1.1800000e+00   5.5200501e+00
   1.1900000e+00   8.1963465e+00
   1.2000000e+00   1.0870850e+01
   1.2100000e+00   1.2063724e+01
   1.2200000e+00   1.1114726e+01
   1.2300000e+00   8.2614322e+00
   1.2400000e+00   4.4361884e+00
   1.2500000e+00   6.0661136e-01
   1.2600000e+00  -2.7833573e+00
   1.2700000e+00  -5.2160110e+00
   1.2800000e+00  -6.2658886e+00
   1.2900000e+00  -6.4929166e+00
   1.3000000e+00  -6.7545496e+00
   1.3100000e+00  -7.0114927e+00
   1.3200000e+00  -6.5098254e+00
   1.3300000e+00  -4.8329730e+00
   1.3400000e+00  -2.5370802e+00
   1.3500000e+00  -5.2822372e-01
   1.3600000e+00   7.3507806e-01
   1.3700000e+00   1.2646703e+00
   1.3800000e+00   1.4871972e+00
   1.3900000e+00   1.6131977e+00
   1.4000000e+00   9.3401733e-01
   1.4100000e+00  -1.1676244e+00
   1.4200000e+00  -3.9359697e+00
   1.4300000e+00  -5.8073086e+00
   1.4400000e+00  -6.0045518e+00
   1.4500000e+00  -5.0745867e+00
   1.4600000e+00  -3.7547944e+00
   1.4700000e+00  -1.9886278e+00
   1.4800000e+00   4.2826594e-01
   1.4900000e+00   2.6475468e+00
   1.5000000e+00   3.2638049e+00
   1.5100000e+00   2.4625450e+00
   1.5200000e+00   2.2566662e+00
   1.5300000e+00   3.7759593e+00
   1.5400000e+00   5.9288708e+00
   1.5500000e+00   7.2773410e+00
   1.5600000e+00   7.5209331e+00
   1.5700000e+00   6.7581250e+00
   1.5800000e+00   4.9265502e+00
   1.5900000e+00   2.5506358e+00
   1.6000000e+00   5.9286574e-01
   1.6100000e+00  -1.1286636e+00
   1.6200000e+00  -3.6708351e+00
   1.6300000e+00  -6.4599054e+00
   1.6400000e+00  -7.2066612e+00
   1.6500000e+00  -4.9655267e+00
   1.6600000e+00  -1.3413315e+00
   1.6700000e+00   1.5842725e+00
   1.6800000e+00   2.8465578e+00
   1.6900000e+00   2.4114475e+00
   1.7000000e+00   7.2199226e-01
   1.7100000e+00  -1.8044467e+00
   1.7200000e+00  -4.6397680e+00
   1.7300000e+00  -6.5207576e+00
   1.7400000e+00  -6.4949874e+00
   1.7500000e+00  -5.3963973e+00
   1.7600000e+00  -4.7592551e+00
   1.7700000e+00  -4.7559683e+00
   1.7800000e+00  -4.4366234e+00
   1.7900000e+00  -3.4925158e+00
   1.8000000e+00  -2.5770126e+00
   1.8100000e+00  -1.9276312e+00
   1.8200000e+00  -8.5295147e-01
   1.8300000e+00   1.2030298e+00
   1.8400000e+00   4.3044664e+00
   1.8500000e+00   8.5068569e+00
   1.8600000e+00   1.3040385e+01
   1.8700000e+00   1.5680821e+01
   1.8800000e+00   1.5068539e+01
   1.8900000e+00   1.2660684e+01
   1.9000000e+00   1.0279193e+01
   1.9100000e+00   7.3484602e+00
   1.9200000e+00   2.7625279e+00
   1.9300000e+00  -2.3077123e+00
   1.9400000e+00  -5.6489456e+00
   1.9500000e+00  -6.5633531e+00
   1.9600000e+00  -5.5013335e+00
   1.9700000e+00  -2.6791671e+00
   1.9800000e+00   1.0415532e+00
   1.9900000e+00   3.3692077e+00
   2.0000000e+00   2.8944626e+00
   2.0100000e+00   9.5304973e-01
   2.0200000e+00  -4.8998471e-01
   2.0300000e+00  -1.4429277e+00
   2.0400000e+00  -3.1135050e+00
   2.0500000e+00  -5.5632891e+00
   2.0600000e+00  -7.1931252e+00
   2.0700000e+00  -6.2592124e+00
   2.0800000e+00  -2.5642015e+00
   2.0900000e+00   1.7330940e+00
   2.1000000e+00   3.4019196e+00
   2.1100000e+00   1.6039863e+00
   2.1200000e+00  -9.6957917e-01
   2.1300000e+00  -1.9942824e+00
   2.1400000e+00  -2.8833405e+00
   2.1500000e+00  -6.5657352e+00
   2.1600000e+00  -1.3499398e+01
   2.1700000e+00  -2.0862766e+01
   2.1800000e+00  -2.4339049e+01
   2.1900000e+00  -2.1411460e+01
   2.2000000e+00  -1.4077160e+01
   2.2100000e+00  -6.9915561e+00
   2.2200000e+00  -2.7368683e+00
   2.2300000e+00  -6.4996561e-02
   2.2400000e+00   3.2690412e+00
   2.2500000e+00   7.4922189e+00
   2.2600000e+00   1.1706494e+01
   2.2700000e+00   1.5942974e+01
   2.2800000e+00   2.0426721e+01
   2.2900000e+00   2.3505571e+01
   2.3000000e+00   2.1950576e+01
   2.3100000e+00   1.4290658e+01
   2.3200000e+00   3.3423516e+00
   2.3300000e+00  -5.0584617e+00
   2.3400000e+00  -6.0847783e+00
   2.3500000e+00  -2.6352513e-01
   2.3600000e+00   6.2065177e+00
   2.3700000e+00   7.4799918e+00
   2.3800000e+00   3.4473123e+00
   2.3900000e+00  -2.2623753e+00
   2.4000000e+00  -6.7913114e+00
   2.4100000e+00  -8.8880719e+00
   2.4200000e+00  -8.0157089e+00
   2.4300000e+00  -4.5751010e+00
   2.4400000e+00  -2.2894337e-01
   2.4500000e+00   2.7404748e+00
   2.4600000e+00   3.0455821e+00
   2.4700000e+00   1.8117217e+00
   2.4800000e+00   1.2237620e+00
   2.4900000e+00   1.7805817e+00
   2.5000000e+00   2.3578304e+00
   2.5100000e+00   2.1162976e+00
   2.5200000e+00   1.2157733e+00
   2.5300000e+00   1.3489071e-01
   2.5400000e+00  -1.3571621e+00
   2.5500000e+00  -4.0618659e+00
   2.5600000e+00  -8.0257331e+00
   2.5700000e+00  -1.1706583e+01
   2.5800000e+00  -1.3055473e+01
   2.5900000e+00  -1.1942180e+01
   2.6000000e+00  -1.0191059e+01
   2.6100000e+00  -8.8148532e+00
   2.6200000e+00  -6.9645943e+00
   2.6300000e+00  -1.9606117e+00
   2.6400000e+00   1.1807780e+01
   2.6500000e+00   3.8351448e+01
   2.6600000e+00   7.0734736e+01
   2.6700000e+00   9.3080123e+01
   2.6800000e+00   9.4082696e+01
   2.6900000e+00   7.5583323e+01
   2.7000000e+00   5.0012581e+01
   2.7100000e+00   2.9084903e+01
   2.7200000e+00   1.4533526e+01
   2.7300000e+00   2.3984217e+00
   2.7400000e+00  -8.2355857e+00
   2.7500000e+00  -1.5670537e+01
   2.7600000e+00  -2.0113149e+01
   2.7700000e+00  -2.3319974e+01
   2.7800000e+00  -2.6015797e+01
   2.7900000e+00  -2.7862075e+01
   2.8000000e+00  -2.9182688e+01
   2.8100000e+00  -3.1411691e+01
   2.8200000e+00  -3.5906855e+01
   2.8300000e+00  -4.6187582e+01
   2.8400000e+00  -7.0823467e+01
   2.8500000e+00  -1.1304859e+02
   2.8600000e+00  -1.5866949e+02
   2.8700000e+00  -1.8971864e+02
   2.8800000e+00  -2.0319882e+02
   2.8900000e+00  -2.0170761e+02
   2.9000000e+00  -1.8229767e+02
   2.9100000e+00  -1.4774873e+02
   2.9200000e+00  -1.1011445e+02
   2.9300000e+00  -7.6450693e+01
   2.9400000e+00  -4.5075665e+01
   2.9500000e+00  -1.4192708e+01
   2.9600000e+00   1.5637394e+01
   2.9700000e+00   4.4445067e+01
   2.9800000e+00   7.3340526e+01
   2.9900000e+00   1.0370492e+02
   3.0000000e+00   1.3582423e+02
   3.0100000e+00   1.6578902e+02
   3.0200000e+00   1.8658144e+02
   3.0300000e+00   1.9572450e+02
   3.0400000e+00   1.9805950e+02
   3.0500000e+00   1.9928030e+02
   3.0600000e+00   2.0087689e+02
   3.0700000e+00   2.0043237e+02
   3.0800000e+00   1.9390938e+02
   3.0900000e+00   1.7980996e+02
   3.1000000e+00   1.6097396e+02
   3.1100000e+00   1.4030787e+02
   3.1200000e+00   1.1788222e+02
   3.1300000e+00   9.3932266e+01
   3.1400000e+00   7.1117734e+01
   3.1500000e+00   5.2654733e+01
   3.1600000e+00   3.9618851e+01
   3.1700000e+00   2.9941348e+01
   3.1800000e+00   2.0595934e+01
   3.1900000e+00   1.0633556e+01
   3.2000000e+00   2.7028570e-01
   3.2100000e+00  -1.1262586e+01
   3.2200000e+00  -2.4419920e+01
   3.2300000e+00  -3.7899269e+01
   3.2400000e+00  -5.0278634e+01
   3.2500000e+00  -6.1860725e+01
   3.2600000e+00  -7.4025051e+01
   3.2700000e+00  -8.7479013e+01
   3.2800000e+00  -1.0232207e+02
   3.2900000e+00  -1.2082798e+02
   3.3000000e+00  -1.4933855e+02
   3.3100000e+00  -1.9134686e+02
   3.3200000e+00  -2.3719385e+02
   3.3300000e+00  -2.7035075e+02
   3.3400000e+00  -2.8266543e+02
   3.3500000e+00  -2.7458301e+02
   3.3600000e+00  -2.4953742e+02
   3.3700000e+00  -2.1454819e+02
   3.3800000e+00  -1.7670915e+02
   3.3900000e+00  -1.3724177e+02
   3.4000000e+00  -9.2602787e+01
   3.4100000e+00  -4.0724576e+01
   3.4200000e+00   1.3188459e+01
   3.4300000e+00   5.8707197e+01
   3.4400000e+00   8.8628719e+01
   3.4500000e+00   1.0150358e+02
   3.4600000e+00   9.9162996e+01
   3.4700000e+00   8.5812680e+01
   3.4800000e+00   6.6109204e+01
   3.4900000e+00   4.5196230e+01
   3.5000000e+00   3.0295561e+01
   3.5100000e+00   2.5289820e+01
   3.5200000e+00   2.6770252e+01
   3.5300000e+00   3.1151156e+01
   3.5400000e+00   3.9786848e+01
   3.5500000e+00   5.4074005e+01
   3.5600000e+00   7.1106881e+01
   3.5700000e+00   8.6172621e+01
   3.5800000e+00   9.6788516e+01
   3.5900000e+00   1.0288819e+02
   3.6000000e+00   1.0492057e+02
   3.6100000e+00   1.0374217e+02
   3.6200000e+00   1.0038381e+02
   3.6300000e+00   9.4118851e+01
   3.6400000e+00   8.3250378e+01
   3.6500000e+00   6.7920955e+01
   3.6600000e+00   4.7471533e+01
   3.6700000e+00   1.5919198e+01
   3.6800000e+00  -3.0128283e+01
   3.6900000e+00  -7.8193189e+01
   3.7000000e+00  -1.0822431e+02
   3.7100000e+00  -1.1548463e+02
   3.7200000e+00  -1.1169774e+02
   3.7300000e+00  -1.0557779e+02
   3.7400000e+00  -9.5660289e+01
   3.7500000e+00  -7.9819605e+01
   3.7600000e+00  -6.0669233e+01
   3.7700000e+00  -4.1457261e+01
   3.7800000e+00  -2.2339050e+01
   3.7900000e+00  -1.7295537e+00
   3.8000000e+00   2.1421155e+01
   3.8100000e+00   4.9977657e+01
   3.8200000e+00   9.0151873e+01
   3.8300000e+00   1.4084497e+02
   3.8400000e+00   1.8460289e+02
   3.8500000e+00   2.0292326e+02
   3.8600000e+00   1.9657894e+02
   3.8700000e+00   1.7975627e+02
   3.8800000e+00   1.6137182e+02
   3.8900000e+00   1.4153011e+02
   3.9000000e+00   1.1958437e+02
   3.9100000e+00   9.7168662e+01
   3.9200000e+00   7.5406388e+01
   3.9300000e+00   5.3687367e+01
   3.9400000e+00   3.1114968e+01
   3.9500000e+00   6.8266099e+00
   3.9600000e+00  -2.2038684e+01
   3.9700000e+00  -5.9133656e+01
   3.9800000e+00  -1.0070140e+02
   3.9900000e+00  -1.3318115e+02
   4.0000000e+00  -1.4629783e+02
   4.0100000e+00  -1.4307331e+02
   4.0200000e+00  -1.3217867e+02
   4.0300000e+00  -1.1778803e+02
   4.0400000e+00  -1.0059004e+02
   4.0500000e+00  -8.2883191e+01
   4.0600000e+00  -6.8357674e+01
   4.0700000e+00  -5.8566736e+01
   4.0800000e+00  -5.2326929e+01
   4.0900000e+00  -4.8326685e+01
   4.1000000e+00  -4.6683999e+01
   4.1100000e+00  -4.7377139e+01
   4.1200000e+00  -4.8382825e+01
   4.1300000e+00  -4.6854756e+01
   4.1400000e+00  -4.1532183e+01
   4.1500000e+00  -3.3032329e+01
   4.1600000e+00  -2.2119205e+01
   4.1700000e+00  -8.2300038e+00
   4.1800000e+00   9.1015924e+00
   4.1900000e+00   2.7278671e+01
   4.2000000e+00   4.1064360e+01
   4.2100000e+00   4.6356504e+01
   4.2200000e+00   4.3054922e+01
   4.2300000e+00   3.4603596e+01
   4.2400000e+00   2.5030224e+01
   4.2500000e+00   1.7217741e+01
   4.2600000e+00   1.3157589e+01
   4.2700000e+00   1.2714864e+01
   4.2800000e+00   1.2709249e+01
   4.2900000e+00   1.0245677e+01
   4.3000000e+00   5.5680017e+00
   4.3100000e+00   5.3485941e-01
   4.3200000e+00  -2.8676705e+00
   4.3300000e+00  -2.8765420e+00
   4.3400000e+00   8.5049590e-01
   4.3500000e+00   7.1613193e+00
   4.3600000e+00   1.4409476e+01
   4.3700000e+00   1.9964637e+01
   4.3800000e+00   2.0185942e+01
   4.3900000e+00   1.3363423e+01
   4.4000000e+00   1.3496591e+00
   4.4100000e+00  -1.3183975e+01
   4.4200000e+00  -2.8513111e+01
   4.4300000e+00  -4.2114697e+01
   4.4400000e+00  -5.0488986e+01
   4.4500000e+00  -5.1853499e+01
   4.4600000e+00  -4.7196079e+01
   4.4700000e+00  -3.8686374e+01
   4.4800000e+00  -2.8106544e+01
   4.4900000e+00  -1.6473203e+01
   4.5000000e+00  -5.1628795e+00
   4.5100000e+00   2.9704990e+00
   4.5200000e+00   5.2793559e+00
   4.5300000e+00   1.9334971e+00
   4.5400000e+00  -4.8699383e+00
   4.5500000e+00  -1.3052123e+01
   4.5600000e+00  -1.9994299e+01
   4.5700000e+00  -2.2606300e+01
   4.5800000e+00  -2.0403660e+01
   4.5900000e+00  -1.5672357e+01
   4.6000000e+00  -1.0208015e+01
   4.6100000e+00  -4.4687976e+00
   4.6200000e+00   1.2188059e+00
   4.6300000e+00   6.2408375e+00
   4.6400000e+00   9.5531908e+00
   4.6500000e+00   1.0032251e+01
   4.6600000e+00   7.6208060e+00
   4.6700000e+00   4.1793312e+00
   4.6800000e+00   3.4115600e+00
   4.6900000e+00   9.3034830e+00
   4.7000000e+00   2.5373265e+01
   4.7100000e+00   5.4713769e+01
   4.7200000e+00   9.2569398e+01
   4.7300000e+00   1.2091897e+02
   4.7400000e+00   1.2491874e+02
   4.7500000e+00   1.0993514e+02
   4.7600000e+00   9.0269229e+01
   4.7700000e+00   7.0363098e+01
   4.7800000e+00   4.5530626e+01
   4.7900000e+00   1.3637652e+01
   4.8000000e+00  -1.9363549e+01
   4.8100000e+00  -4.3378856e+01
   4.8200000e+00  -5.2359240e+01
   4.8300000e+00  -4.8689915e+01
   4.8400000e+00  -3.8728596e+01
   4.8500000e+00  -2.5251589e+01
   4.8600000e+00  -8.1077374e+00
   4.8700000e+00   8.6737744e+00
   4.8800000e+00   1.7552717e+01
   4.8900000e+00   1.6123729e+01
   4.9000000e+00   8.7216769e+00
   4.9100000e+00  -2.1529804e-01
   4.9200000e+00  -8.4876613e+00
   4.9300000e+00  -1.3393910e+01
   4.9400000e+00  -1.2364375e+01
   4.9500000e+00  -4.8787406e+00
   4.9600000e+00   8.9982686e+00
   4.9700000e+00   2.7021493e+01
   4.9800000e+00   4.0814936e+01
   4.9900000e+00   4.2270772e+01
   5.0000000e+00   3.3706194e+01
   5.0100000e+00   2.3232664e+01
   5.0200000e+00   1.3635410e+01
   5.0300000e+00   2.9694398e+00
   5.0400000e+00  -8.6694669e+00
   5.0500000e+00  -1.8860244e+01
   5.0600000e+00  -2.6671530e+01
   5.0700000e+00  -3.2897340e+01
   5.0800000e+00  -3.7689199e+01
   5.0900000e+00  -4.0638420e+01
   5.1000000e+00  -4.2463381e+01
   5.1100000e+00  -4.4323741e+01
   5.1200000e+00  -4.6384057e+01
   5.1300000e+00  -4.8996423e+01
   5.1400000e+00  -5.3052134e+01
   5.1500000e+00  -5.7168162e+01
   5.1600000e+00  -5.7551849e+01
   5.1700000e+00  -5.2363554e+01
   5.1800000e+00  -4.3761982e+01
   5.1900000e+00  -3.4489454e+01
   5.2000000e+00  -2.3838653e+01
   5.2100000e+00  -7.7995028e+00
   5.2200000e+00   1.6071331e+01
   5.2300000e+00   4.1928926e+01
   5.2400000e+00   5.6998620e+01
   5.2500000e+00   5.5072069e+01
   5.2600000e+00   4.2991176e+01
   5.2700000e+00   2.8776144e+01
   5.2800000e+00   1.2558062e+01
   5.2900000e+00  -5.7028701e+00
   5.3000000e+00  -1.9242039e+01
   5.3100000e+00  -2.2085564e+01
   5.3200000e+00  -1.6936955e+01
   5.3300000e+00  -9.8611734e+00
   5.3400000e+00  -3.1335022e+00
   5.3500000e+00   3.0091245e+00
   5.3600000e+00   7.2435150e+00
   5.3700000e+00   8.3586737e+00
   5.3800000e+00   6.6092366e+00
   5.3900000e+00   3.1640562e+00
   5.4000000e+00  -7.9010978e-01
   5.4100000e+00  -4.4902566e+00
   5.4200000e+00  -7.4802300e+00
   5.4300000e+00  -9.4391342e+00
   5.4400000e+00  -1.0134722e+01
   5.4500000e+00  -9.2715573e+00
   5.4600000e+00  -6.4268325e+00
   5.4700000e+00  -1.3024840e+00
   5.4800000e+00   5.4205569e+00
   5.4900000e+00   1.1918353e+01
   5.5000000e+00   1.6891261e+01
   5.5100000e+00   2.0310241e+01
   5.5200000e+00   2.2188127e+01
   5.5300000e+00   2.2132156e+01
   5.5400000e+00   1.9770416e+01
   5.5500000e+00   1.4756483e+01
   5.5600000e+00   6.8282424e+00
   5.5700000e+00  -3.4835684e+00
   5.5800000e+00  -1.4003430e+01
   5.5900000e+00  -2.1477999e+01
   5.6000000e+00  -2.3763387e+01
   5.6100000e+00  -2.1405865e+01
   5.6200000e+00  -1.6488381e+01
   5.6300000e+00  -1.0056404e+01
   5.6400000e+00  -1.6977820e+00
   5.6500000e+00   8.6274465e+00
   5.6600000e+00   1.9413008e+01
   5.6700000e+00   2.8350433e+01
   5.6800000e+00   3.3825822e+01
   5.6900000e+00   3.5526852e+01
   5.7000000e+00   3.4581288e+01
   5.7100000e+00   3.3179023e+01
   5.7200000e+00   3.2459140e+01
   5.7300000e+00   3.1557843e+01
   5.7400000e+00   2.9844891e+01
   5.7500000e+00   2.8135869e+01
   5.7600000e+00   2.6810403e+01
   5.7700000e+00   2.4734270e+01
   5.7800000e+00   2.1134527e+01
   5.7900000e+00   1.6878208e+01
   5.8000000e+00   1.2797941e+01
   5.8100000e+00   8.3028930e+00
   5.8200000e+00   2.5766070e+00
   5.8300000e+00  -4.0264954e+00
   5.8400000e+00  -1.0411357e+01
   5.8500000e+00  -1.6260762e+01
   5.8600000e+00  -2.2800268e+01
   5.8700000e+00  -3.1312072e+01
   5.8800000e+00  -4.1659229e+01
   5.8900000e+00  -5.3030209e+01
   5.9000000e+00  -6.3584688e+01
   5.9100000e+00  -6.9224595e+01
   5.9200000e+00  -6.6507812e+01
   5.9300000e+00  -5.6917576e+01
   5.9400000e+00  -4.5390709e+01
   5.9500000e+00  -3.4983227e+01
   5.9600000e+00  -2.5420372e+01
   5.9700000e+00  -1.6034295e+01
   5.9800000e+00  -7.0384815e+00
   5.9900000e+00   1.3954609e+00
   6.0000000e+00   8.8053002e+00
   6.0100000e+00   1.4132621e+01
   6.0200000e+00   1.6874436e+01
   6.0300000e+00   1.7452879e+01
   6.0400000e+00   1.6330224e+01
   6.0500000e+00   1.3684969e+01
   6.0600000e+00   1.0043904e+01
   6.0700000e+00   6.5244505e+00
   6.0800000e+00   4.1699324e+00
   6.0900000e+00   3.5919891e+00
   6.1000000e+00   4.8811939e+00
   6.1100000e+00   7.3225048e+00
   6.1200000e+00   1.0109500e+01
   6.1300000e+00   1.3264872e+01
   6.1400000e+00   1.6930656e+01
   6.1500000e+00   2.0386037e+01
   6.1600000e+00   2.2538736e+01
   6.1700000e+00   2.2979665e+01
   6.1800000e+00   2.2102302e+01
   6.1900000e+00   2.0316798e+01
   6.2000000e+00   1.7629954e+01
   6.2100000e+00   1.4163993e+01
   6.2200000e+00   1.0467963e+01
   6.2300000e+00   6.9919520e+00
   6.2400000e+00   3.9070960e+00
   6.2500000e+00   1.5207262e+00
   6.2600000e+00   1.2539913e-01
   6.2700000e+00  -4.0946647e-01
   6.2800000e+00  -4.5762811e-01
   6.2900000e+00  -4.0729596e-01
   6.3000000e+00  -6.3908845e-01
   6.3100000e+00  -1.3452928e+00
   6.3200000e+00  -2.4208999e+00
   6.3300000e+00  -3.6516835e+00
   6.3400000e+00  -4.9205497e+00
   6.3500000e+00  -6.1854190e+00
   6.3600000e+00  -7.3186368e+00
   6.3700000e+00  -8.1033388e+00
   6.3800000e+00  -8.4019119e+00
   6.3900000e+00  -8.2123655e+00
   6.4000000e+00  -7.5960878e+00
   6.4100000e+00  -6.6500717e+00
   6.4200000e+00  -5.5149362e+00
   6.4300000e+00  -4.3350509e+00
   6.4400000e+00  -3.1864029e+00
   6.4500000e+00  -2.0709861e+00
   6.4600000e+00  -9.8324453e-01
   6.4700000e+00   4.7330155e-02
   6.4800000e+00   9.5427501e-01
