   0.0000000e+00   9.5427809e-01
   2.0000000e-02   2.7535550e+00
   4.0000000e-02   6.4342123e-01
   6.0000000e-02  -3.0058157e-01
   8.0000000e-02   4.4875668e+00
   1.0000000e-01  -2.1044609e+00
   1.2000000e-01  -2.8256712e+00
   1.4000000e-01   2.0990954e+00
   1.6000000e-01  -3.9256242e+00
   1.8000000e-01   2.5032955e+00
   2.0000000e-01  -2.3668431e-01
   2.2000000e-01  -4.5152899e+00
   2.4000000e-01   4.7864810e+00
   2.6000000e-01   1.6934609e-01
   2.8000000e-01  -2.0194031e+00
   3.0000000e-01   1.5719060e+00
   3.2000000e-01  -5.5439803e+00
   3.4000000e-01   1.2683272e+00
   3.6000000e-01   6.1060049e+00
   3.8000000e-01  -3.1639614e+00
   4.0000000e-01   2.2018962e+00
   4.2000000e-01   1.3093376e+00
   4.4000000e-01  -4.8187422e-01
   4.6000000e-01   7.8035341e+00
   4.8000000e-01  -4.7558367e+00
   5.0000000e-01  -8.2125614e+00
   5.2000000e-01   4.4769605e+00
   5.4000000e-01  -2.6782203e+00
   5.6000000e-01   3.0870376e+00
   5.8000000e-01   6.3687059e+00
   6.0000000e-01  -1.2062623e+01
   6.2000000e-01  -2.9817773e+00
   6.4000000e-01   1.0204767e+01
   6.6000000e-01   6.0034091e-01
   6.8000000e-01  -1.1001339e-01
   7.0000000e-01  -1.6855792e+00
   7.2000000e-01  -1.0376306e+01
   7.4000000e-01  -3.0967505e+00
   7.6000000e-01   1.8385556e+01
   7.8000000e-01  -3.6492020e+00
   8.0000000e-01  -4.7334894e+00
   8.2000000e-01  -5.6796645e+00
   8.4000000e-01  -1.2030175e+01
   8.6000000e-01   1.5369378e+01
   8.8000000e-01   3.5215781e-01
   9.0000000e-01  -3.9093389e+00
   9.2000000e-01  -8.4547050e+00
   9.4000000e-01   2.4192178e+00
   9.6000000e-01   5.9426987e+00
   9.8000000e-01  -7.5364016e+00
   1.0000000e+00  -1.9260191e+00
   1.0200000e+00  -1.7317789e+00
   1.0400000e+00   4.4600859e+00
   1.0600000e+00   1.3294145e+01
   1.0800000e+00   5.4636819e+00
   1.1000000e+00   5.7012261e+00
   1.1200000e+00  -7.6933316e+00
   1.1400000e+00  -1.5658043e+01
   1.1600000e+00   1.1889830e+00
   1.1800000e+00   5.9928875e+00
   1.2000000e+00  -1.0659496e+00
   1.2200000e+00   1.3949683e+00
   1.2400000e+00   1.8772993e+00
   1.2600000e+00  -1.9471872e+01
   1.2800000e+00   2.2886065e+01
   1.3000000e+00   6.5467877e+00
   1.3200000e+00  -2.3446290e+01
   1.3400000e+00   2.4247202e+01
   1.3600000e+00   2.0327233e+00
   1.3800000e+00  -2.2083368e+01
   1.4000000e+00   2.0954928e+00
   1.4200000e+00  -1.0260141e+01
   1.4400000e+00  -1.8465949e+00
   1.4600000e+00   1.2038753e+01
   1.4800000e+00   9.3767086e+00
   1.5000000e+00   4.5430051e+00
   1.5200000e+00  -2.3382650e+01
   1.5400000e+00  -5.4533567e+00
   1.5600000e+00  -1.2937151e+01
   1.5800000e+00  -2.5866029e+00
   1.6000000e+00   2.3855709e+01
   1.6200000e+00   3.1733800e+00
   1.6400000e+00   3.7019775e+00
   1.6600000e+00   1.1423446e+00
   1.6800000e+00  -7.9680358e+00
   1.7000000e+00   3.5637695e-02
   1.7200000e+00   5.2517935e+00
   1.7400000e+00   4.0926343e-01
   1.7600000e+00   1.8902746e+00
   1.7800000e+00   3.9231828e+00
   1.8000000e+00  -8.6357139e+00
   1.8200000e+00  -1.5162497e+01
   1.8400000e+00  -1.2856573e+01
   1.8600000e+00  -1.6047517e+01
   1.8800000e+00   8.5291466e+00
   1.9000000e+00   2.4584702e+01
   1.9200000e+00   1.0108878e+01
   1.9400000e+00  -2.9024117e+00
   1.9600000e+00  -2.2481006e+01
   1.9800000e+00  -9.3606607e+00
   2.0000000e+00   2.2020756e+01
   2.0200000e+00   2.5173840e+01
   2.0400000e+00   7.1087944e+00
   2.0600000e+00  -1.4975040e+01
   2.0800000e+00  -2.2634495e+01
   2.1000000e+00  -3.4890996e+01
   2.1200000e+00  -1.1174927e+00
   2.1400000e+00   1.5298416e+01
   2.1600000e+00   4.5069019e+01
   2.1800000e+00   3.8914026e+01
   2.2000000e+00  -2.4414255e+01
   2.2200000e+00  -5.9726239e+01
   2.2400000e+00  -2.6222079e+01
   2.2600000e+00   5.4651879e+01
   2.2800000e+00   6.1838174e+01
   2.3000000e+00   4.3950568e+01
   2.3200000e+00  -1.6206129e+01
   2.3400000e+00   3.3683509e+00
   2.3600000e+00   4.8060510e+01
   2.3800000e+00   6.1139841e+01
   2.4000000e+00   5.7076579e+01
   2.4200000e+00  -9.8961559e+00
   2.4400000e+00  -6.2869774e+01
   2.4600000e+00  -5.9875404e+01
   2.4800000e+00  -4.8646726e+01
   2.5000000e+00  -1.0202895e+01
   2.5200000e+00  -6.1136110e+01
   2.5400000e+00  -1.0210814e+01
   2.5600000e+00   4.4462476e+01
   2.5800000e+00  -4.3784181e+01
   2.6000000e+00   3.5062695e+01
   2.6200000e+00   1.6288025e+01
   2.6400000e+00  -1.7472617e+01
   2.6600000e+00   1.6709439e+01
   2.6800000e+00   8.4907384e+01
   2.7000000e+00   2.7465575e+01
   2.7200000e+00  -3.4608304e+01
   2.7400000e+00  -8.0028282e+01
   2.7600000e+00  -1.4856127e+02
   2.7800000e+00  -3.2747441e+01
   2.8000000e+00   6.3936101e+01
   2.8200000e+00   1.1472780e+02
   2.8400000e+00   1.4202348e+02
   2.8600000e+00   1.3825047e+02
   2.8800000e+00  -8.6857790e+00
   2.9000000e+00  -1.2800990e+02
   2.9200000e+00  -1.4982910e+02
   2.9400000e+00  -1.7656558e+02
   2.9600000e+00  -1.6603681e+02
   2.9800000e+00  -1.1568434e+02
   3.0000000e+00  -9.7272489e+01
   3.0200000e+00  -4.6488124e+01
   3.0400000e+00   1.1375299e+02
   3.0600000e+00   2.6859186e+02
   3.0800000e+00   3.6146277e+02
   3.1000000e+00   2.8560010e+02
   3.1200000e+00   2.1338848e+01
   3.1400000e+00  -1.9830835e+02
   3.1600000e+00  -3.1177053e+02
   3.1800000e+00  -2.5070019e+02
   3.2000000e+00  -1.2398141e+02
   3.2200000e+00  -1.6773114e+01
   3.2400000e+00   1.0873788e+02
   3.2600000e+00   2.2128036e+02
   3.2800000e+00   2.7341634e+02
   3.3000000e+00   1.6129295e+02
   3.3200000e+00   1.7908956e+02
   3.3400000e+00   1.9065768e+01
   3.3600000e+00  -2.3111907e+02
   3.3800000e+00  -2.1749737e+02
   3.4000000e+00  -1.0546519e+02
   3.4200000e+00  -1.2662195e+02
   3.4400000e+00  -1.1342698e+02
   3.4600000e+00   6.8228002e+00
   3.4800000e+00   8.4044115e+01
   3.5000000e+00   1.9824001e+02
   3.5200000e+00   2.3759527e+02
   3.5400000e+00   1.8176807e+02
   3.5600000e+00  -3.6983413e+01
   3.5800000e+00  -1.9869661e+02
   3.6000000e+00  -2.4668009e+02
   3.6200000e+00  -1.1218727e+02
   3.6400000e+00  -1.8632187e+01
   3.6600000e+00  -2.0822899e+01
   3.6800000e+00   7.3231893e+01
   3.7000000e+00   1.0005337e+02
   3.7200000e+00   1.4812091e+01
   3.7400000e+00  -5.4830503e+01
   3.7600000e+00  -9.2258598e+01
   3.7800000e+00  -1.2903670e+02
   3.8000000e+00  -3.4835299e+01
   3.8200000e+00   1.1987892e+02
   3.8400000e+00   2.4251151e+02
   3.8600000e+00   2.9324846e+02
   3.8800000e+00   2.0058194e+02
   3.9000000e+00   1.7508300e+01
   3.9200000e+00  -1.2590817e+02
   3.9400000e+00  -2.0030100e+02
   3.9600000e+00  -1.9998734e+02
   3.9800000e+00  -1.9443234e+02
   4.0000000e+00  -1.3598963e+02
   4.0200000e+00  -5.0060125e+00
   4.0400000e+00   2.8908256e+01
   4.0600000e+00  -8.2975944e+01
   4.0800000e+00  -1.0575111e+02
   4.1000000e+00  -2.3039079e+01
   4.1200000e+00   9.4363170e+01
   4.1400000e+00   1.3491851e+02
   4.1600000e+00   1.1064879e+02
   4.1800000e+00   1.1205580e+02
   4.2000000e+00   8.3682430e+01
   4.2200000e+00   9.4886976e+01
   4.2400000e+00   4.0646851e+01
   4.2600000e+00  -3.9198893e+01
   4.2800000e+00  -7.1768980e+01
   4.3000000e+00  -6.8017823e+01
   4.3200000e+00  -4.8600784e+01
   4.3400000e+00   3.5341074e+01
   4.3600000e+00   9.5527331e+01
   4.3800000e+00   6.8536538e+01
   4.4000000e+00   8.5750234e+01
   4.4200000e+00   3.3387486e+01
   4.4400000e+00  -2.8762583e+01
   4.4600000e+00  -4.2500484e+01
   4.4800000e+00  -6.8093180e+01
   4.5000000e+00  -5.3737447e+01
   4.5200000e+00   5.0377327e+00
   4.5400000e+00   4.1040722e+01
   4.5600000e+00   3.5934123e+01
   4.5800000e+00   5.6453510e+00
   4.6000000e+00   1.1303470e+01
   4.6200000e+00   1.3712087e+01
   4.6400000e+00  -4.4211609e+01
   4.6600000e+00  -6.7237826e+01
   4.6800000e+00  -9.4773983e+01
   4.7000000e+00  -1.4671928e+02
   4.7200000e+00  -1.0357031e+02
   4.7400000e+00   1.1127357e+01
   4.7600000e+00   5.5351952e+01
   4.7800000e+00   5.9377197e+01
   4.8000000e+00   6.4172323e+01
   4.8200000e+00   1.0763622e+01
   4.8400000e+00   1.9405428e+01
   4.8600000e+00   1.1905076e+02
   4.8800000e+00   1.5408104e+02
   4.9000000e+00   1.5198774e+02
   4.9200000e+00   5.5656475e+01
   4.9400000e+00  -6.5305106e+01
   4.9600000e+00  -9.4681444e+01
   4.9800000e+00  -9.1080694e+01
   5.0000000e+00  -8.7331618e+01
   5.0200000e+00  -1.3704074e+02
   5.0400000e+00  -1.9725958e+02
   5.0600000e+00  -1.9599379e+02
   5.0800000e+00  -1.4644997e+02
   5.1000000e+00  -5.0011130e+01
   5.1200000e+00   6.0535512e+01
   5.1400000e+00   1.5446412e+02
   5.1600000e+00   1.6472901e+02
   5.1800000e+00   1.3601304e+02
   5.2000000e+00   1.6497555e+02
   5.2200000e+00   1.9516261e+02
   5.2400000e+00   1.0891094e+02
   5.2600000e+00  -7.7377532e+01
   5.2800000e+00  -9.6051121e+01
   5.3000000e+00  -8.7006707e+01
   5.3200000e+00  -8.5178999e+01
   5.3400000e+00  -3.9637781e+01
   5.3600000e+00  -2.0901167e+01
   5.3800000e+00  -2.2088259e+01
   5.4000000e+00  -4.0252143e+01
   5.4200000e+00  -3.1918882e+01
   5.4400000e+00  -1.8705558e+00
   5.4600000e+00   7.8766928e+01
   5.4800000e+00   1.0819594e+02
   5.5000000e+00   8.1815049e+01
   5.5200000e+00   3.7636682e+01
   5.5400000e+00  -9.9069353e+00
   5.5600000e+00  -1.7824488e+01
   5.5800000e+00  -9.1862534e+00
   5.6000000e+00  -3.4422486e+01
   5.6200000e+00  -6.4675669e+01
   5.6400000e+00  -6.9051075e+01
   5.6600000e+00  -5.2671690e+01
   5.6800000e+00  -3.3679457e+01
   5.7000000e+00   2.1293326e+01
   5.7200000e+00   6.7167614e+01
   5.7400000e+00   5.3185556e+01
   5.7600000e+00   3.6410905e+01
   5.7800000e+00   4.3061333e+01
   5.8000000e+00   5.0531636e+01
   5.8200000e+00   3.2452762e+01
   5.8400000e+00  -2.5074820e+01
   5.8600000e+00  -4.0797558e+01
   5.8800000e+00  -5.5309093e+00
   5.9000000e+00  -5.5978349e-02
   5.9200000e+00  -3.3116708e+01
   5.9400000e+00  -6.5354411e+01
   5.9600000e+00  -1.7397761e+01
   5.9800000e+00  -5.7470295e-01
   6.0000000e+00  -1.1070846e+01
   6.0200000e+00  -2.9174952e+01
   6.0400000e+00  -4.5954298e+01
   6.0600000e+00  -4.2068009e+01
   6.0800000e+00  -3.5103105e+01
   6.1000000e+00  -2.5943557e+01
   6.1200000e+00  -3.8606580e+01
   6.1400000e+00  -4.1799731e+01
   6.1600000e+00  -1.0637242e+01
   6.1800000e+00   4.4927941e+01
   6.2000000e+00   7.2171466e+01
   6.2200000e+00   7.8828719e+01
   6.2400000e+00   7.3806337e+01
   6.2600000e+00   7.7345212e+01
   6.2800000e+00   7.0170996e+01
   6.3000000e+00   4.4379798e+01
   6.3200000e+00   2.4293049e+01
   6.3400000e+00   1.6074543e+01
   6.3600000e+00  -9.2944516e+00
   6.3800000e+00  -3.4459167e+01
   6.4000000e+00  -4.3258951e+01
   6.4200000e+00  -5.1154256e+01
   6.4400000e+00  -1.8689231e+01
   6.4600000e+00   6.2004128e+00
   6.4800000e+00  -5.1863459e+00
   6.5000000e+00  -1.2822340e+01
   6.5200000e+00  -2.6165047e+01
   6.5400000e+00  -3.0397373e+01
   6.5600000e+00  -1.7663011e+01
   6.5800000e+00   1.9075852e+01
   6.6000000e+00   5.6669416e+01
   6.6200000e+00   5.2039917e+01
   6.6400000e+00   3.1168415e+01
   6.6600000e+00   1.4110574e+01
   6.6800000e+00   7.3704610e+00
   6.7000000e+00  -1.6713171e+01
   6.7200000e+00  -1.9968797e+01
   6.7400000e+00  -1.7494728e+01
   6.7600000e+00  -2.4503403e+01
   6.7800000e+00  -2.0534126e+01
   6.8000000e+00  -2.0880432e+01
   6.8200000e+00  -3.4196503e+01
   6.8400000e+00  -2.9764030e+01
   6.8600000e+00   5.1708765e+00
   6.8800000e+00  -1.8518767e+01
   6.9000000e+00  -3.5206292e+01
   6.9200000e+00  -1.4270650e+01
   6.9400000e+00  -4.9499811e+00
   6.9600000e+00   3.7379437e+01
   6.9800000e+00   5.3520647e+01
   7.0000000e+00   7.0790225e+00
   7.0200000e+00  -2.8008883e+01
   7.0400000e+00  -4.0959008e+01
   7.0600000e+00  -1.2314272e+01
   7.0800000e+00   4.5443871e+01
   7.1000000e+00   6.1310079e+01
   7.1200000e+00   5.0360406e+00
   7.1400000e+00  -3.8798997e+01
   7.1600000e+00  -4.0659371e+01
   7.1800000e+00  -5.0915542e+01
   7.2000000e+00  -2.4301854e+01
   7.2200000e+00   9.1808360e+00
   7.2400000e+00   2.8770193e+01
   7.2600000e+00   4.2594225e+01
   7.2800000e+00   1.6001017e+01
   7.3000000e+00   1.5175291e+01
   7.3200000e+00   3.5215294e+01
   7.3400000e+00   3.3354125e+01
   7.3600000e+00   2.9905362e+01
   7.3800000e+00   1.0298805e+01
   7.4000000e+00  -3.9985819e+00
   7.4200000e+00  -1.0082180e+01
   7.4400000e+00  -8.3757635e+00
   7.4600000e+00  -1.5389043e+01
   7.4800000e+00  -3.2653893e+01
   7.5000000e+00  -3.4566378e+01
   7.5200000e+00  -3.4485216e+01
   7.5400000e+00  -2.6921621e+01
   7.5600000e+00  -1.1296247e+01
   7.5800000e+00  -2.9236551e+00
   7.6000000e+00  -1.9274226e-01
   7.6200000e+00  -7.4500378e+00
   7.6400000e+00  -1.0862970e+01
   7.6600000e+00   5.4011159e+00
   7.6800000e+00   2.0654367e+01
   7.7000000e+00   4.8447817e+01
   7.7200000e+00   8.1038520e+01
   7.7400000e+00   8.9400775e+01
   7.7600000e+00   7.2240228e+01
   7.7800000e+00   1.1396529e+01
   7.8000000e+00  -1.8485298e+01
   7.8200000e+00  -2.7659528e+01
   7.8400000e+00  -7.1241130e+01
   7.8600000e+00  -6.6831728e+01
   7.8800000e+00  -4.1919971e+01
   7.9000000e+00  -8.2554398e+00
   7.9200000e+00   2.1968001e+01
   7.9400000e+00   7.1538296e+00
   7.9600000e+00  -1.9948710e+01
   7.9800000e+00  -2.7397614e+01
   8.0000000e+00  -1.9620583e+01
   8.0200000e+00  -1.6336470e+01
   8.0400000e+00  -1.8042944e+01
   8.0600000e+00  -2.8396990e+01
   8.0800000e+00  -1.5685008e+01
   8.1000000e+00   1.6842865e+01
   8.1200000e+00   3.5971914e+01
   8.1400000e+00   7.0042719e+01
   8.1600000e+00   6.2436616e+01
   8.1800000e+00   3.1962599e+01
   8.2000000e+00   2.6532951e+01
   8.2200000e+00   1.5522485e+00
   8.2400000e+00  -1.1867155e+01
   8.2600000e+00  -2.3696611e+01
   8.2800000e+00  -2.3012189e+01
   8.3000000e+00  -7.2782145e+00
   8.3200000e+00  -4.3582605e+00
   8.3400000e+00  -1.7282785e+01
   8.3600000e+00  -2.3308745e+01
   8.3800000e+00  -2.2775077e+01
   8.4000000e+00  -9.3666391e+00
   8.4200000e+00   2.2629946e+01
   8.4400000e+00   3.1942126e+01
   8.4600000e+00   3.0575616e+01
   8.4800000e+00   1.7001042e+01
   8.5000000e+00  -5.7892299e+00
   8.5200000e+00  -1.5391758e+01
   8.5400000e+00  -3.0342314e+01
   8.5600000e+00  -3.7622168e+01
   8.5800000e+00  -2.7157056e+01
   8.6000000e+00  -1.4874299e+01
   8.6200000e+00   1.0497504e+00
   8.6400000e+00   1.2998857e+01
   8.6600000e+00   3.1223746e+01
   8.6800000e+00   5.6390050e+01
   8.7000000e+00   6.3103499e+01
   8.7200000e+00   2.7164628e+01
   8.7400000e+00  -2.6244263e+01
   8.7600000e+00  -6.5408677e+01
   8.7800000e+00  -8.6547056e+01
   8.8000000e+00  -8.6034450e+01
   8.8200000e+00  -5.7734121e+01
   8.8400000e+00   1.1427256e-01
   8.8600000e+00   2.1537730e+01
   8.8800000e+00   1.9835791e+01
   8.9000000e+00   1.7033619e+01
   8.9200000e+00   7.9578989e+00
   8.9400000e+00   3.2792910e+01
   8.9600000e+00   4.0001131e+01
   8.9800000e+00   2.2691238e+01
   9.0000000e+00   9.4722398e+00
   9.0200000e+00   1.0009008e+00
   9.0400000e+00   1.1591942e+01
   9.0600000e+00   4.5789024e+01
   9.0800000e+00   2.9999590e+01
   9.1000000e+00  -2.6990458e+01
   9.1200000e+00  -4.3543035e+01
   9.1400000e+00  -2.3029953e+01
   9.1600000e+00   3.9130648e+00
   9.1800000e+00   3.3433957e+01
   9.2000000e+00   7.1859011e+01
   9.2200000e+00   7.8202431e+01
   9.2400000e+00   8.0944700e+01
   9.2600000e+00   2.7200314e+01
   9.2800000e+00  -5.9109480e+01
   9.3000000e+00  -1.1350554e+02
   9.3200000e+00  -1.0747034e+02
   9.3400000e+00  -4.7255132e+01
   9.3600000e+00  -4.8427615e+01
   9.3800000e+00  -2.8578829e+01
   9.4000000e+00  -2.9336279e+00
   9.4200000e+00   9.3931443e+00
   9.4400000e+00   5.4969325e+01
   9.4600000e+00   7.0754844e+01
   9.4800000e+00   3.4654478e+01
   9.5000000e+00  -2.9291905e+01
   9.5200000e+00  -6.2322342e+01
   9.5400000e+00  -6.8881910e+01
   9.5600000e+00  -5.7998434e+01
   9.5800000e+00  -2.0029088e+01
   9.6000000e+00   1.8433397e+01
   9.6200000e+00   3.0537301e+01
   9.6400000e+00   5.0309257e+01
   9.6600000e+00   8.1118310e+01
   9.6800000e+00   8.2578403e+01
   9.7000000e+00   7.5673698e+01
   9.7200000e+00   7.7587747e+01
   9.7400000e+00   3.2665866e+01
   9.7600000e+00  -2.1234791e+01
   9.7800000e+00  -3.1949900e+01
   9.8000000e+00  -4.9170467e+01
   9.8200000e+00  -5.2438502e+01
   9.8400000e+00  -5.1450582e+01
   9.8600000e+00  -5.3262822e+01
   9.8800000e+00  -5.2633056e+01
   9.9000000e+00  -4.0290427e+01
   9.9200000e+00  -5.5355930e+00
   9.9400000e+00   2.9766809e+01
   9.9600000e+00   3.9250184e+01
   9.9800000e+00   4.3454154e+01
   1.0000000e+01   4.9531699e+01
   1.0020000e+01   4.4722052e+01
   1.0040000e+01   3.0846392e+01
   1.0060000e+01  -9.6053547e+00
   1.0080000e+01  -3.1207521e+01
   1.0100000e+01  -4.4694152e+01
   1.0120000e+01  -6.0717372e+01
   1.0140000e+01  -4.7465455e+01
   1.0160000e+01   1.0544479e+00
   1.0180000e+01   1.9812530e+01
   1.0200000e+01   1.8331848e+01
   1.0220000e+01   1.2548058e+01
   1.0240000e+01  -1.2401951e+01
   1.0260000e+01  -1.8757002e+01
   1.0280000e+01  -1.6788803e+01
   1.0300000e+01  -9.7928764e+00
   1.0320000e+01   2.9304795e+00
   1.0340000e+01   1.8137206e+01
   1.0360000e+01   2.7030190e+01
   1.0380000e+01   2.8206814e+01
   1.0400000e+01   1.1985549e+01
   1.0420000e+01  -9.3499023e-01
   1.0440000e+01   9.3285263e-01
   1.0460000e+01  -6.3492767e+00
   1.0480000e+01  -1.0418201e+01
   1.0500000e+01   1.1899328e+00
   1.0520000e+01   1.2365458e+01
   1.0540000e+01   1.5341796e+01
   1.0560000e+01   5.2814231e+00
   1.0580000e+01  -1.5974311e+01
   1.0600000e+01  -2.2046599e+01
   1.0620000e+01  -1.1295772e+01
   1.0640000e+01   9.0149883e+00
   1.0660000e+01   3.5662829e+01
   1.0680000e+01   4.5608598e+01
   1.0700000e+01   5.6122661e+01
   1.0720000e+01   4.7237723e+01
   1.0740000e+01   6.3741710e+00
   1.0760000e+01  -2.6788244e+01
   1.0780000e+01  -7.8030988e+01
   1.0800000e+01  -1.0487995e+02
   1.0820000e+01  -8.1557931e+01
   1.0840000e+01  -4.8588598e+01
   1.0860000e+01  -1.9602762e+01
   1.0880000e+01  -5.0417162e+00
   1.0900000e+01   9.2186500e+00
   1.0920000e+01   3.5722528e+01
   1.0940000e+01   5.8229091e+01
   1.0960000e+01   5.9970604e+01
   1.0980000e+01   2.6976599e+01
   1.1000000e+01  -2.0607566e+01
   1.1020000e+01  -1.4965967e+01
   1.1040000e+01   3.1436184e+00
   1.1060000e+01   2.4762752e+01
   1.1080000e+01   3.6393762e+01
   1.1100000e+01   3.3616552e+01
   1.1120000e+01   3.0796001e+01
   1.1140000e+01   1.7783185e+01
   1.1160000e+01   5.2947370e+00
   1.1180000e+01  -1.4995277e+01
   1.1200000e+01  -3.0955978e+01
   1.1220000e+01  -4.4435618e+01
   1.1240000e+01  -4.3912888e+01
   1.1260000e+01  -4.3988552e+01
   1.1280000e+01  -1.9329164e+01
   1.1300000e+01   3.4615023e+00
   1.1320000e+01   1.0186756e+01
   1.1340000e+01   1.3577095e+01
   1.1360000e+01   1.2502881e+01
   1.1380000e+01   1.4123900e+01
   1.1400000e+01   4.0942403e+00
   1.1420000e+01  -8.9926201e+00
   1.1440000e+01  -1.1454400e+01
   1.1460000e+01   1.9113464e+00
   1.1480000e+01   1.3141045e+01
   1.1500000e+01   2.4888376e+01
   1.1520000e+01   2.2956022e+01
   1.1540000e+01  -9.9880376e+00
   1.1560000e+01  -2.4159458e+01
   1.1580000e+01  -1.6135336e+01
   1.1600000e+01  -1.0014012e+01
   1.1620000e+01   1.8760998e+00
   1.1640000e+01   1.9459675e+00
   1.1660000e+01  -2.2462309e+00
   1.1680000e+01   7.7768698e+00
   1.1700000e+01   2.2545164e+01
   1.1720000e+01   2.5390391e+01
   1.1740000e+01   2.8464156e+01
   1.1760000e+01   2.7103553e+01
   1.1780000e+01   3.0102460e+01
   1.1800000e+01   3.8304473e+01
   1.1820000e+01   2.8820795e+01
   1.1840000e+01  -1.7082540e+01
   1.1860000e+01  -3.7903680e+01
   1.1880000e+01  -3.5258895e+01
   1.1900000e+01  -4.6748626e+01
   1.1920000e+01  -4.4947293e+01
   1.1940000e+01  -4.3414285e+01
   1.1960000e+01  -2.8164795e+01
   1.1980000e+01  -2.4705440e+00
   1.2000000e+01   2.1731872e+01
   1.2020000e+01   2.4305129e+01
   1.2040000e+01   2.4448385e+01
   1.2060000e+01   2.9135522e+01
   1.2080000e+01   2.4102345e+01
   1.2100000e+01   1.4491914e+01
   1.2120000e+01  -7.7810564e+00
   1.2140000e+01  -3.2846693e+01
   1.2160000e+01  -5.3459012e+01
   1.2180000e+01  -6.8158505e+01
   1.2200000e+01  -6.8406499e+01
   1.2220000e+01  -5.0494752e+01
   1.2240000e+01  -5.2351391e+00
   1.2260000e+01   2.9172577e+01
   1.2280000e+01   4.2376505e+01
   1.2300000e+01   5.4617845e+01
   1.2320000e+01   5.8160483e+01
   1.2340000e+01   5.7519604e+01
   1.2360000e+01   5.1154279e+01
   1.2380000e+01   3.1680369e+01
   1.2400000e+01   4.1686155e+00
   1.2420000e+01  -6.1691319e+00
   1.2440000e+01  -1.3762839e+01
   1.2460000e+01  -1.5401448e+01
   1.2480000e+01  -1.4831795e+01
   1.2500000e+01  -1.3960951e+01
   1.2520000e+01  -1.0890317e+01
   1.2540000e+01   3.8763337e+00
   1.2560000e+01   2.1238357e+01
   1.2580000e+01   2.0008571e+01
   1.2600000e+01   9.4917692e+00
   1.2620000e+01  -1.2234428e+00
   1.2640000e+01  -2.6902265e+00
   1.2660000e+01  -2.8828055e+00
   1.2680000e+01  -1.0285588e+01
   1.2700000e+01  -1.8857861e+01
   1.2720000e+01  -1.6186375e+01
   1.2740000e+01  -8.4920851e+00
   1.2760000e+01  -3.0518896e+00
   1.2780000e+01  -8.7645130e+00
   1.2800000e+01  -1.4201583e+01
   1.2820000e+01  -1.4548279e+01
   1.2840000e+01  -1.4343205e+01
   1.2860000e+01  -1.6602288e+01
   1.2880000e+01  -1.7540989e+01
   1.2900000e+01  -1.8091459e+01
   1.2920000e+01  -1.5919470e+01
   1.2940000e+01  -7.7926622e+00
   1.2960000e+01   1.0093834e+01
   1.2980000e+01   3.3439459e+01
   1.3000000e+01   4.4219932e+01
   1.3020000e+01   4.7370967e+01
   1.3040000e+01   3.6515176e+01
   1.3060000e+01   1.6659384e+01
   1.3080000e+01   6.6849180e-01
   1.3100000e+01  -9.2438256e+00
   1.3120000e+01  -1.6379452e+01
   1.3140000e+01  -1.9707661e+01
   1.3160000e+01  -2.1227117e+01
   1.3180000e+01  -1.4832900e+01
   1.3200000e+01  -1.7425065e+00
   1.3220000e+01   1.6148852e+00
   1.3240000e+01   5.1143634e+00
   1.3260000e+01   6.8254269e+00
   1.3280000e+01   4.5422573e+00
   1.3300000e+01   4.3305442e+00
   1.3320000e+01  -9.2938311e-01
   1.3340000e+01  -1.3778858e+01
   1.3360000e+01  -1.4144428e+01
   1.3380000e+01  -7.0598984e+00
   1.3400000e+01  -9.6381088e+00
   1.3420000e+01  -1.2875317e+01
   1.3440000e+01  -8.3651424e+00
   1.3460000e+01   8.4359057e+00
   1.3480000e+01   1.9562832e+01
   1.3500000e+01   1.2075961e+01
   1.3520000e+01  -4.4749019e+00
   1.3540000e+01  -7.4485876e+00
   1.3560000e+01   8.8521748e-01
   1.3580000e+01   3.5399369e+00
   1.3600000e+01   1.9017203e-01
   1.3620000e+01  -1.5752542e-02
   1.3640000e+01   9.4341528e+00
   1.3660000e+01   1.9596679e+01
   1.3680000e+01   1.9422414e+01
   1.3700000e+01   1.1671269e+01
   1.3720000e+01   4.5704493e+00
   1.3740000e+01   2.0600403e-01
   1.3760000e+01  -3.2575353e+00
   1.3780000e+01  -1.1890487e+01
   1.3800000e+01  -1.8629681e+01
   1.3820000e+01  -2.0690624e+01
   1.3840000e+01  -1.3822131e+01
   1.3860000e+01   1.6003516e+00
   1.3880000e+01   1.6111639e+01
   1.3900000e+01   2.2440978e+01
   1.3920000e+01   1.9306863e+01
   1.3940000e+01   5.5157297e+00
   1.3960000e+01  -1.4159080e+01
   1.3980000e+01  -2.3088003e+01
   1.4000000e+01  -1.6472667e+01
   1.4020000e+01  -6.2400484e+00
   1.4040000e+01   1.6018673e-01
   1.4060000e+01   2.4675012e+00
   1.4080000e+01  -2.6354502e+00
   1.4100000e+01  -7.9342823e+00
   1.4120000e+01  -1.2076489e+01
   1.4140000e+01  -9.0465179e+00
   1.4160000e+01  -2.4958781e+00
   1.4180000e+01   7.4763912e+00
   1.4200000e+01   2.1229028e+01
   1.4220000e+01   2.5348302e+01
   1.4240000e+01   2.3569857e+01
   1.4260000e+01   1.9080159e+01
   1.4280000e+01   9.8844350e+00
   1.4300000e+01   1.0393285e+00
   1.4320000e+01  -7.6712623e+00
   1.4340000e+01  -1.2203464e+01
   1.4360000e+01  -4.9512003e+00
   1.4380000e+01   4.3048717e+00
   1.4400000e+01   6.8868786e+00
   1.4420000e+01   2.5057385e+00
   1.4440000e+01  -7.4363154e+00
   1.4460000e+01  -1.4002499e+01
   1.4480000e+01  -1.4513104e+01
   1.4500000e+01  -1.5234107e+01
   1.4520000e+01  -1.5948104e+01
   1.4540000e+01  -1.7798547e+01
   1.4560000e+01  -1.4329974e+01
   1.4580000e+01  -7.6880643e+00
   1.4600000e+01  -1.3730047e+00
   1.4620000e+01   5.1154948e+00
   1.4640000e+01   1.0679090e+01
   1.4660000e+01   1.0877687e+01
   1.4680000e+01   1.2962524e+01
   1.4700000e+01   1.7940290e+01
   1.4720000e+01   1.1023143e+01
   1.4740000e+01   6.4116952e-01
   1.4760000e+01  -6.5429202e+00
   1.4780000e+01  -5.9545399e+00
   1.4800000e+01  -1.6985430e+00
   1.4820000e+01  -5.3170580e-01
   1.4840000e+01  -4.0868882e+00
   1.4860000e+01  -5.6025214e+00
   1.4880000e+01   2.0467051e-01
   1.4900000e+01   1.2391767e+00
   1.4920000e+01   1.5909525e-01
   1.4940000e+01   2.6370349e+00
   1.4960000e+01   2.9439403e+00
   1.4980000e+01   5.8019007e+00
   1.5000000e+01   1.0204844e+01
   1.5020000e+01   1.2658178e+01
   1.5040000e+01   1.1875517e+01
   1.5060000e+01   6.3993369e+00
   1.5080000e+01  -1.0647511e+00
   1.5100000e+01  -5.3334458e+00
   1.5120000e+01  -5.2305678e+00
   1.5140000e+01  -7.1650676e+00
   1.5160000e+01  -5.3681587e+00
   1.5180000e+01  -4.0460923e+00
   1.5200000e+01  -4.2506258e+00
   1.5220000e+01  -3.8392326e+00
   1.5240000e+01  -4.0383382e+00
   1.5260000e+01  -6.2374577e+00
   1.5280000e+01  -7.3596540e+00
   1.5300000e+01   7.3383191e-01
   1.5320000e+01   1.2397289e+01
   1.5340000e+01   2.1167132e+01
   1.5360000e+01   1.7731751e+01
   1.5380000e+01   4.1155609e+00
   1.5400000e+01  -9.9949032e+00
   1.5420000e+01  -2.0001349e+01
   1.5440000e+01  -1.9472171e+01
   1.5460000e+01  -1.1443741e+01
   1.5480000e+01  -5.6811544e+00
   1.5500000e+01   2.0811547e-01
   1.5520000e+01   1.1112209e+01
   1.5540000e+01   1.9605622e+01
   1.5560000e+01   1.6964026e+01
   1.5580000e+01   6.6835123e+00
   1.5600000e+01  -4.2352116e+00
   1.5620000e+01  -1.1957884e+01
   1.5640000e+01  -1.4638488e+01
   1.5660000e+01  -1.5683616e+01
   1.5680000e+01  -1.7504744e+01
   1.5700000e+01  -1.3650561e+01
   1.5720000e+01  -3.4103099e+00
   1.5740000e+01   4.1656425e+00
   1.5760000e+01   5.1818288e+00
   1.5780000e+01   6.1126548e+00
   1.5800000e+01   1.0304870e+01
   1.5820000e+01   1.3284745e+01
   1.5840000e+01   1.0281051e+01
   1.5860000e+01  -1.2910783e+00
   1.5880000e+01  -1.1082133e+01
   1.5900000e+01  -1.2325175e+01
   1.5920000e+01  -6.6755768e+00
   1.5940000e+01   2.1389877e+00
   1.5960000e+01   7.9204194e+00
   1.5980000e+01   1.0241803e+01
   1.6000000e+01   1.4443067e+01
   1.6020000e+01   1.6554009e+01
   1.6040000e+01   1.3634208e+01
   1.6060000e+01   1.0386189e+01
   1.6080000e+01   6.4876383e+00
   1.6100000e+01   7.6574916e+00
   1.6120000e+01   1.0757695e+01
   1.6140000e+01   4.3510154e+00
   1.6160000e+01  -5.8826279e+00
   1.6180000e+01  -1.1262656e+01
   1.6200000e+01  -1.7151885e+01
   1.6220000e+01  -2.0726731e+01
   1.6240000e+01  -1.4467493e+01
   1.6260000e+01  -8.3224905e+00
   1.6280000e+01  -6.1288552e+00
   1.6300000e+01  -5.1161683e+00
   1.6320000e+01  -7.1204533e+00
   1.6340000e+01  -1.1238317e+01
   1.6360000e+01  -9.6964115e+00
   1.6380000e+01  -5.5369778e+00
   1.6400000e+01  -5.1046366e+00
   1.6420000e+01   2.0932967e+00
   1.6440000e+01   9.5331574e+00
   1.6460000e+01   1.2676850e+01
   1.6480000e+01   1.6325797e+01
   1.6500000e+01   1.8870658e+01
   1.6520000e+01   1.3843635e+01
   1.6540000e+01   5.5609969e+00
   1.6560000e+01   4.4152976e+00
   1.6580000e+01   7.0273129e+00
   1.6600000e+01   1.1476878e+01
   1.6620000e+01   1.1267436e+01
   1.6640000e+01   7.2360077e+00
   1.6660000e+01   3.0951386e+00
   1.6680000e+01  -5.1607285e+00
   1.6700000e+01  -1.4553667e+01
   1.6720000e+01  -2.2018645e+01
   1.6740000e+01  -2.2005318e+01
   1.6760000e+01  -1.1993090e+01
   1.6780000e+01  -3.2241803e+00
   1.6800000e+01  -3.4446856e+00
   1.6820000e+01  -1.0065799e+01
   1.6840000e+01  -1.2971787e+01
   1.6860000e+01  -7.8921198e+00
   1.6880000e+01   2.2132429e+00
   1.6900000e+01   7.3703334e+00
   1.6920000e+01   4.3310309e+00
   1.6940000e+01   2.2945909e+00
   1.6960000e+01   2.7950293e+00
   1.6980000e+01   7.2625180e-01
   1.7000000e+01   7.0289905e-01
   1.7020000e+01   1.9464967e+00
   1.7040000e+01   2.8398099e+00
   1.7060000e+01   4.8742420e+00
   1.7080000e+01   5.8821384e+00
   1.7100000e+01   6.6484216e+00
   1.7120000e+01   2.5573055e+00
   1.7140000e+01   1.6818532e+00
   1.7160000e+01   2.9397810e+00
   1.7180000e+01   1.3532337e+00
   1.7200000e+01   1.3208388e+00
   1.7220000e+01   3.7250508e+00
   1.7240000e+01   5.2532357e+00
   1.7260000e+01   2.4451295e+00
   1.7280000e+01   7.4681286e-01
   1.7300000e+01   3.1227287e-01
   1.7320000e+01  -6.3873306e-01
   1.7340000e+01  -3.9318590e+00
   1.7360000e+01  -8.8201255e+00
   1.7380000e+01  -7.3314057e+00
   1.7400000e+01  -1.8411251e+00
   1.7420000e+01   4.8902987e+00
   1.7440000e+01   1.0160121e+01
   1.7460000e+01   9.8088994e+00
   1.7480000e+01   5.1300500e+00
   1.7500000e+01  -5.8858924e-01
   1.7520000e+01  -1.6355817e+00
   1.7540000e+01   1.2481659e+00
   1.7560000e+01   1.9346112e+00
   1.7580000e+01  -1.1667790e+00
   1.7600000e+01  -5.9737326e+00
   1.7620000e+01  -7.3874046e+00
   1.7640000e+01  -2.7984116e-01
   1.7660000e+01   4.5669011e+00
   1.7680000e+01   4.0483955e+00
   1.7700000e+01  -1.4615562e-01
   1.7720000e+01  -2.7118628e+00
   1.7740000e+01  -1.8586339e+00
   1.7760000e+01  -2.4053845e+00
   1.7780000e+01  -3.9425597e+00
   1.7800000e+01  -8.4662240e+00
   1.7820000e+01  -1.0959023e+01
   1.7840000e+01  -1.1310486e+01
   1.7860000e+01  -9.5593741e+00
   1.7880000e+01  -1.0373889e+01
   1.7900000e+01  -9.1322465e+00
   1.7920000e+01  -1.9616094e+00
   1.7940000e+01   2.8085022e+00
   1.7960000e+01   5.1417868e+00
   1.7980000e+01   5.8235883e+00
   1.8000000e+01   5.2638854e+00
   1.8020000e+01   3.0790566e+00
   1.8040000e+01   2.0713042e+00
   1.8060000e+01   1.7562824e+00
   1.8080000e+01  -5.3726666e-01
   1.8100000e+01   2.2064893e+00
   1.8120000e+01   6.8988334e+00
   1.8140000e+01   1.2463449e+01
   1.8160000e+01   1.6253749e+01
   1.8180000e+01   1.3107067e+01
   1.8200000e+01   7.6639594e+00
   1.8220000e+01   3.1642742e+00
   1.8240000e+01   4.3364246e+00
   1.8260000e+01   8.4823335e+00
   1.8280000e+01   1.1289353e+01
   1.8300000e+01   5.2925507e+00
   1.8320000e+01  -6.4722865e+00
   1.8340000e+01  -1.5293054e+01
   1.8360000e+01  -1.4871650e+01
   1.8380000e+01  -1.1927713e+01
   1.8400000e+01  -1.3196794e+01
   1.8420000e+01  -1.3075957e+01
   1.8440000e+01  -8.4473937e+00
   1.8460000e+01   4.4954144e-01
   1.8480000e+01   7.2047234e+00
   1.8500000e+01   5.8740582e+00
   1.8520000e+01   1.5732592e-01
   1.8540000e+01  -2.6472582e+00
   1.8560000e+01  -1.7920607e+00
   1.8580000e+01  -3.9555975e-01
   1.8600000e+01  -5.2764483e+00
   1.8620000e+01  -1.1678865e+01
   1.8640000e+01  -1.1901416e+01
   1.8660000e+01  -6.5806760e+00
   1.8680000e+01   7.6216077e-01
   1.8700000e+01   8.0244013e+00
   1.8720000e+01   1.0648006e+01
   1.8740000e+01   1.0923680e+01
   1.8760000e+01   1.3395422e+01
   1.8780000e+01   1.7152692e+01
   1.8800000e+01   1.6057112e+01
   1.8820000e+01   7.1169559e+00
   1.8840000e+01  -4.6488013e-01
   1.8860000e+01  -5.0819814e+00
   1.8880000e+01  -8.7185232e+00
   1.8900000e+01  -1.0928506e+01
   1.8920000e+01  -1.1475227e+01
   1.8940000e+01  -1.1004699e+01
   1.8960000e+01  -9.8414894e+00
   1.8980000e+01  -7.3056084e+00
   1.9000000e+01  -3.7348698e+00
   1.9020000e+01  -2.5488017e-01
   1.9040000e+01   4.0708046e-01
   1.9060000e+01  -8.8379450e-01
   1.9080000e+01   1.4131194e+00
   1.9100000e+01   6.2928929e+00
   1.9120000e+01   6.6683154e+00
   1.9140000e+01   1.5031248e+00
   1.9160000e+01  -6.2679600e+00
   1.9180000e+01  -7.6963197e+00
   1.9200000e+01  -3.2599484e+00
   1.9220000e+01   1.7725550e+00
   1.9240000e+01   8.8169710e+00
   1.9260000e+01   1.7122003e+01
   1.9280000e+01   2.3559921e+01
   1.9300000e+01   2.1719918e+01
   1.9320000e+01   1.3464356e+01
   1.9340000e+01   3.1182786e+00
   1.9360000e+01  -5.4653090e+00
   1.9380000e+01  -1.0993495e+01
   1.9400000e+01  -1.4621587e+01
   1.9420000e+01  -1.3997502e+01
   1.9440000e+01  -9.6054261e+00
   1.9460000e+01  -3.8496422e+00
   1.9480000e+01   3.2964387e+00
   1.9500000e+01   8.5596493e+00
   1.9520000e+01   9.5045445e+00
   1.9540000e+01   9.5050122e+00
   1.9560000e+01   7.7147140e+00
   1.9580000e+01   1.8220179e+00
   1.9600000e+01  -2.9363457e+00
   1.9620000e+01  -8.0345555e+00
   1.9640000e+01  -1.1893335e+01
   1.9660000e+01  -9.4048858e+00
   1.9680000e+01  -4.3491128e+00
   1.9700000e+01   1.7533963e+00
   1.9720000e+01   7.4624786e+00
   1.9740000e+01   9.4540198e+00
   1.9760000e+01   6.3874572e+00
   1.9780000e+01   2.0137586e+00
   1.9800000e+01  -2.1540475e+00
   1.9820000e+01  -5.4833544e+00
   1.9840000e+01  -6.2988875e+00
   1.9860000e+01  -9.2779469e+00
   1.9880000e+01  -1.1110175e+01
   1.9900000e+01  -8.7194388e+00
   1.9920000e+01  -7.0476051e+00
   1.9940000e+01  -3.9910074e+00
   1.9960000e+01  -3.2867453e+00
   1.9980000e+01  -4.0942283e+00
   2.0000000e+01  -1.6589591e+00
   2.0020000e+01   2.5746131e+00
   2.0040000e+01   4.1505462e+00
   2.0060000e+01   4.6487101e+00
   2.0080000e+01   7.1175094e+00
   2.0100000e+01   7.5547203e+00
   2.0120000e+01   5.4228870e+00
   2.0140000e+01   1.7079580e+00
   2.0160000e+01  -2.4500586e+00
   2.0180000e+01  -4.6956670e+00
   2.0200000e+01  -4.4142049e+00
   2.0220000e+01  -4.3421161e+00
   2.0240000e+01  -6.5383827e+00
   2.0260000e+01  -9.0513442e+00
   2.0280000e+01  -1.0203494e+01
   2.0300000e+01  -1.0303131e+01
   2.0320000e+01  -8.4072666e+00
   2.0340000e+01  -5.1007095e+00
   2.0360000e+01   2.8305155e+00
   2.0380000e+01   1.0261208e+01
   2.0400000e+01   1.2437649e+01
   2.0420000e+01   9.4965789e+00
   2.0440000e+01   6.5566645e+00
   2.0460000e+01   9.6491261e+00
   2.0480000e+01   1.0994900e+01
   2.0500000e+01   8.4674064e+00
   2.0520000e+01   4.7085820e+00
   2.0540000e+01   1.6453269e+00
   2.0560000e+01   2.3854475e+00
   2.0580000e+01   5.5084759e+00
   2.0600000e+01   6.7193462e+00
   2.0620000e+01   6.4588711e+00
   2.0640000e+01   6.0968313e+00
   2.0660000e+01   4.3204151e+00
   2.0680000e+01   1.6517935e+00
   2.0700000e+01  -9.3809081e-01
   2.0720000e+01  -3.1208909e+00
   2.0740000e+01  -3.0809809e+00
   2.0760000e+01  -1.1382161e+00
   2.0780000e+01   8.4864394e-01
   2.0800000e+01   2.4173372e+00
   2.0820000e+01   4.3335108e+00
   2.0840000e+01   4.0190241e+00
   2.0860000e+01   9.3577696e-01
   2.0880000e+01  -2.1517996e+00
   2.0900000e+01  -3.4498357e+00
   2.0920000e+01  -4.6443309e+00
   2.0940000e+01  -5.4757527e+00
   2.0960000e+01  -7.6576726e+00
   2.0980000e+01  -1.3916167e+01
   2.1000000e+01  -1.5501446e+01
   2.1020000e+01  -1.1540760e+01
   2.1040000e+01  -6.9532805e+00
   2.1060000e+01  -4.1456311e+00
   2.1080000e+01  -3.5743718e+00
   2.1100000e+01  -3.3422444e+00
   2.1120000e+01  -1.9995949e+00
   2.1140000e+01   7.9597046e-01
   2.1160000e+01   4.4593986e+00
   2.1180000e+01   5.6773147e+00
   2.1200000e+01   4.7181430e+00
   2.1220000e+01   1.4537398e+00
   2.1240000e+01  -1.9255843e+00
   2.1260000e+01   2.1916818e-02
   2.1280000e+01   3.1209396e+00
   2.1300000e+01   4.5530181e+00
   2.1320000e+01   4.0658477e+00
   2.1340000e+01   3.2448650e+00
   2.1360000e+01   5.8633611e+00
   2.1380000e+01   9.1732011e+00
   2.1400000e+01   8.5899738e+00
   2.1420000e+01   6.0918347e+00
   2.1440000e+01   1.4417815e+00
   2.1460000e+01  -2.9764713e+00
   2.1480000e+01  -6.1705819e+00
   2.1500000e+01  -7.7695066e+00
   2.1520000e+01  -9.8486013e+00
   2.1540000e+01  -1.1150214e+01
   2.1560000e+01  -1.0730920e+01
   2.1580000e+01  -8.5515009e+00
   2.1600000e+01  -7.8381310e-01
   2.1620000e+01   5.1661838e+00
   2.1640000e+01   7.4416028e+00
   2.1660000e+01   6.8914924e+00
   2.1680000e+01   5.1434527e+00
   2.1700000e+01   2.5867467e+00
   2.1720000e+01   1.5886857e+00
   2.1740000e+01   2.0824159e+00
   2.1760000e+01   1.5806614e+00
   2.1780000e+01  -1.3111676e+00
   2.1800000e+01  -5.2236487e+00
   2.1820000e+01  -5.9631335e+00
   2.1840000e+01  -3.0047762e+00
   2.1860000e+01   1.6172622e+00
   2.1880000e+01   5.7893054e+00
   2.1900000e+01   7.9985687e+00
   2.1920000e+01   7.6581249e+00
   2.1940000e+01   7.2956180e+00
   2.1960000e+01   5.0857932e+00
   2.1980000e+01   4.3210277e+00
   2.2000000e+01   3.7108858e+00
   2.2020000e+01  -2.0512395e-01
   2.2040000e+01  -2.4048116e+00
   2.2060000e+01  -3.1245623e+00
   2.2080000e+01  -4.7428839e+00
   2.2100000e+01  -7.0300359e+00
   2.2120000e+01  -8.9754712e+00
   2.2140000e+01  -7.4307838e+00
   2.2160000e+01  -3.0209676e+00
   2.2180000e+01   1.5490881e+00
   2.2200000e+01   2.4896824e+00
   2.2220000e+01   3.3076252e+00
   2.2240000e+01   4.3986629e+00
   2.2260000e+01   5.6086098e+00
   2.2280000e+01   3.7173092e+00
   2.2300000e+01  -9.8918283e-01
   2.2320000e+01  -2.9140112e+00
   2.2340000e+01  -5.4372884e+00
   2.2360000e+01  -6.2427224e+00
   2.2380000e+01  -9.3730044e+00
   2.2400000e+01  -1.1521939e+01
   2.2420000e+01  -8.2495004e+00
   2.2440000e+01  -1.8620875e+00
   2.2460000e+01   3.5913171e+00
   2.2480000e+01   7.3295478e+00
   2.2500000e+01   7.2906618e+00
   2.2520000e+01   4.7139171e+00
   2.2540000e+01   5.4829132e+00
   2.2560000e+01   6.6739735e+00
   2.2580000e+01   9.0222161e+00
   2.2600000e+01   8.6480771e+00
   2.2620000e+01   4.4991024e+00
   2.2640000e+01   2.2741834e+00
   2.2660000e+01   5.3290403e-01
   2.2680000e+01  -2.0425885e+00
   2.2700000e+01  -3.5022838e+00
   2.2720000e+01  -5.6921784e+00
   2.2740000e+01  -5.2970442e+00
   2.2760000e+01  -3.7133540e+00
   2.2780000e+01  -3.8014391e+00
   2.2800000e+01  -4.0533989e+00
   2.2820000e+01  -4.6971699e+00
   2.2840000e+01  -2.2684263e+00
   2.2860000e+01   6.1736741e-01
   2.2880000e+01   5.0838145e+00
   2.2900000e+01   8.3854629e+00
   2.2920000e+01   8.6705276e+00
   2.2940000e+01   6.9001205e+00
   2.2960000e+01   4.6103961e+00
   2.2980000e+01   3.2366993e+00
   2.3000000e+01   7.2207912e-01
   2.3020000e+01  -3.4529468e+00
   2.3040000e+01  -7.3601225e+00
   2.3060000e+01  -9.0745873e+00
   2.3080000e+01  -1.1904136e+01
   2.3100000e+01  -1.1345252e+01
   2.3120000e+01  -1.0925074e+01
   2.3140000e+01  -7.9373023e+00
   2.3160000e+01  -2.0305727e+00
   2.3180000e+01   2.3789302e+00
   2.3200000e+01   5.9450153e+00
   2.3220000e+01   8.9421947e+00
   2.3240000e+01   9.7503341e+00
   2.3260000e+01   6.6759772e+00
   2.3280000e+01   4.1768698e+00
   2.3300000e+01   2.8780381e+00
   2.3320000e+01   2.1733994e+00
   2.3340000e+01   6.1887797e-01
   2.3360000e+01  -1.0197889e+00
   2.3380000e+01  -1.8392128e+00
   2.3400000e+01  -1.1513926e+00
   2.3420000e+01  -9.6076147e-01
   2.3440000e+01  -1.4832736e+00
   2.3460000e+01  -1.7109810e+00
   2.3480000e+01  -2.4035950e+00
   2.3500000e+01  -4.2758132e+00
   2.3520000e+01  -5.6833958e+00
   2.3540000e+01  -5.3540011e+00
   2.3560000e+01  -5.2193131e+00
   2.3580000e+01  -5.0038717e+00
   2.3600000e+01  -3.2156150e+00
   2.3620000e+01  -3.9689619e+00
   2.3640000e+01  -8.2640622e-01
   2.3660000e+01   3.1168109e+00
   2.3680000e+01   3.9952857e+00
   2.3700000e+01   5.6857062e+00
   2.3720000e+01   6.6794983e+00
   2.3740000e+01   5.9846414e+00
   2.3760000e+01   2.2176353e+00
   2.3780000e+01  -2.5699482e-01
   2.3800000e+01   9.3849406e-02
   2.3820000e+01   2.8911591e+00
   2.3840000e+01   5.7619760e+00
   2.3860000e+01   1.0699023e+01
   2.3880000e+01   1.2132896e+01
   2.3900000e+01   1.1315346e+01
   2.3920000e+01   9.4472574e+00
   2.3940000e+01   7.4547240e+00
   2.3960000e+01   4.7971731e+00
   2.3980000e+01   4.2099008e-01
   2.4000000e+01  -2.0630509e+00
   2.4020000e+01  -5.5732200e+00
   2.4040000e+01  -8.7683741e+00
   2.4060000e+01  -1.1296585e+01
   2.4080000e+01  -1.2357824e+01
   2.4100000e+01  -1.0953691e+01
   2.4120000e+01  -8.1595559e+00
   2.4140000e+01  -5.7406657e+00
   2.4160000e+01  -3.1475262e+00
   2.4180000e+01  -3.7459832e-01
   2.4200000e+01   3.3542381e+00
   2.4220000e+01   5.9537747e+00
   2.4240000e+01   5.2743510e+00
   2.4260000e+01   1.4714458e+00
   2.4280000e+01  -2.1614371e+00
   2.4300000e+01  -3.6491232e+00
   2.4320000e+01  -3.6272030e+00
   2.4340000e+01  -4.0498569e+00
   2.4360000e+01  -4.1801643e+00
   2.4380000e+01  -4.1407529e+00
   2.4400000e+01  -4.0485797e+00
   2.4420000e+01  -3.4865712e-01
   2.4440000e+01   2.6444906e+00
   2.4460000e+01   3.4404574e+00
   2.4480000e+01   4.1618307e+00
   2.4500000e+01   3.0938795e+00
   2.4520000e+01   3.3984576e+00
   2.4540000e+01   2.5752806e+00
   2.4560000e+01   2.0089487e+00
   2.4580000e+01   2.6963131e+00
   2.4600000e+01   3.3083271e+00
   2.4620000e+01   5.8051452e+00
   2.4640000e+01   5.4114838e+00
   2.4660000e+01   3.2646191e+00
   2.4680000e+01  -3.7388261e-01
   2.4700000e+01  -3.4702406e+00
   2.4720000e+01  -4.0264589e+00
   2.4740000e+01  -1.5292782e+00
   2.4760000e+01  -1.4380654e+00
   2.4780000e+01  -3.1121179e+00
   2.4800000e+01  -4.0913930e+00
   2.4820000e+01  -5.2180088e+00
   2.4840000e+01  -6.4286957e+00
   2.4860000e+01  -6.6027855e+00
   2.4880000e+01  -4.0846241e+00
   2.4900000e+01  -2.9904412e+00
   2.4920000e+01  -3.1195973e+00
   2.4940000e+01  -2.8569752e+00
   2.4960000e+01  -2.8941409e+00
   2.4980000e+01  -2.1320978e+00
   2.5000000e+01   5.6966614e-01
   2.5020000e+01   2.9629931e+00
   2.5040000e+01   7.0804390e+00
   2.5060000e+01   9.5915610e+00
   2.5080000e+01   9.5362570e+00
   2.5100000e+01   8.2351960e+00
   2.5120000e+01   5.1388914e+00
   2.5140000e+01   2.5172441e+00
   2.5160000e+01   2.0959160e+00
   2.5180000e+01   1.9418476e+00
   2.5200000e+01   1.8021857e+00
   2.5220000e+01   1.3915420e+00
   2.5240000e+01  -1.0197363e+00
   2.5260000e+01  -2.9796062e+00
   2.5280000e+01  -2.7758472e+00
   2.5300000e+01  -7.6045416e-01
   2.5320000e+01  -8.2337693e-01
   2.5340000e+01  -1.8298682e+00
   2.5360000e+01  -3.6834003e+00
   2.5380000e+01  -4.1701663e+00
   2.5400000e+01  -6.3972495e+00
   2.5420000e+01  -9.3021998e+00
   2.5440000e+01  -7.8635517e+00
   2.5460000e+01  -4.4770952e+00
   2.5480000e+01   5.9366349e-01
   2.5500000e+01   3.6236682e+00
   2.5520000e+01   5.0005808e+00
   2.5540000e+01   5.4091172e+00
   2.5560000e+01   6.9789658e+00
   2.5580000e+01   8.3853184e+00
   2.5600000e+01   8.2886523e+00
   2.5620000e+01   7.0039849e+00
   2.5640000e+01   6.1446740e+00
   2.5660000e+01   4.5529093e+00
   2.5680000e+01   2.6711080e+00
   2.5700000e+01   8.8618802e-01
   2.5720000e+01  -1.9922141e+00
   2.5740000e+01  -3.7685124e+00
   2.5760000e+01  -4.2452044e+00
   2.5780000e+01  -1.8866426e+00
   2.5800000e+01   5.9388273e-01
   2.5820000e+01   1.6939445e+00
   2.5840000e+01   7.9055338e-01
   2.5860000e+01  -2.0902133e+00
   2.5880000e+01  -4.7778095e+00
   2.5900000e+01  -5.2841678e+00
   2.5920000e+01  -8.1869173e+00
   2.5940000e+01  -8.9958635e+00
   2.5960000e+01  -6.1430052e+00
   2.5980000e+01  -3.0663514e+00
   2.6000000e+01   6.1707788e-01
   2.6020000e+01   9.0941901e-01
   2.6040000e+01   5.4967834e-01
   2.6060000e+01   1.6241586e+00
   2.6080000e+01   2.2079077e+00
   2.6100000e+01   2.9087624e+00
   2.6120000e+01   1.7738482e+00
   2.6140000e+01  -1.7675267e+00
   2.6160000e+01  -3.3122278e+00
   2.6180000e+01  -3.4432490e+00
   2.6200000e+01  -2.5191605e+00
   2.6220000e+01  -2.3602747e-01
   2.6240000e+01   1.7383349e+00
   2.6260000e+01   4.3789865e+00
   2.6280000e+01   6.1095748e+00
   2.6300000e+01   5.4823722e+00
   2.6320000e+01   2.9966427e+00
   2.6340000e+01  -3.0375892e-02
   2.6360000e+01   8.1206485e-03
   2.6380000e+01   4.3427867e-01
   2.6400000e+01   1.6964320e+00
   2.6420000e+01   1.2040709e+00
   2.6440000e+01   1.3836948e+00
   2.6460000e+01   2.4073563e+00
   2.6480000e+01   1.9004443e+00
   2.6500000e+01   1.3707411e+00
   2.6520000e+01  -1.8081638e+00
   2.6540000e+01  -3.9713892e+00
   2.6560000e+01  -3.8129700e+00
   2.6580000e+01  -3.4592805e+00
   2.6600000e+01  -3.6057128e+00
   2.6620000e+01  -3.3115227e+00
   2.6640000e+01  -3.3692566e+00
   2.6660000e+01  -3.0159320e+00
   2.6680000e+01  -3.5147431e+00
   2.6700000e+01  -1.6936252e+00
   2.6720000e+01   1.1440934e-01
   2.6740000e+01  -2.2797188e-01
   2.6760000e+01   3.3821189e-02
   2.6780000e+01  -1.1342390e-01
   2.6800000e+01   1.8570713e+00
   2.6820000e+01   3.1045785e+00
   2.6840000e+01   2.4415131e+00
   2.6860000e+01   2.5633791e+00
   2.6880000e+01   2.5598135e+00
   2.6900000e+01   2.4690133e+00
   2.6920000e+01   3.9895347e+00
   2.6940000e+01   5.2220745e+00
   2.6960000e+01   5.0404134e+00
   2.6980000e+01   4.2705911e+00
   2.7000000e+01   3.0652044e+00
   2.7020000e+01   2.0418514e+00
   2.7040000e+01  -3.2296633e-01
   2.7060000e+01  -1.9225178e+00
   2.7080000e+01  -4.5585783e+00
   2.7100000e+01  -8.2977376e+00
   2.7120000e+01  -8.6887772e+00
   2.7140000e+01  -6.1738840e+00
   2.7160000e+01  -1.6006406e+00
   2.7180000e+01   1.1228911e-02
   2.7200000e+01  -5.7802434e-01
   2.7220000e+01  -4.7865675e-01
   2.7240000e+01  -3.3114170e-01
   2.7260000e+01  -1.5213513e+00
   2.7280000e+01  -3.5375875e+00
   2.7300000e+01  -3.3849849e+00
   2.7320000e+01  -9.2344605e-01
   2.7340000e+01   6.0442504e-01
   2.7360000e+01   9.6229218e-01
   2.7380000e+01   2.5849012e+00
   2.7400000e+01   2.6322729e+00
   2.7420000e+01   3.4423416e+00
   2.7440000e+01   5.7977479e+00
   2.7460000e+01   5.0866155e+00
   2.7480000e+01   5.1337876e+00
   2.7500000e+01   3.9538030e+00
   2.7520000e+01   1.5945328e+00
   2.7540000e+01   1.9044960e+00
   2.7560000e+01   2.9447029e+00
   2.7580000e+01   4.3887427e+00
   2.7600000e+01   3.9301984e+00
   2.7620000e+01   2.0974639e+00
   2.7640000e+01   9.3431506e-01
   2.7660000e+01  -8.4492949e-02
   2.7680000e+01  -2.4298495e+00
   2.7700000e+01  -4.5584528e+00
   2.7720000e+01  -4.6620475e+00
   2.7740000e+01  -2.4538338e+00
   2.7760000e+01  -1.3486929e+00
   2.7780000e+01  -1.4762473e+00
   2.7800000e+01  -2.7060646e+00
   2.7820000e+01  -4.7073277e+00
   2.7840000e+01  -5.0530578e+00
   2.7860000e+01  -3.5814128e+00
   2.7880000e+01  -8.3187898e-01
   2.7900000e+01  -1.0534635e+00
   2.7920000e+01  -4.6437957e-01
   2.7940000e+01   3.4369445e-01
   2.7960000e+01   1.0084835e+00
   2.7980000e+01   2.1995685e+00
   2.8000000e+01   2.2027864e+00
   2.8020000e+01   2.1040244e+00
   2.8040000e+01   2.3617043e+00
   2.8060000e+01   1.2008080e+00
   2.8080000e+01  -1.6237319e+00
   2.8100000e+01  -3.4026314e+00
   2.8120000e+01  -4.2245474e+00
   2.8140000e+01  -2.2463366e+00
   2.8160000e+01   1.2333266e+00
   2.8180000e+01   1.6891121e+00
   2.8200000e+01  -8.1920403e-01
   2.8220000e+01  -9.1048506e-01
   2.8240000e+01   6.2351397e-01
   2.8260000e+01   2.1841313e+00
   2.8280000e+01   1.9053783e+00
   2.8300000e+01   1.9759868e+00
   2.8320000e+01   1.3109990e+00
   2.8340000e+01  -6.7295494e-01
   2.8360000e+01  -6.2943044e-01
   2.8380000e+01  -7.7242695e-01
   2.8400000e+01  -9.6014827e-01
   2.8420000e+01  -1.0671380e+00
   2.8440000e+01  -9.0333638e-01
   2.8460000e+01  -9.6190766e-01
   2.8480000e+01   6.2174326e-02
   2.8500000e+01  -1.6518676e-01
   2.8520000e+01  -1.5798979e-01
   2.8540000e+01   1.8309922e+00
   2.8560000e+01   1.3703555e+00
   2.8580000e+01   1.3295095e+00
   2.8600000e+01   3.6352792e-01
   2.8620000e+01   3.2911127e-01
   2.8640000e+01   1.8986759e+00
   2.8660000e+01   1.4279720e+00
   2.8680000e+01   1.3016184e+00
   2.8700000e+01   2.9436075e-02
   2.8720000e+01  -1.4612185e+00
   2.8740000e+01  -3.5907739e+00
   2.8760000e+01  -4.1982051e+00
   2.8780000e+01  -3.7538666e+00
   2.8800000e+01  -3.1360465e+00
   2.8820000e+01  -1.9378536e+00
   2.8840000e+01  -1.7974042e-01
   2.8860000e+01   1.5294238e+00
   2.8880000e+01   3.0999202e+00
   2.8900000e+01   5.1439597e+00
   2.8920000e+01   5.0222864e+00
   2.8940000e+01   4.9642968e+00
   2.8960000e+01   3.5218412e+00
   2.8980000e+01   1.0566112e+00
   2.9000000e+01  -6.0293644e-01
   2.9020000e+01  -2.3531265e+00
   2.9040000e+01  -3.9573020e+00
   2.9060000e+01  -4.2745847e+00
   2.9080000e+01  -4.8307775e+00
   2.9100000e+01  -5.3006079e+00
   2.9120000e+01  -2.1237127e+00
   2.9140000e+01   1.2430425e+00
   2.9160000e+01   3.5722440e+00
   2.9180000e+01   5.9027184e+00
   2.9200000e+01   6.4527061e+00
   2.9220000e+01   4.9001232e+00
   2.9240000e+01   4.1159099e+00
   2.9260000e+01   3.9852182e+00
   2.9280000e+01   2.9524919e+00
   2.9300000e+01   1.4761011e+00
   2.9320000e+01  -6.2814871e-01
   2.9340000e+01  -1.9021073e+00
   2.9360000e+01  -2.3288555e+00
   2.9380000e+01  -2.1151646e+00
   2.9400000e+01  -4.0223347e+00
   2.9420000e+01  -5.4136870e+00
   2.9440000e+01  -3.8635079e+00
   2.9460000e+01  -1.9101294e+00
   2.9480000e+01  -1.5107897e+00
   2.9500000e+01  -1.3732153e+00
   2.9520000e+01  -1.4023787e+00
   2.9540000e+01  -3.4912066e+00
   2.9560000e+01  -4.2842733e+00
   2.9580000e+01  -3.6068948e+00
   2.9600000e+01  -3.1366706e+00
   2.9620000e+01  -3.1814763e+00
   2.9640000e+01  -1.6569457e+00
   2.9660000e+01  -4.8668336e-01
   2.9680000e+01   1.7816302e+00
   2.9700000e+01   5.2857041e+00
   2.9720000e+01   5.4127140e+00
   2.9740000e+01   4.5091918e+00
   2.9760000e+01   3.2434538e+00
   2.9780000e+01   3.9406866e+00
   2.9800000e+01   4.5050850e+00
   2.9820000e+01   4.7937591e+00
   2.9840000e+01   4.9318376e+00
   2.9860000e+01   4.0529607e+00
   2.9880000e+01   2.7727739e+00
   2.9900000e+01   8.7274123e-01
   2.9920000e+01  -2.4910429e-02
   2.9940000e+01  -1.7116642e+00
   2.9960000e+01  -2.8242562e+00
   2.9980000e+01  -3.6294955e+00
   3.0000000e+01  -3.0542154e+00
   3.0020000e+01  -5.0110800e+00
   3.0040000e+01  -6.3174786e+00
   3.0060000e+01  -7.0316789e+00
   3.0080000e+01  -6.0406061e+00
   3.0100000e+01  -4.1453328e+00
   3.0120000e+01  -3.9954909e+00
   3.0140000e+01  -1.0726482e+00
   3.0160000e+01   8.7606361e-01
   3.0180000e+01   2.4276849e+00
   3.0200000e+01   2.4404864e+00
   3.0220000e+01   2.1685291e+00
   3.0240000e+01   1.6520044e+00
   3.0260000e+01   1.4912540e+00
   3.0280000e+01   2.0628646e+00
   3.0300000e+01   4.6584530e+00
   3.0320000e+01   7.0018765e+00
   3.0340000e+01   8.8052412e+00
   3.0360000e+01   8.8022606e+00
   3.0380000e+01   6.7824205e+00
   3.0400000e+01   5.8395067e+00
   3.0420000e+01   3.2872611e+00
   3.0440000e+01   8.9181391e-01
   3.0460000e+01  -8.8750491e-01
   3.0480000e+01  -2.2507465e+00
   3.0500000e+01  -2.8735697e+00
   3.0520000e+01  -2.8682483e+00
   3.0540000e+01  -3.2205427e+00
   3.0560000e+01  -4.9168546e+00
   3.0580000e+01  -5.2400553e+00
   3.0600000e+01  -5.3203630e+00
   3.0620000e+01  -5.9185927e+00
   3.0640000e+01  -5.0406905e+00
   3.0660000e+01  -4.9462155e+00
   3.0680000e+01  -5.9832854e+00
   3.0700000e+01  -7.2216990e+00
   3.0720000e+01  -7.2396047e+00
   3.0740000e+01  -5.5961390e+00
   3.0760000e+01  -3.5218883e+00
   3.0780000e+01  -2.4582439e+00
   3.0800000e+01  -8.3149905e-01
   3.0820000e+01  -3.5768348e-01
   3.0840000e+01  -5.7100163e-01
   3.0860000e+01  -5.5197330e-01
   3.0880000e+01  -6.0395816e-01
   3.0900000e+01   1.5477992e-01
   3.0920000e+01   2.1139348e+00
   3.0940000e+01   3.7766860e+00
   3.0960000e+01   5.5564115e+00
   3.0980000e+01   8.1983199e+00
   3.1000000e+01   8.5178975e+00
   3.1020000e+01   7.8610358e+00
   3.1040000e+01   7.3645163e+00
   3.1060000e+01   6.8196857e+00
   3.1080000e+01   4.9534312e+00
   3.1100000e+01   3.7996167e+00
   3.1120000e+01   3.7715610e+00
   3.1140000e+01   3.9904151e+00
   3.1160000e+01   5.6402672e+00
   3.1180000e+01   6.5045614e+00
   3.1200000e+01   6.0038490e+00
   3.1220000e+01   5.7479510e+00
   3.1240000e+01   3.6634198e+00
   3.1260000e+01   9.2628552e-01
   3.1280000e+01  -6.2009584e-01
   3.1300000e+01  -2.2086086e+00
   3.1320000e+01  -3.2954352e+00
   3.1340000e+01  -4.3897522e+00
   3.1360000e+01  -6.4403867e+00
   3.1380000e+01  -7.3084728e+00
   3.1400000e+01  -8.4334905e+00
   3.1420000e+01  -8.2871644e+00
   3.1440000e+01  -7.8763697e+00
   3.1460000e+01  -8.0475700e+00
   3.1480000e+01  -7.7208756e+00
   3.1500000e+01  -7.7145155e+00
   3.1520000e+01  -6.9334215e+00
   3.1540000e+01  -4.9029167e+00
   3.1560000e+01  -1.3370067e+00
   3.1580000e+01   1.2083064e+00
   3.1600000e+01   2.6136973e+00
   3.1620000e+01   2.3733286e+00
   3.1640000e+01   2.6684293e+00
   3.1660000e+01   2.4054232e+00
   3.1680000e+01   2.1857107e+00
   3.1700000e+01   1.9044418e+00
   3.1720000e+01   2.1318317e+00
   3.1740000e+01   4.1417052e+00
   3.1760000e+01   4.8452083e+00
   3.1780000e+01   5.5869732e+00
   3.1800000e+01   5.3092418e+00
   3.1820000e+01   4.5202863e+00
   3.1840000e+01   3.9151367e+00
   3.1860000e+01   1.2876201e+00
   3.1880000e+01  -8.4984159e-01
   3.1900000e+01  -2.5042488e+00
   3.1920000e+01  -2.2588807e+00
   3.1940000e+01  -1.7211093e+00
   3.1960000e+01  -1.4056703e+00
   3.1980000e+01  -1.5881325e+00
   3.2000000e+01  -1.3781896e+00
   3.2020000e+01  -1.4075377e+00
   3.2040000e+01  -1.5899316e+00
   3.2060000e+01  -2.4228484e+00
   3.2080000e+01  -4.7676561e+00
   3.2100000e+01  -3.7923418e+00
   3.2120000e+01  -4.4586743e+00
   3.2140000e+01  -1.8518921e+00
   3.2160000e+01   1.1074567e+00
   3.2180000e+01   2.1190886e+00
   3.2200000e+01   2.2707810e+00
   3.2220000e+01   1.5154179e+00
   3.2240000e+01   1.5339695e+00
   3.2260000e+01   1.0630619e-01
   3.2280000e+01  -1.3738646e+00
   3.2300000e+01  -3.4763726e-01
   3.2320000e+01   1.0457895e+00
   3.2340000e+01   1.3164017e+00
   3.2360000e+01   1.5615060e+00
   3.2380000e+01   1.9762142e+00
   3.2400000e+01   1.9890866e+00
   3.2420000e+01   1.3145095e+00
   3.2440000e+01   1.7663253e+00
   3.2460000e+01   5.7816137e-01
   3.2480000e+01   7.2549238e-01
   3.2500000e+01   1.0348919e+00
   3.2520000e+01  -1.4841217e-01
   3.2540000e+01  -1.0132763e-01
   3.2560000e+01   9.8490002e-01
   3.2580000e+01   7.5465337e-01
   3.2600000e+01   6.9793185e-01
   3.2620000e+01  -8.3344994e-01
   3.2640000e+01  -4.7104853e-01
   3.2660000e+01   4.3002767e-01
   3.2680000e+01  -5.0955145e-01
   3.2700000e+01  -9.0034439e-01
   3.2720000e+01   4.7164403e-01
   3.2740000e+01   1.6699401e+00
   3.2760000e+01   1.5255197e+00
   3.2780000e+01   4.1800046e+00
   3.2800000e+01   3.8710216e+00
   3.2820000e+01   3.8627417e+00
   3.2840000e+01   2.4577769e+00
   3.2860000e+01   9.2180213e-01
   3.2880000e+01   2.3083048e-01
   3.2900000e+01  -2.0597409e+00
   3.2920000e+01  -2.1964704e+00
   3.2940000e+01  -2.5299139e+00
   3.2960000e+01  -3.6173132e+00
   3.2980000e+01  -4.7611758e+00
   3.3000000e+01  -4.7496548e+00
   3.3020000e+01  -4.5685625e+00
   3.3040000e+01  -4.0768738e+00
   3.3060000e+01  -2.2274593e+00
   3.3080000e+01  -1.6081923e+00
   3.3100000e+01  -2.0903877e+00
   3.3120000e+01  -3.2683555e+00
   3.3140000e+01  -1.9784760e+00
   3.3160000e+01  -8.1361059e-01
   3.3180000e+01  -1.0071048e-01
   3.3200000e+01   2.3329636e+00
   3.3220000e+01   2.4800958e+00
   3.3240000e+01   4.1205539e+00
   3.3260000e+01   4.5418125e+00
   3.3280000e+01   4.8189151e+00
   3.3300000e+01   4.8839842e+00
   3.3320000e+01   3.9419252e+00
   3.3340000e+01   2.8290849e+00
   3.3360000e+01   5.7680853e-01
   3.3380000e+01  -2.4650652e-02
   3.3400000e+01   8.2968947e-02
   3.3420000e+01   1.7742666e-01
   3.3440000e+01  -3.8217644e-02
   3.3460000e+01   9.0191060e-01
   3.3480000e+01   1.1303881e+00
   3.3500000e+01   1.0434111e+00
   3.3520000e+01  -9.4496257e-01
   3.3540000e+01  -2.4762037e+00
   3.3560000e+01  -2.2487447e+00
   3.3580000e+01  -3.2333746e+00
   3.3600000e+01  -4.3536311e+00
   3.3620000e+01  -4.1531078e+00
   3.3640000e+01  -3.4317272e+00
   3.3660000e+01  -3.8196438e+00
   3.3680000e+01  -3.2187798e+00
   3.3700000e+01  -3.6028233e+00
   3.3720000e+01  -2.6254740e+00
   3.3740000e+01  -1.7050708e+00
   3.3760000e+01  -1.4598707e+00
   3.3780000e+01  -9.9208743e-01
   3.3800000e+01  -7.5587240e-01
   3.3820000e+01  -6.0724933e-01
   3.3840000e+01  -7.9768174e-01
   3.3860000e+01  -3.6559046e-01
   3.3880000e+01   1.5038665e+00
   3.3900000e+01   2.3024095e+00
   3.3920000e+01   2.9170625e+00
   3.3940000e+01   4.7970591e+00
   3.3960000e+01   4.2161596e+00
   3.3980000e+01   4.4074614e+00
   3.4000000e+01   4.6917890e+00
   3.4020000e+01   4.5986032e+00
   3.4040000e+01   4.7700322e+00
   3.4060000e+01   4.5110990e+00
   3.4080000e+01   3.8223350e+00
   3.4100000e+01   2.1655703e+00
   3.4120000e+01   3.3379490e-01
   3.4140000e+01   1.0137865e+00
   3.4160000e+01   1.2355644e+00
   3.4180000e+01   1.9297992e+00
   3.4200000e+01   1.3319973e+00
   3.4220000e+01   1.9097543e-01
   3.4240000e+01  -1.8472525e+00
   3.4260000e+01  -3.0223796e+00
   3.4280000e+01  -2.9465801e+00
   3.4300000e+01  -4.4516449e+00
   3.4320000e+01  -2.4730967e+00
   3.4340000e+01  -3.4050064e+00
   3.4360000e+01  -3.4960622e+00
   3.4380000e+01  -3.1934677e+00
   3.4400000e+01  -4.1076174e+00
   3.4420000e+01  -2.7824622e+00
   3.4440000e+01  -1.2695648e+00
   3.4460000e+01  -1.0712614e+00
   3.4480000e+01  -3.4224736e-01
   3.4500000e+01  -2.6155233e-01
   3.4520000e+01  -1.6238388e+00
   3.4540000e+01  -3.4317492e+00
   3.4560000e+01  -4.3000839e+00
   3.4580000e+01  -2.5875880e+00
   3.4600000e+01  -1.2956169e+00
   3.4620000e+01  -7.2967202e-01
   3.4640000e+01   1.3141794e+00
   3.4660000e+01   2.1110158e+00
   3.4680000e+01   1.5603806e+00
   3.4700000e+01   1.9417824e+00
   3.4720000e+01   1.9804522e+00
   3.4740000e+01   3.3624562e+00
   3.4760000e+01   2.8593473e+00
   3.4780000e+01   3.9836524e+00
   3.4800000e+01   4.3964616e+00
   3.4820000e+01   3.9082043e+00
   3.4840000e+01   4.2231186e+00
   3.4860000e+01   3.7248848e+00
   3.4880000e+01   3.8433645e+00
   3.4900000e+01   2.4348412e+00
   3.4920000e+01   7.1618704e-01
   3.4940000e+01   5.0789040e-01
   3.4960000e+01   6.4020405e-01
   3.4980000e+01   4.3731916e-01
   3.5000000e+01   5.9629560e-01
   3.5020000e+01   3.5389347e-01
   3.5040000e+01  -9.1861559e-01
   3.5060000e+01  -1.9012030e+00
   3.5080000e+01  -1.7938058e+00
   3.5100000e+01  -2.2267277e+00
   3.5120000e+01  -3.1084196e+00
   3.5140000e+01  -3.0735865e+00
   3.5160000e+01  -1.9986222e+00
   3.5180000e+01  -2.3083944e+00
   3.5200000e+01  -1.9386720e+00
   3.5220000e+01  -3.3303792e+00
   3.5240000e+01  -2.8317819e+00
   3.5260000e+01  -2.3680375e+00
   3.5280000e+01  -1.8910540e+00
   3.5300000e+01  -1.5956436e+00
   3.5320000e+01   4.7598908e-01
   3.5340000e+01   3.3341547e+00
   3.5360000e+01   2.5845790e+00
   3.5380000e+01   4.0356605e+00
   3.5400000e+01   7.3600282e-01
   3.5420000e+01   7.2462691e-01
   3.5440000e+01   3.1450200e-02
   3.5460000e+01  -8.2714284e-01
   3.5480000e+01  -1.0031263e+00
   3.5500000e+01  -9.7201995e-01
   3.5520000e+01  -1.6561976e+00
   3.5540000e+01  -4.6244466e+00
   3.5560000e+01  -2.9427701e+00
   3.5580000e+01  -3.8279140e+00
   3.5600000e+01  -1.2243315e+00
   3.5620000e+01  -1.3848741e+00
   3.5640000e+01  -1.4759302e+00
   3.5660000e+01  -5.0021950e-01
   3.5680000e+01  -1.0703597e+00
   3.5700000e+01  -5.6820206e-01
   3.5720000e+01  -2.1487364e-01
   3.5740000e+01   1.1284882e+00
   3.5760000e+01   4.8992579e-01
   3.5780000e+01   1.2675853e+00
   3.5800000e+01   1.8418108e-01
   3.5820000e+01   1.8613369e+00
   3.5840000e+01   2.4384905e+00
   3.5860000e+01   2.1536045e+00
   3.5880000e+01   4.3089856e+00
   3.5900000e+01   4.4919563e+00
   3.5920000e+01   4.7701048e+00
   3.5940000e+01   4.7075336e+00
   3.5960000e+01   4.3375649e+00
   3.5980000e+01   4.0243563e+00
   3.6000000e+01   4.1940202e+00
   3.6020000e+01   2.1970452e+00
   3.6040000e+01   8.9086063e-01
   3.6060000e+01   1.2995330e+00
   3.6080000e+01   1.5731829e-02
   3.6100000e+01  -1.7105894e+00
   3.6120000e+01  -3.3305819e+00
   3.6140000e+01  -4.3969772e+00
   3.6160000e+01  -3.1951030e+00
   3.6180000e+01  -2.6212775e+00
   3.6200000e+01  -1.9246856e+00
   3.6220000e+01  -9.2643156e-01
   3.6240000e+01  -1.0962510e+00
   3.6260000e+01  -3.5639683e-01
   3.6280000e+01   2.2893530e-01
   3.6300000e+01  -7.5943357e-01
   3.6320000e+01  -5.9250790e-01
   3.6340000e+01   7.1892100e-01
   3.6360000e+01   8.8679314e-01
   3.6380000e+01   1.7788429e+00
   3.6400000e+01   1.2630227e+00
   3.6420000e+01   7.2433059e-01
   3.6440000e+01   1.3271692e+00
   3.6460000e+01   1.4356145e-01
   3.6480000e+01   1.0822878e-03
   3.6500000e+01   3.7289228e-01
   3.6520000e+01  -1.3975330e+00
   3.6540000e+01  -1.2878854e+00
   3.6560000e+01  -8.6790233e-01
   3.6580000e+01  -1.2355961e+00
   3.6600000e+01  -1.1056918e+00
   3.6620000e+01  -1.3502198e+00
   3.6640000e+01  -3.2856312e+00
   3.6660000e+01  -3.2767036e+00
   3.6680000e+01  -2.5966115e+00
   3.6700000e+01  -4.9970916e+00
   3.6720000e+01  -2.5083775e+00
   3.6740000e+01  -1.8992796e+00
   3.6760000e+01  -2.6715219e+00
   3.6780000e+01  -1.7574381e+00
   3.6800000e+01  -1.7172950e+00
   3.6820000e+01   3.8205056e-01
   3.6840000e+01   1.1437107e+00
   3.6860000e+01   2.0246899e+00
   3.6880000e+01   8.7429933e-01
   3.6900000e+01   1.3403563e+00
   3.6920000e+01   2.4598301e+00
   3.6940000e+01   1.5100622e-01
   3.6960000e+01   1.5633139e+00
   3.6980000e+01   1.8964463e+00
   3.7000000e+01   9.1477631e-01
   3.7020000e+01   1.4409172e+00
   3.7040000e+01   2.4289380e+00
   3.7060000e+01   2.6297789e+00
   3.7080000e+01   2.5513591e+00
   3.7100000e+01   1.8757080e+00
   3.7120000e+01  -2.4414496e-01
   3.7140000e+01  -2.4068976e-01
   3.7160000e+01   3.0124574e-01
   3.7180000e+01   2.3195781e+00
   3.7200000e+01   1.9089239e+00
   3.7220000e+01  -1.0533776e-01
   3.7240000e+01  -1.1487941e-01
   3.7260000e+01  -6.1198090e-01
   3.7280000e+01  -4.0018535e-01
   3.7300000e+01  -3.4643485e-01
   3.7320000e+01   1.1723059e+00
   3.7340000e+01   2.6109211e+00
   3.7360000e+01  -1.0281527e+00
   3.7380000e+01  -3.1103220e+00
   3.7400000e+01  -2.8395121e+00
   3.7420000e+01  -2.6505104e+00
   3.7440000e+01  -6.4536135e-01
   3.7460000e+01  -3.6535568e+00
   3.7480000e+01  -6.3470428e+00
   3.7500000e+01  -3.1438209e+00
   3.7520000e+01  -2.0925861e+00
   3.7540000e+01   2.0378708e+00
   3.7560000e+01   4.6344266e+00
   3.7580000e+01   1.4133922e-01
   3.7600000e+01  -1.5574706e+00
   3.7620000e+01   9.6483091e-01
   3.7640000e+01   4.0060339e+00
   3.7660000e+01   3.5542744e+00
   3.7680000e+01   5.6056578e+00
   3.7700000e+01   6.4824810e+00
   3.7720000e+01   1.6744398e+00
   3.7740000e+01  -1.0325476e-01
   3.7760000e+01   5.4796394e-02
   3.7780000e+01   1.7204132e+00
   3.7800000e+01   3.3001172e+00
   3.7820000e+01   1.0409796e+00
   3.7840000e+01  -2.2195162e-01
   3.7860000e+01   8.3442171e-02
   3.7880000e+01  -7.6444177e-01
   3.7900000e+01  -2.7587496e+00
   3.7920000e+01  -2.8085717e+00
   3.7940000e+01  -2.4756475e+00
   3.7960000e+01  -1.7911614e+00
   3.7980000e+01   3.4392725e-01
   3.8000000e+01  -2.9167921e+00
   3.8020000e+01  -5.9552714e+00
   3.8040000e+01  -2.9081103e+00
   3.8060000e+01  -1.1893294e-01
   3.8080000e+01   1.8466880e+00
   3.8100000e+01   4.2787819e-02
   3.8120000e+01  -4.8216417e+00
   3.8140000e+01  -6.2450889e+00
   3.8160000e+01  -4.1706932e+00
   3.8180000e+01   1.5806549e-01
   3.8200000e+01   2.1248120e+00
   3.8220000e+01   3.6665530e+00
   3.8240000e+01   2.4025361e+00
   3.8260000e+01   8.4837406e-02
   3.8280000e+01   1.4821356e+00
   3.8300000e+01   3.1031675e+00
   3.8320000e+01   3.6649763e+00
   3.8340000e+01   3.5031730e+00
   3.8360000e+01   5.4210813e+00
   3.8380000e+01   6.2399122e+00
   3.8400000e+01   4.6162438e+00
   3.8420000e+01   1.8216019e+00
   3.8440000e+01   2.2005330e-03
   3.8460000e+01  -1.1962289e-01
   3.8480000e+01  -1.1542518e-01
   3.8500000e+01  -1.3042379e+00
   3.8520000e+01  -2.7843451e+00
   3.8540000e+01  -6.4170654e-01
   3.8560000e+01   5.7862679e-01
   3.8580000e+01  -1.3668279e+00
   3.8600000e+01  -2.8601882e+00
   3.8620000e+01  -3.9983627e+00
   3.8640000e+01  -4.9503541e+00
   3.8660000e+01  -5.8824344e+00
   3.8680000e+01  -5.7328137e+00
   3.8700000e+01  -4.9724437e+00
   3.8720000e+01  -5.1201875e+00
   3.8740000e+01  -4.1512612e+00
   3.8760000e+01  -1.8336160e+00
   3.8780000e+01   7.3120174e-01
   3.8800000e+01   1.1573918e+00
   3.8820000e+01   2.6350554e+00
   3.8840000e+01   4.0145906e+00
   3.8860000e+01   1.2599533e+00
   3.8880000e+01   2.4375456e+00
   3.8900000e+01   4.2009163e+00
   3.8920000e+01   3.7080609e+00
   3.8940000e+01   3.7065047e+00
   3.8960000e+01   1.3204364e+00
   3.8980000e+01   7.5752812e-01
   3.9000000e+01   3.2094369e+00
   3.9020000e+01   3.6405895e+00
   3.9040000e+01   3.6055738e+00
   3.9060000e+01   3.1882216e+00
   3.9080000e+01   3.1116294e+00
   3.9100000e+01   2.4610927e+00
   3.9120000e+01  -1.2847755e+00
   3.9140000e+01  -2.9813061e+00
   3.9160000e+01  -3.2272577e+00
   3.9180000e+01  -2.9212220e+00
   3.9200000e+01  -3.0665935e+00
   3.9220000e+01  -2.2066026e+00
   3.9240000e+01   8.2933676e-02
   3.9260000e+01  -3.9539238e-01
   3.9280000e+01  -4.7220602e-01
   3.9300000e+01  -1.4345000e-01
   3.9320000e+01   1.1189636e-01
   3.9340000e+01   7.6609555e-01
   3.9360000e+01   5.8864698e-01
   3.9380000e+01   4.0187221e-02
   3.9400000e+01  -1.2669802e+00
   3.9420000e+01  -2.6269755e-01
   3.9440000e+01   7.6464707e-01
   3.9460000e+01  -7.9442990e-01
   3.9480000e+01  -6.6751184e-01
   3.9500000e+01   7.8684563e-01
   3.9520000e+01  -1.4036119e+00
   3.9540000e+01  -2.2322131e+00
   3.9560000e+01  -1.6907859e+00
   3.9580000e+01  -2.0859886e+00
   3.9600000e+01  -1.5714457e+00
   3.9620000e+01  -1.9744997e+00
   3.9640000e+01  -6.9396352e-01
   3.9660000e+01   6.3260057e-01
   3.9680000e+01  -7.0479967e-01
   3.9700000e+01  -1.6649235e+00
   3.9720000e+01  -1.1197769e+00
   3.9740000e+01  -1.5056514e+00
   3.9760000e+01  -4.2929160e-01
   3.9780000e+01   1.0471553e+00
   3.9800000e+01   1.7148696e+00
   3.9820000e+01   1.6694754e+00
   3.9840000e+01   1.6061496e+00
   3.9860000e+01   1.5219733e+00
   3.9880000e+01   1.1634674e+00
   3.9900000e+01   1.5422019e+00
   3.9920000e+01   3.7034835e+00
   3.9940000e+01   2.7025405e+00
   3.9960000e+01   9.0484167e-01
   3.9980000e+01   1.4834967e+00
   4.0000000e+01   6.8394540e-01
   4.0020000e+01   1.2329852e+00
   4.0040000e+01  -2.5553645e-01
   4.0060000e+01  -2.0244733e+00
   4.0080000e+01  -1.9387854e+00
   4.0100000e+01  -1.7580863e+00
   4.0120000e+01  -1.5517636e+00
   4.0140000e+01  -1.5937597e+00
   4.0160000e+01  -1.4557782e+00
   4.0180000e+01  -1.5038297e+00
   4.0200000e+01  -7.8517938e-01
   4.0220000e+01   5.2124662e-01
   4.0240000e+01  -3.0467847e-01
   4.0260000e+01  -1.2828250e+00
   4.0280000e+01  -1.2639438e+00
   4.0300000e+01  -5.8669607e-01
   4.0320000e+01  -3.3528353e-01
   4.0340000e+01  -4.1017636e-01
   4.0360000e+01   1.4929911e+00
   4.0380000e+01   3.8623207e+00
   4.0400000e+01   3.9403951e+00
   4.0420000e+01   2.1127223e+00
   4.0440000e+01   1.4277032e+00
   4.0460000e+01   1.3972123e+00
   4.0480000e+01   2.6343642e+00
   4.0500000e+01   2.7623939e+00
   4.0520000e+01   8.4111666e-01
   4.0540000e+01   1.1267125e+00
   4.0560000e+01   1.1054701e+00
   4.0580000e+01   1.0220848e+00
   4.0600000e+01   7.6875891e-01
   4.0620000e+01  -1.3725828e+00
   4.0640000e+01  -1.9646800e+00
   4.0660000e+01  -1.5603138e+00
   4.0680000e+01  -7.9131863e-01
   4.0700000e+01   1.7158765e-01
   4.0720000e+01   9.5420197e-01
   4.0740000e+01   1.2161524e+00
   4.0760000e+01   7.2477239e-01
   4.0780000e+01   6.1196744e-01
   4.0800000e+01   7.4124200e-01
   4.0820000e+01  -6.4681375e-01
   4.0840000e+01  -2.0681898e+00
   4.0860000e+01  -3.2301936e+00
   4.0880000e+01  -3.8668689e+00
   4.0900000e+01  -3.7146646e+00
   4.0920000e+01  -3.9174745e+00
   4.0940000e+01  -2.3444540e+00
   4.0960000e+01  -1.7205971e+00
   4.0980000e+01  -1.1405083e+00
   4.1000000e+01  -1.2714880e+00
   4.1020000e+01  -3.3336669e+00
   4.1040000e+01  -3.4538365e+00
   4.1060000e+01  -2.7857537e+00
   4.1080000e+01  -1.9943125e+00
   4.1100000e+01  -5.4227287e-01
   4.1120000e+01  -4.0763706e-01
   4.1140000e+01  -7.4849776e-01
   4.1160000e+01   7.9696382e-01
   4.1180000e+01   2.3675105e+00
   4.1200000e+01   3.9196904e+00
   4.1220000e+01   5.2772001e+00
   4.1240000e+01   4.8888493e+00
   4.1260000e+01   5.1332508e+00
   4.1280000e+01   4.5761498e+00
   4.1300000e+01   2.1623017e+00
   4.1320000e+01   1.6658579e+00
   4.1340000e+01   1.2822596e+00
   4.1360000e+01   6.4761966e-01
   4.1380000e+01   1.6341730e+00
   4.1400000e+01   1.3881821e+00
   4.1420000e+01   1.4590220e+00
   4.1440000e+01   1.6736094e+00
   4.1460000e+01  -3.6874800e-01
   4.1480000e+01  -1.4743702e+00
   4.1500000e+01  -1.5729016e+00
   4.1520000e+01  -1.4827082e+00
   4.1540000e+01  -1.5402535e+00
   4.1560000e+01  -1.3977347e+00
   4.1580000e+01  -1.4680486e+00
   4.1600000e+01  -1.6044646e+00
   4.1620000e+01  -2.6367424e+00
   4.1640000e+01  -2.5567196e+00
   4.1660000e+01  -2.0230860e+00
   4.1680000e+01  -2.1239532e+00
   4.1700000e+01  -1.0098574e+00
   4.1720000e+01  -5.3395294e-01
   4.1740000e+01   1.6995527e-01
   4.1760000e+01  -5.6399825e-01
   4.1780000e+01  -5.4819829e-01
   4.1800000e+01  -4.9803714e-01
   4.1820000e+01  -4.8062327e-01
   4.1840000e+01  -4.7993426e-01
   4.1860000e+01  -6.4721763e-01
   4.1880000e+01  -2.3573908e-01
   4.1900000e+01   2.6530330e-02
   4.1920000e+01   1.7637126e+00
   4.1940000e+01   2.6478076e+00
   4.1960000e+01   1.0380425e+00
   4.1980000e+01  -6.4703594e-01
   4.2000000e+01   1.8919227e-01
   4.2020000e+01   3.7654803e-01
   4.2040000e+01   2.1553719e+00
   4.2060000e+01   2.6596199e+00
   4.2080000e+01   1.5760163e+00
   4.2100000e+01   5.1859970e-01
   4.2120000e+01  -8.2716179e-01
   4.2140000e+01  -4.6626239e-01
   4.2160000e+01  -5.3406970e-01
   4.2180000e+01   7.6963301e-01
   4.2200000e+01   1.1999553e+00
   4.2220000e+01   1.5335430e-01
   4.2240000e+01  -6.9271745e-01
   4.2260000e+01  -3.7807354e-01
   4.2280000e+01   1.8922675e-01
   4.2300000e+01   1.2899824e+00
   4.2320000e+01   2.1220500e+00
   4.2340000e+01   1.8007363e+00
   4.2360000e+01   1.4125166e+00
   4.2380000e+01   7.2946162e-01
   4.2400000e+01  -5.5276320e-01
   4.2420000e+01  -5.7765289e-01
   4.2440000e+01  -3.4175908e-01
   4.2460000e+01  -5.2492436e-01
   4.2480000e+01   1.9338661e-03
   4.2500000e+01  -1.1168155e+00
   4.2520000e+01  -3.0300885e+00
   4.2540000e+01  -2.9883740e+00
   4.2560000e+01  -2.3005954e+00
   4.2580000e+01  -7.1602383e-01
   4.2600000e+01  -3.0008693e-01
   4.2620000e+01  -1.5874664e+00
   4.2640000e+01  -1.8427133e+00
   4.2660000e+01  -3.0101231e+00
   4.2680000e+01  -2.5646082e+00
   4.2700000e+01  -2.4554865e+00
   4.2720000e+01  -1.9125410e+00
   4.2740000e+01  -3.2000119e-02
   4.2760000e+01   5.3899064e-01
   4.2780000e+01   2.7819620e-01
   4.2800000e+01   7.6918011e-01
   4.2820000e+01   6.9254232e-01
   4.2840000e+01   8.4119578e-01
   4.2860000e+01   1.3344677e+00
   4.2880000e+01   1.6383290e+00
   4.2900000e+01   3.0405714e+00
   4.2920000e+01   3.3903157e+00
   4.2940000e+01   3.5213824e+00
   4.2960000e+01   3.3718914e+00
   4.2980000e+01   3.0824760e+00
   4.3000000e+01   2.6262468e+00
   4.3020000e+01   3.3060443e-01
   4.3040000e+01  -2.9327472e-01
   4.3060000e+01   1.3682577e+00
   4.3080000e+01   5.5253152e-01
   4.3100000e+01   5.4495947e-01
   4.3120000e+01   4.7788384e-01
   4.3140000e+01  -5.1867217e-01
   4.3160000e+01  -2.5444245e-01
   4.3180000e+01  -2.9387717e-01
   4.3200000e+01  -4.2108310e-01
   4.3220000e+01  -9.4244594e-01
   4.3240000e+01  -1.3849630e+00
   4.3260000e+01  -1.9907550e+00
   4.3280000e+01  -2.0747826e+00
   4.3300000e+01  -2.0010242e+00
   4.3320000e+01  -4.4833517e-01
   4.3340000e+01   5.3233978e-01
   4.3360000e+01  -6.2310860e-01
   4.3380000e+01  -1.8352664e-01
   4.3400000e+01  -1.2224182e+00
   4.3420000e+01  -2.3034158e+00
   4.3440000e+01  -1.8501798e+00
   4.3460000e+01  -2.0049352e+00
   4.3480000e+01  -1.8271211e+00
   4.3500000e+01  -3.4382091e-01
   4.3520000e+01  -8.9473784e-01
   4.3540000e+01  -1.2997645e+00
   4.3560000e+01  -5.5353096e-02
   4.3580000e+01   1.3197799e-01
   4.3600000e+01   9.5359616e-01
   4.3620000e+01   4.4881580e-01
   4.3640000e+01   5.8195410e-01
   4.3660000e+01   1.2977287e+00
   4.3680000e+01   1.0472381e+00
   4.3700000e+01   1.9474900e+00
   4.3720000e+01   2.2729522e+00
   4.3740000e+01   1.5203529e+00
   4.3760000e+01   1.2220673e+00
   4.3780000e+01   1.2149254e+00
   4.3800000e+01   1.4452109e+00
   4.3820000e+01   1.7776749e+00
   4.3840000e+01   1.9123675e+00
   4.3860000e+01   1.6267809e+00
   4.3880000e+01   1.3423780e+00
   4.3900000e+01   9.2899711e-01
   4.3920000e+01  -1.7210971e-01
   4.3940000e+01  -3.7859562e-01
   4.3960000e+01  -9.9288171e-01
   4.3980000e+01  -9.0911478e-01
   4.4000000e+01  -1.8042266e-01
   4.4020000e+01  -6.2936445e-01
   4.4040000e+01  -8.0281479e-01
   4.4060000e+01  -1.2352204e+00
   4.4080000e+01  -1.1640729e+00
   4.4100000e+01  -1.0355248e+00
   4.4120000e+01  -1.0098241e+00
   4.4140000e+01  -9.4835449e-01
   4.4160000e+01  -8.1392788e-01
   4.4180000e+01  -8.1396408e-01
   4.4200000e+01  -5.7893478e-01
   4.4220000e+01  -1.6553747e-01
   4.4240000e+01  -9.0690030e-02
   4.4260000e+01   1.5138889e-01
   4.4280000e+01   4.1571221e-01
   4.4300000e+01   5.9369168e-01
   4.4320000e+01   6.4023732e-01
   4.4340000e+01   5.5825117e-01
   4.4360000e+01   2.4052798e-01
   4.4380000e+01   6.4407646e-02
   4.4400000e+01  -9.2432513e-02
   4.4420000e+01   5.1618043e-02
   4.4440000e+01   1.5571936e-01
   4.4460000e+01   2.5389400e-01
   4.4480000e+01   3.3284913e-01
   4.4500000e+01   2.0793623e-01
   4.4520000e+01   4.8160454e-02
   4.4540000e+01  -1.0719610e-01
   4.4560000e+01  -1.3152191e-01
   4.4580000e+01  -2.0288940e-01
   4.4600000e+01  -3.4646262e-01
   4.4620000e+01  -3.6715553e-01
   4.4640000e+01  -3.1324350e-01
   4.4660000e+01  -3.3240982e-01
   4.4680000e+01  -3.0630675e-01
   4.4700000e+01  -2.9500053e-01
   4.4720000e+01  -2.9879628e-01
   4.4740000e+01  -2.5462596e-01
   4.4760000e+01  -1.9738540e-01
   4.4780000e+01  -1.7341169e-01
   4.4800000e+01  -1.1053012e-01
   4.4820000e+01  -6.8222811e-02
   4.4840000e+01  -7.1250398e-02
   4.4860000e+01  -6.3323017e-02
   4.4880000e+01  -6.6581917e-02
   4.4900000e+01  -7.0161735e-02
   4.4920000e+01  -7.4688437e-02
   4.4940000e+01  -7.5754027e-02
   4.4960000e+01  -9.0975381e-02
   4.4980000e+01  -1.0447035e-01
   4.5000000e+01  -1.1912982e-01
   4.5020000e+01  -1.2576655e-01
   4.5040000e+01  -1.3140017e-01
   4.5060000e+01  -1.3250800e-01
