   0.0000000e+00  -1.9168046e+00
   2.0000000e-02   8.5093590e-01
   4.0000000e-02   8.5032289e-01
   6.0000000e-02  -1.1115783e+00
   8.0000000e-02  -6.5240683e-01
   1.0000000e-01  -2.2105636e+00
   1.2000000e-01   8.3726849e-02
   1.4000000e-01  -1.1276977e+00
   1.6000000e-01   2.4770533e+00
   1.8000000e-01   3.5534521e+00
   2.0000000e-01   4.0110409e+00
   2.2000000e-01   4.3212058e+00
   2.4000000e-01   5.7877654e+00
   2.6000000e-01   2.9621012e+00
   2.8000000e-01  -1.6407711e+00
   3.0000000e-01   6.2944039e-01
   3.2000000e-01  -3.0200166e+00
   3.4000000e-01  -7.7746038e-01
   3.6000000e-01  -3.2792630e+00
   3.8000000e-01   2.7962263e+00
   4.0000000e-01  -2.9193067e+00
   4.2000000e-01   4.6724640e+00
   4.4000000e-01   4.9222268e+00
   4.6000000e-01   1.5280117e+00
   4.8000000e-01  -6.9772818e+00
   5.0000000e-01  -7.0790356e+00
   5.2000000e-01   4.8629910e+00
   5.4000000e-01  -1.6890631e+01
   5.6000000e-01  -1.6705610e+00
   5.8000000e-01  -1.2663881e+01
   6.0000000e-01   1.6646655e+01
   6.2000000e-01  -1.6037877e+01
   6.4000000e-01  -2.7653562e+00
   6.6000000e-01   5.6281055e-01
   6.8000000e-01  -1.2882441e+01
   7.0000000e-01   2.1408081e+01
   7.2000000e-01  -4.5298701e+01
   7.4000000e-01   1.6053184e+01
   7.6000000e-01  -1.3436363e+00
   7.8000000e-01  -2.0643514e+00
   8.0000000e-01  -2.4438160e+00
   8.2000000e-01  -1.5703976e+01
   8.4000000e-01   3.8725052e+00
   8.6000000e-01  -8.3283459e+00
   8.8000000e-01   8.8612446e+00
   9.0000000e-01  -6.3168898e+00
   9.2000000e-01   2.1091799e+00
   9.4000000e-01   5.3612103e+00
   9.6000000e-01   1.5092155e+01
   9.8000000e-01   1.4897414e+01
   1.0000000e+00   1.1934526e+01
   1.0200000e+00  -1.1083357e+00
   1.0400000e+00   9.0091918e+00
   1.0600000e+00   9.9460175e+00
   1.0800000e+00   8.0705763e+00
   1.1000000e+00  -5.6890062e+00
   1.1200000e+00   9.4879000e+00
   1.1400000e+00   2.3609158e+01
   1.1600000e+00   1.0845273e+01
   1.1800000e+00   1.4895474e+00
   1.2000000e+00  -8.6875574e-01
   1.2200000e+00   3.2991766e+01
   1.2400000e+00   1.5487555e+01
   1.2600000e+00  -6.7628344e+00
   1.2800000e+00  -2.0178652e+01
   1.3000000e+00   9.9799854e+00
   1.3200000e+00   2.4277115e+01
   1.3400000e+00  -8.3269737e+00
   1.3600000e+00  -1.2484696e+01
   1.3800000e+00  -2.3840296e+00
   1.4000000e+00   1.6614474e+01
   1.4200000e+00   7.6287486e+00
   1.4400000e+00  -4.2992631e+00
   1.4600000e+00  -1.4851882e+00
   1.4800000e+00   1.7851508e+01
   1.5000000e+00   2.3700060e+01
   1.5200000e+00  -5.2587627e+00
   1.5400000e+00  -1.0028974e+00
   1.5600000e+00   1.0031142e+01
   1.5800000e+00   6.6102264e+00
   1.6000000e+00   3.6107558e-01
   1.6200000e+00  -1.5281848e+01
   1.6400000e+00  -8.3507122e+00
   1.6600000e+00   8.4499008e+00
   1.6800000e+00   1.5619252e+01
   1.7000000e+00  -5.1006239e+00
   1.7200000e+00  -1.0256845e+01
   1.7400000e+00   1.2266522e+01
   1.7600000e+00   2.8710477e+01
   1.7800000e+00   1.2981594e+01
   1.8000000e+00  -7.0219706e+00
   1.8200000e+00  -5.5880751e+00
   1.8400000e+00  -1.2731447e+01
   1.8600000e+00  -6.9406038e+00
   1.8800000e+00  -1.7666378e+01
   1.9000000e+00  -2.4071761e+01
   1.9200000e+00  -1.7343229e+00
   1.9400000e+00   3.2555450e+00
   1.9600000e+00  -8.4710284e-01
   1.9800000e+00  -1.5186064e+01
   2.0000000e+00  -7.2084496e+00
   2.0200000e+00   5.7994663e+00
   2.0400000e+00   2.2247038e-01
   2.0600000e+00   1.0739418e+01
   2.0800000e+00   5.6174344e-01
   2.1000000e+00   2.5448910e-01
   2.1200000e+00  -6.2222615e+00
   2.1400000e+00   3.0186646e+00
   2.1600000e+00  -1.0575360e+01
   2.1800000e+00  -1.2395418e+01
   2.2000000e+00  -5.8919595e-01
   2.2200000e+00   2.6152323e+01
   2.2400000e+00   1.9912405e+01
   2.2600000e+00  -2.3662902e+01
   2.2800000e+00  -1.0481684e+01
   2.3000000e+00  -3.7705060e+01
   2.3200000e+00  -2.8027983e+01
   2.3400000e+00  -2.2661920e+01
   2.3600000e+00  -3.7437047e+01
   2.3800000e+00  -7.2474324e+00
   2.4000000e+00   2.8413140e+01
   2.4200000e+00  -4.1247652e+00
   2.4400000e+00  -2.4009704e+01
   2.4600000e+00  -3.2287162e+01
   2.4800000e+00  -8.0935679e-01
   2.5000000e+00   2.4524704e+01
   2.5200000e+00   3.8373968e+01
   2.5400000e+00   5.9235333e+01
   2.5600000e+00   3.4629020e+01
   2.5800000e+00   1.4880519e+01
   2.6000000e+00  -2.1180389e+01
   2.6200000e+00  -3.6729721e+01
   2.6400000e+00  -6.0768547e+01
   2.6600000e+00  -1.1746158e+01
   2.6800000e+00   1.2559785e+01
   2.7000000e+00   3.6702741e+01
   2.7200000e+00   1.9094309e+01
   2.7400000e+00  -1.0410879e+01
   2.7600000e+00   2.9032816e-01
   2.7800000e+00  -2.0404551e+01
   2.8000000e+00   3.7467310e+00
   2.8200000e+00   1.1083669e+01
   2.8400000e+00   2.2276434e+01
   2.8600000e+00   3.4681884e+01
   2.8800000e+00   4.2208014e+01
   2.9000000e+00   1.3462894e+01
   2.9200000e+00  -3.1704736e+01
   2.9400000e+00  -2.8229300e+01
   2.9600000e+00   8.5812172e+00
   2.9800000e+00   2.7381707e+01
   3.0000000e+00   8.2979182e+00
   3.0200000e+00  -8.8092539e+00
   3.0400000e+00  -3.8406951e+01
   3.0600000e+00  -1.1158713e+02
   3.0800000e+00  -1.3317135e+02
   3.1000000e+00  -1.5002146e+02
   3.1200000e+00  -1.3443690e+02
   3.1400000e+00  -1.0730373e+02
   3.1600000e+00  -1.1286630e+02
   3.1800000e+00  -1.1683697e+02
   3.2000000e+00  -1.5042761e+02
   3.2200000e+00  -1.4526864e+02
   3.2400000e+00  -1.5201877e+02
   3.2600000e+00  -1.7338044e+02
   3.2800000e+00  -1.3861923e+02
   3.3000000e+00  -4.5780834e+01
   3.3200000e+00  -1.8085094e+01
   3.3400000e+00  -3.2696614e+01
   3.3600000e+00  -6.5306848e+01
   3.3800000e+00  -8.4489170e+01
   3.4000000e+00  -8.0172007e+01
   3.4200000e+00  -7.8526969e+01
   3.4400000e+00   3.3380678e+01
   3.4600000e+00   1.4835260e+02
   3.4800000e+00   2.2683425e+02
   3.5000000e+00   2.9391257e+02
   3.5200000e+00   3.2028211e+02
   3.5400000e+00   2.8584362e+02
   3.5600000e+00   2.8128788e+02
   3.5800000e+00   3.3848239e+02
   3.6000000e+00   3.4196557e+02
   3.6200000e+00   2.2112458e+02
   3.6400000e+00   2.3937430e+01
   3.6600000e+00  -2.2617894e+01
   3.6800000e+00   5.7532203e+01
   3.7000000e+00   2.0520012e+02
   3.7200000e+00   2.0474730e+02
   3.7400000e+00   1.6684978e+02
   3.7600000e+00   1.9034822e+02
   3.7800000e+00   1.0770681e+02
   3.8000000e+00   8.9307706e+01
   3.8200000e+00   9.2408144e+00
   3.8400000e+00  -8.2849967e+01
   3.8600000e+00  -1.3833752e+02
   3.8800000e+00  -1.7237862e+02
   3.9000000e+00  -1.4082760e+02
   3.9200000e+00  -7.8050536e+01
   3.9400000e+00  -7.8996755e+01
   3.9600000e+00  -1.5887138e+02
   3.9800000e+00  -2.1189242e+02
   4.0000000e+00  -2.4923245e+02
   4.0200000e+00  -1.0575082e+02
   4.0400000e+00   1.0439640e+01
   4.0600000e+00  -7.2184688e+01
   4.0800000e+00  -9.7465063e+01
   4.1000000e+00  -1.0364510e+02
   4.1200000e+00  -1.2664511e+02
   4.1400000e+00  -1.2145198e+02
   4.1600000e+00  -1.0846641e+01
   4.1800000e+00   5.9444448e+01
   4.2000000e+00   3.7293382e+01
   4.2200000e+00   5.2447624e+01
   4.2400000e+00   7.3794151e+01
   4.2600000e+00   4.4209487e+01
   4.2800000e+00  -7.5857848e+00
   4.3000000e+00  -2.8844518e+01
   4.3200000e+00  -7.0578661e+01
   4.3400000e+00  -5.4082549e+01
   4.3600000e+00  -6.8091575e+00
   4.3800000e+00   2.7626194e+01
   4.4000000e+00  -2.2279376e+01
   4.4200000e+00  -5.3491511e+01
   4.4400000e+00  -2.8804821e+01
   4.4600000e+00  -1.9022216e+01
   4.4800000e+00  -4.5643603e+01
   4.5000000e+00  -2.0350236e+01
   4.5200000e+00   6.4127660e+01
   4.5400000e+00   1.2436124e+02
   4.5600000e+00   9.0907126e+01
   4.5800000e+00  -5.8448817e+01
   4.6000000e+00  -9.6553303e+01
   4.6200000e+00  -3.6266906e+01
   4.6400000e+00   5.6167926e+01
   4.6600000e+00   6.8237362e+01
   4.6800000e+00   6.6978619e+01
   4.7000000e+00   1.0951172e+02
   4.7200000e+00   1.1530923e+02
   4.7400000e+00   1.2475695e+02
   4.7600000e+00   1.4470660e+01
   4.7800000e+00  -1.2717115e+02
   4.8000000e+00  -1.4821433e+02
   4.8200000e+00  -1.3029328e+02
   4.8400000e+00  -6.3316286e+01
   4.8600000e+00  -7.2779132e+01
   4.8800000e+00  -8.2297063e+01
   4.9000000e+00   1.8216169e+01
   4.9200000e+00   1.4705816e+02
   4.9400000e+00   2.3809188e+02
   4.9600000e+00   2.2814612e+02
   4.9800000e+00   1.8340847e+02
   5.0000000e+00   1.5280182e+02
   5.0200000e+00   1.5168107e+02
   5.0400000e+00   9.4808640e+01
   5.0600000e+00  -7.9279740e+01
   5.0800000e+00  -2.2357828e+02
   5.1000000e+00  -2.0512330e+02
   5.1200000e+00  -1.1659505e+02
   5.1400000e+00  -6.1975343e+01
   5.1600000e+00  -8.9247391e+01
   5.1800000e+00  -1.2965920e+02
   5.2000000e+00  -9.9903658e+01
   5.2200000e+00   9.7699005e+00
   5.2400000e+00   9.8534757e+01
   5.2600000e+00   1.2129356e+02
   5.2800000e+00   8.1567484e+01
   5.3000000e+00   1.6766080e+01
   5.3200000e+00  -3.6921234e+01
   5.3400000e+00  -7.5107371e+01
   5.3600000e+00  -1.2857962e+02
   5.3800000e+00  -1.7499924e+02
   5.4000000e+00  -1.5039888e+02
   5.4200000e+00  -8.4354022e+01
   5.4400000e+00   7.3597210e+01
   5.4600000e+00   8.5612104e+01
   5.4800000e+00  -2.4585826e+01
   5.5000000e+00  -3.9864245e+01
   5.5200000e+00  -8.6325706e+00
   5.5400000e+00   6.7445366e+01
   5.5600000e+00   1.0542988e+02
   5.5800000e+00   1.1784438e+02
   5.6000000e+00   1.5018774e+02
   5.6200000e+00   1.8076151e+02
   5.6400000e+00   2.1999053e+02
   5.6600000e+00   2.5558540e+02
   5.6800000e+00   2.0314758e+02
   5.7000000e+00   1.1564470e+02
   5.7200000e+00   1.0843681e+02
   5.7400000e+00   3.4424654e+01
   5.7600000e+00  -1.3975677e+02
   5.7800000e+00  -2.5173703e+02
   5.8000000e+00  -1.7195612e+02
   5.8200000e+00  -1.1239972e+02
   5.8400000e+00  -8.9116844e+01
   5.8600000e+00   6.4515170e+00
   5.8800000e+00   3.7494191e+01
   5.9000000e+00   3.7398353e+01
   5.9200000e+00  -4.7850302e+01
   5.9400000e+00  -1.2959240e+02
   5.9600000e+00  -1.1898976e+02
   5.9800000e+00  -3.3666597e+01
   6.0000000e+00   1.4457389e+01
   6.0200000e+00   3.1579534e+00
   6.0400000e+00   2.7297927e+01
   6.0600000e+00   2.2069229e+01
   6.0800000e+00   3.5359479e+01
   6.1000000e+00   6.9731008e+01
   6.1200000e+00   8.1815949e+01
   6.1400000e+00   1.0960941e+02
   6.1600000e+00   1.3710067e+02
   6.1800000e+00   1.0175954e+02
   6.2000000e+00   1.4066315e+01
   6.2200000e+00  -3.2363610e+01
   6.2400000e+00  -4.1586871e+01
   6.2600000e+00  -3.9543415e+01
   6.2800000e+00  -2.1579736e+01
   6.3000000e+00  -5.0122295e+01
   6.3200000e+00  -7.5377162e+01
   6.3400000e+00  -6.8734858e+01
   6.3600000e+00  -7.3265832e+01
   6.3800000e+00  -7.0356300e+01
   6.4000000e+00  -4.9762858e+01
   6.4200000e+00  -2.9460689e+01
   6.4400000e+00  -1.3753074e+01
   6.4600000e+00  -9.0512566e+00
   6.4800000e+00   4.4759875e+00
   6.5000000e+00   2.0525100e+01
   6.5200000e+00   5.6765454e+01
   6.5400000e+00   6.5642943e+01
   6.5600000e+00   3.1705031e+01
   6.5800000e+00   2.6579773e+01
   6.6000000e+00   2.4412915e+01
   6.6200000e+00   6.6896140e+01
   6.6400000e+00   9.1520531e+01
   6.6600000e+00   7.6232284e+01
   6.6800000e+00   6.5293508e+01
   6.7000000e+00   6.6993164e+01
   6.7200000e+00   3.3575834e+01
   6.7400000e+00  -8.3066515e+00
   6.7600000e+00  -3.4226262e+01
   6.7800000e+00  -7.3750734e+01
   6.8000000e+00  -1.1454110e+02
   6.8200000e+00  -1.5092762e+02
   6.8400000e+00  -7.3650473e+01
   6.8600000e+00   3.5598195e-01
   6.8800000e+00  -1.4820480e+01
   6.9000000e+00  -8.0858012e+01
   6.9200000e+00  -1.0543351e+02
   6.9400000e+00  -1.0683487e+02
   6.9600000e+00  -8.4904253e+01
   6.9800000e+00  -1.7259649e+00
   7.0000000e+00  -8.2878982e+00
   7.0200000e+00   1.8272317e+01
   7.0400000e+00   4.1314005e+01
   7.0600000e+00   2.1466330e+01
   7.0800000e+00  -2.7299295e+01
   7.1000000e+00  -3.4513973e+01
   7.1200000e+00   7.8556465e+00
   7.1400000e+00  -1.5570822e+01
   7.1600000e+00  -4.3961825e+01
   7.1800000e+00  -1.0022677e+02
   7.2000000e+00  -8.8538880e+01
   7.2200000e+00  -6.4736210e+01
   7.2400000e+00  -6.2215393e+01
   7.2600000e+00  -6.0535958e+01
   7.2800000e+00  -5.0799623e+01
   7.3000000e+00  -3.1255338e+01
   7.3200000e+00  -4.1662511e+00
   7.3400000e+00   3.0069676e+01
   7.3600000e+00   6.0564750e+01
   7.3800000e+00   1.1142125e+02
   7.4000000e+00   9.9069158e+01
   7.4200000e+00   4.6873806e+01
   7.4400000e+00   2.0574132e+01
   7.4600000e+00   3.9141578e+01
   7.4800000e+00   6.5140863e+01
   7.5000000e+00   7.6576602e+01
   7.5200000e+00   3.6661259e+01
   7.5400000e+00  -1.8534589e+01
   7.5600000e+00  -3.3087035e+01
   7.5800000e+00  -4.2261219e+01
   7.6000000e+00  -4.9945261e+01
   7.6200000e+00  -7.8414131e+01
   7.6400000e+00  -1.0234356e+02
   7.6600000e+00  -1.1852040e+02
   7.6800000e+00  -1.0137961e+02
   7.7000000e+00  -2.3392791e+01
   7.7200000e+00   7.4263775e+01
   7.7400000e+00   1.2875367e+02
   7.7600000e+00   8.7164464e+01
   7.7800000e+00   6.2327713e+01
   7.8000000e+00   2.7896047e+01
   7.8200000e+00  -3.5499736e+01
   7.8400000e+00  -8.1852570e+01
   7.8600000e+00  -6.8199010e+01
   7.8800000e+00   1.0388825e+01
   7.9000000e+00   2.6618902e+01
   7.9200000e+00  -8.0696712e+00
   7.9400000e+00  -5.9654000e+01
   7.9600000e+00  -4.1238524e+01
   7.9800000e+00   1.8210340e+01
   8.0000000e+00  -8.9536578e+00
   8.0200000e+00  -6.6741619e+01
   8.0400000e+00  -7.3934680e+01
   8.0600000e+00  -5.2805044e+01
   8.0800000e+00  -5.2131183e+00
   8.1000000e+00   4.7991377e+01
   8.1200000e+00   5.3062411e+01
   8.1400000e+00   5.5042507e+01
   8.1600000e+00   6.0678070e+01
   8.1800000e+00   1.0660225e+02
   8.2000000e+00   1.4171387e+02
   8.2200000e+00   1.2940598e+02
   8.2400000e+00   9.1334962e+01
   8.2600000e+00   7.6284229e+01
   8.2800000e+00   1.2018584e+02
   8.3000000e+00   1.5682760e+02
   8.3200000e+00   1.6860032e+02
   8.3400000e+00   1.2027180e+02
   8.3600000e+00   7.7738845e+01
   8.3800000e+00   7.4284124e+01
   8.4000000e+00   6.6184256e+01
   8.4200000e+00  -1.2438875e+01
   8.4400000e+00  -9.3260911e+01
   8.4600000e+00  -1.2968436e+02
   8.4800000e+00  -1.3160049e+02
   8.5000000e+00  -7.4234965e+01
   8.5200000e+00  -5.2185522e+01
   8.5400000e+00  -8.6978426e+01
   8.5600000e+00  -6.5454427e+01
   8.5800000e+00   9.2262878e+00
   8.6000000e+00   4.3684520e+01
   8.6200000e+00   5.2452509e+01
   8.6400000e+00   1.8548676e+01
   8.6600000e+00  -4.3352166e+01
   8.6800000e+00  -7.2995882e+01
   8.7000000e+00  -7.0195785e+01
   8.7200000e+00  -6.9015021e+01
   8.7400000e+00  -7.6999670e+01
   8.7600000e+00  -9.3879363e+01
   8.7800000e+00  -9.2529175e+01
   8.8000000e+00  -8.0915285e+01
   8.8200000e+00  -7.7008387e+01
   8.8400000e+00  -8.0265634e+01
   8.8600000e+00  -6.6010832e+01
   8.8800000e+00  -2.0494611e+01
   8.9000000e+00  -3.3913846e+01
   8.9200000e+00  -8.5901422e+01
   8.9400000e+00  -8.7549101e+01
   8.9600000e+00  -1.9311432e+01
   8.9800000e+00   3.8183284e+01
   9.0000000e+00   8.0561145e+01
   9.0200000e+00   1.0266165e+02
   9.0400000e+00   5.4001758e+01
   9.0600000e+00   3.2841715e+01
   9.0800000e+00   4.1185209e+01
   9.1000000e+00  -1.0826880e+01
   9.1200000e+00  -8.8070532e+01
   9.1400000e+00  -1.2700443e+02
   9.1600000e+00  -1.2951804e+02
   9.1800000e+00  -7.5299032e+01
   9.2000000e+00  -3.2802670e+01
   9.2200000e+00  -1.1114781e-01
   9.2400000e+00   4.2642095e+01
   9.2600000e+00   5.9891983e+01
   9.2800000e+00   3.3728868e+01
   9.3000000e+00   1.4783209e+01
   9.3200000e+00   1.3876404e+01
   9.3400000e+00  -1.9075608e+01
   9.3600000e+00  -5.8058141e+00
   9.3800000e+00   2.0373396e+01
   9.4000000e+00   3.1305099e+01
   9.4200000e+00   5.0281705e+01
   9.4400000e+00   8.3807756e+01
   9.4600000e+00   1.2530862e+02
   9.4800000e+00   1.7043429e+02
   9.5000000e+00   2.0585926e+02
   9.5200000e+00   1.7863951e+02
   9.5400000e+00   1.0353542e+02
   9.5600000e+00   6.0994710e+01
   9.5800000e+00   7.4157787e+01
   9.6000000e+00   1.0391782e+02
   9.6200000e+00   8.2724944e+01
   9.6400000e+00   6.2868040e+01
   9.6600000e+00   8.0596540e+01
   9.6800000e+00   7.5621526e+01
   9.7000000e+00   1.4296464e+01
   9.7200000e+00  -8.6944304e+01
   9.7400000e+00  -1.3260172e+02
   9.7600000e+00  -1.3592205e+02
   9.7800000e+00  -1.1819384e+02
   9.8000000e+00  -8.4480798e+01
   9.8200000e+00  -7.2474289e+01
   9.8400000e+00  -9.8609681e+01
   9.8600000e+00  -1.1532086e+02
   9.8800000e+00  -5.7871043e+01
   9.9000000e+00   4.0189581e+01
   9.9200000e+00   1.0065142e+02
   9.9400000e+00   1.2384298e+02
   9.9600000e+00   1.1083444e+02
   9.9800000e+00   6.9563777e+01
   1.0000000e+01   3.6762071e+01
   1.0020000e+01   4.3988798e+00
   1.0040000e+01  -1.6581961e+01
   1.0060000e+01  -1.6322343e+01
   1.0080000e+01  -1.8316535e+01
   1.0100000e+01  -3.7083098e+01
   1.0120000e+01  -4.5754196e+01
   1.0140000e+01  -5.1977715e+01
   1.0160000e+01  -5.8160038e+01
   1.0180000e+01  -2.5529262e+01
   1.0200000e+01   2.2053833e+01
   1.0220000e+01   3.0592638e+01
   1.0240000e+01  -5.8531163e+00
   1.0260000e+01  -4.1178900e+01
   1.0280000e+01  -4.4894718e+01
   1.0300000e+01  -2.4338530e+00
   1.0320000e+01   3.2117640e+01
   1.0340000e+01  -2.5424908e+01
   1.0360000e+01  -6.8538694e+01
   1.0380000e+01  -6.8308240e+01
   1.0400000e+01  -7.3345598e+01
   1.0420000e+01  -7.6552883e+01
   1.0440000e+01  -6.2043644e+01
   1.0460000e+01  -3.3915114e+01
   1.0480000e+01  -4.8298455e+01
   1.0500000e+01  -7.5763387e+01
   1.0520000e+01  -1.0229183e+02
   1.0540000e+01  -1.1487556e+02
   1.0560000e+01  -1.1026633e+02
   1.0580000e+01  -9.2669402e+01
   1.0600000e+01  -2.5503894e+01
   1.0620000e+01   4.3056500e+01
   1.0640000e+01   6.9689959e+01
   1.0660000e+01   8.9626937e+01
   1.0680000e+01   1.0189872e+02
   1.0700000e+01   1.0791649e+02
   1.0720000e+01   1.1052353e+02
   1.0740000e+01   1.0631720e+02
   1.0760000e+01   9.9365374e+01
   1.0780000e+01   7.2440823e+01
   1.0800000e+01   2.1889800e+01
   1.0820000e+01  -1.8290334e+01
   1.0840000e+01  -4.4138135e+01
   1.0860000e+01  -8.1637801e+01
   1.0880000e+01  -1.0015903e+02
   1.0900000e+01  -9.4806699e+01
   1.0920000e+01  -9.0728665e+01
   1.0940000e+01  -8.7499075e+01
   1.0960000e+01  -5.1213554e+01
   1.0980000e+01   2.6213075e+01
   1.1000000e+01   8.4422254e+01
   1.1020000e+01   1.0987040e+02
   1.1040000e+01   1.0573191e+02
   1.1060000e+01   9.3875055e+01
   1.1080000e+01   9.1012582e+01
   1.1100000e+01   8.3843852e+01
   1.1120000e+01   6.9391518e+01
   1.1140000e+01   4.0866847e+01
   1.1160000e+01   1.9522593e+01
   1.1180000e+01   7.1013323e+00
   1.1200000e+01  -5.4074625e-01
   1.1220000e+01  -5.1714229e+00
   1.1240000e+01  -5.0710950e+00
   1.1260000e+01  -3.8093156e+00
   1.1280000e+01  -1.3560492e+01
   1.1300000e+01  -3.1089116e+01
   1.1320000e+01  -3.1636803e+01
   1.1340000e+01  -3.6121619e+01
   1.1360000e+01  -6.7869344e+01
   1.1380000e+01  -1.0632413e+02
   1.1400000e+01  -1.3814997e+02
   1.1420000e+01  -1.4708233e+02
   1.1440000e+01  -1.2483165e+02
   1.1460000e+01  -1.0428707e+02
   1.1480000e+01  -9.9422542e+01
   1.1500000e+01  -7.7896220e+01
   1.1520000e+01  -4.4569485e+01
   1.1540000e+01  -5.2918813e+00
   1.1560000e+01   3.7530630e+01
   1.1580000e+01   6.2465716e+01
   1.1600000e+01   6.4458713e+01
   1.1620000e+01   6.1787350e+01
   1.1640000e+01   6.2371339e+01
   1.1660000e+01   5.6602418e+01
   1.1680000e+01   1.9261405e+01
   1.1700000e+01  -1.7660985e+01
   1.1720000e+01  -1.9088549e+01
   1.1740000e+01  -9.3111014e+00
   1.1760000e+01   1.8680116e+01
   1.1780000e+01   4.7405443e+01
   1.1800000e+01   5.4003983e+01
   1.1820000e+01   5.3893671e+01
   1.1840000e+01   5.7067082e+01
   1.1860000e+01   6.8955800e+01
   1.1880000e+01   7.7724271e+01
   1.1900000e+01   7.7875520e+01
   1.1920000e+01   5.6963140e+01
   1.1940000e+01   3.9533074e+01
   1.1960000e+01   3.5525639e+01
   1.1980000e+01   3.7148888e+01
   1.2000000e+01   3.8829640e+01
   1.2020000e+01   2.9435178e+01
   1.2040000e+01   3.3016457e+01
   1.2060000e+01   4.0126133e+01
   1.2080000e+01   4.5667026e+01
   1.2100000e+01   3.5160552e+01
   1.2120000e+01   1.3869407e+00
   1.2140000e+01  -1.3242647e+01
   1.2160000e+01  -1.4797876e+01
   1.2180000e+01  -1.7413455e+01
   1.2200000e+01  -5.7019270e-01
   1.2220000e+01   4.1134774e+00
   1.2240000e+01   6.1467030e+00
   1.2260000e+01   5.7491099e+00
   1.2280000e+01  -4.1932414e+00
   1.2300000e+01  -1.0573401e+01
   1.2320000e+01  -1.4139857e+01
   1.2340000e+01  -2.3660449e+01
   1.2360000e+01  -4.3695121e+01
   1.2380000e+01  -5.1000698e+01
   1.2400000e+01  -5.6487480e+01
   1.2420000e+01  -6.3419266e+01
   1.2440000e+01  -7.0295476e+01
   1.2460000e+01  -7.2458285e+01
   1.2480000e+01  -6.0692248e+01
   1.2500000e+01  -2.7434541e+01
   1.2520000e+01   7.4110514e+00
   1.2540000e+01   2.4481022e+01
   1.2560000e+01   3.2508450e+01
   1.2580000e+01   2.8138462e+01
   1.2600000e+01   1.3416793e+01
   1.2620000e+01   1.0618399e+01
   1.2640000e+01   6.3101653e+00
   1.2660000e+01  -1.2676024e+01
   1.2680000e+01  -2.8292160e+01
   1.2700000e+01  -3.1390134e+01
   1.2720000e+01  -1.7972380e+01
   1.2740000e+01  -1.4971059e+00
   1.2760000e+01   1.7838403e+00
   1.2780000e+01  -1.5972822e+00
   1.2800000e+01   6.0967708e+00
   1.2820000e+01   3.5236156e+01
   1.2840000e+01   6.1713331e+01
   1.2860000e+01   7.4539682e+01
   1.2880000e+01   8.2228804e+01
   1.2900000e+01   7.9627695e+01
   1.2920000e+01   6.5846801e+01
   1.2940000e+01   3.4526240e+01
   1.2960000e+01   1.8830712e+01
   1.2980000e+01   2.1589621e+01
   1.3000000e+01   2.2560137e+01
   1.3020000e+01   2.3728379e+01
   1.3040000e+01   1.7778780e+01
   1.3060000e+01   5.4583816e+00
   1.3080000e+01   4.0733763e-01
   1.3100000e+01   1.6785571e+00
   1.3120000e+01  -4.6651448e+00
   1.3140000e+01  -1.5444224e+01
   1.3160000e+01  -4.6295131e+01
   1.3180000e+01  -7.2587930e+01
   1.3200000e+01  -6.6816584e+01
   1.3220000e+01  -5.1138180e+01
   1.3240000e+01  -3.1201056e+01
   1.3260000e+01  -1.3084283e+01
   1.3280000e+01  -2.3027661e+00
   1.3300000e+01  -2.5990522e+00
   1.3320000e+01  -6.7222655e+00
   1.3340000e+01   6.8585815e-01
   1.3360000e+01   1.3042931e+01
   1.3380000e+01   1.8198211e+01
   1.3400000e+01   2.0834926e+01
   1.3420000e+01   2.4962670e+01
   1.3440000e+01   2.8509963e+01
   1.3460000e+01   1.8501981e+01
   1.3480000e+01  -9.5030420e+00
   1.3500000e+01  -4.0966509e+01
   1.3520000e+01  -6.7753427e+01
   1.3540000e+01  -7.5906385e+01
   1.3560000e+01  -7.6362666e+01
   1.3580000e+01  -6.5438588e+01
   1.3600000e+01  -3.3292923e+01
   1.3620000e+01   3.5631165e+00
   1.3640000e+01   2.5719764e+01
   1.3660000e+01   2.8002330e+01
   1.3680000e+01   2.7036496e+01
   1.3700000e+01   2.6056529e+01
   1.3720000e+01   2.9903607e+01
   1.3740000e+01   3.6794600e+01
   1.3760000e+01   4.0429056e+01
   1.3780000e+01   3.6290359e+01
   1.3800000e+01   3.2063686e+01
   1.3820000e+01   2.8987037e+01
   1.3840000e+01   2.3999848e+01
   1.3860000e+01   2.5495549e+01
   1.3880000e+01   3.1274585e+01
   1.3900000e+01   3.4037845e+01
   1.3920000e+01   2.9978999e+01
   1.3940000e+01   2.5150857e+01
   1.3960000e+01   1.7402437e+01
   1.3980000e+01   1.1394799e+01
   1.4000000e+01   2.0517877e+01
   1.4020000e+01   3.4504287e+01
   1.4040000e+01   3.4202644e+01
   1.4060000e+01   3.0436795e+01
   1.4080000e+01   3.1508651e+01
   1.4100000e+01   3.4015019e+01
   1.4120000e+01   3.4274993e+01
   1.4140000e+01   3.3443541e+01
   1.4160000e+01   3.0591810e+01
   1.4180000e+01   2.5112377e+01
   1.4200000e+01   1.9740570e+01
   1.4220000e+01   8.4714720e+00
   1.4240000e+01  -1.0521264e+00
   1.4260000e+01  -6.6044207e+00
   1.4280000e+01  -1.3852593e+01
   1.4300000e+01  -2.5678268e+01
   1.4320000e+01  -3.3975503e+01
   1.4340000e+01  -3.2707294e+01
   1.4360000e+01  -2.2410703e+01
   1.4380000e+01   5.6753444e-01
   1.4400000e+01   2.7973884e+01
   1.4420000e+01   4.3733183e+01
   1.4440000e+01   4.8739332e+01
   1.4460000e+01   5.0852250e+01
   1.4480000e+01   5.1438118e+01
   1.4500000e+01   5.0877268e+01
   1.4520000e+01   3.8464958e+01
   1.4540000e+01   1.1911581e+01
   1.4560000e+01  -6.4543007e+00
   1.4580000e+01  -2.6675340e+01
   1.4600000e+01  -5.0571129e+01
   1.4620000e+01  -5.8678710e+01
   1.4640000e+01  -6.7074742e+01
   1.4660000e+01  -7.6936617e+01
   1.4680000e+01  -7.8950348e+01
   1.4700000e+01  -7.4912555e+01
   1.4720000e+01  -7.7151308e+01
   1.4740000e+01  -8.6463416e+01
   1.4760000e+01  -9.2002955e+01
   1.4780000e+01  -9.0421272e+01
   1.4800000e+01  -8.4756786e+01
   1.4820000e+01  -8.1797096e+01
   1.4840000e+01  -7.1576742e+01
   1.4860000e+01  -4.8508978e+01
   1.4880000e+01  -2.6870175e+01
   1.4900000e+01  -1.2634327e+01
   1.4920000e+01  -4.0926981e+00
   1.4940000e+01  -2.4180420e+01
   1.4960000e+01  -6.0687092e+01
   1.4980000e+01  -7.0833982e+01
   1.5000000e+01  -6.7641821e+01
   1.5020000e+01  -5.7462944e+01
   1.5040000e+01  -3.5803348e+01
   1.5060000e+01  -1.7777188e+01
   1.5080000e+01  -3.1236304e+00
   1.5100000e+01   1.1998004e+01
   1.5120000e+01   2.4880768e+01
   1.5140000e+01   3.1516877e+01
   1.5160000e+01   3.1624665e+01
   1.5180000e+01   2.5131089e+01
   1.5200000e+01   1.6332724e+01
   1.5220000e+01   8.4931044e+00
   1.5240000e+01   9.2313490e-01
   1.5260000e+01  -2.3898670e+00
   1.5280000e+01  -1.3619884e+00
   1.5300000e+01  -1.4700732e+00
   1.5320000e+01  -6.6252626e+00
   1.5340000e+01  -1.4322152e+01
   1.5360000e+01  -1.8840165e+01
   1.5380000e+01  -1.6455578e+01
   1.5400000e+01  -9.9598714e+00
   1.5420000e+01  -1.8232588e+00
   1.5440000e+01   9.1603979e+00
   1.5460000e+01   1.8202828e+01
   1.5480000e+01   3.0818140e+01
   1.5500000e+01   4.9228700e+01
   1.5520000e+01   6.8967766e+01
   1.5540000e+01   8.1326074e+01
   1.5560000e+01   8.4508119e+01
   1.5580000e+01   8.3879709e+01
   1.5600000e+01   7.7304902e+01
   1.5620000e+01   5.8258930e+01
   1.5640000e+01   2.7060520e+01
   1.5660000e+01  -6.0232967e+00
   1.5680000e+01  -3.2963954e+01
   1.5700000e+01  -4.1177761e+01
   1.5720000e+01  -4.4599770e+01
   1.5740000e+01  -4.6434288e+01
   1.5760000e+01  -4.0678366e+01
   1.5780000e+01  -2.8320949e+01
   1.5800000e+01  -1.7344950e+01
   1.5820000e+01  -1.4324386e+01
   1.5840000e+01  -1.2001708e+01
   1.5860000e+01  -1.4999943e+01
   1.5880000e+01  -1.9935668e+01
   1.5900000e+01  -2.3561799e+01
   1.5920000e+01  -2.0705559e+01
   1.5940000e+01  -1.6939784e+01
   1.5960000e+01  -1.6835238e+01
   1.5980000e+01  -1.4877378e+01
   1.6000000e+01  -4.4579379e+00
   1.6020000e+01   4.9997700e+00
   1.6040000e+01   2.0720904e+00
   1.6060000e+01   1.0962949e+00
   1.6080000e+01   1.0273801e+01
   1.6100000e+01   2.6990643e+01
   1.6120000e+01   4.1364761e+01
   1.6140000e+01   6.1674142e+01
   1.6160000e+01   8.2430759e+01
   1.6180000e+01   8.2557348e+01
   1.6200000e+01   7.4076950e+01
   1.6220000e+01   6.8734647e+01
   1.6240000e+01   6.3541309e+01
   1.6260000e+01   5.3298448e+01
   1.6280000e+01   3.9490057e+01
   1.6300000e+01   2.6348019e+01
   1.6320000e+01   2.3076941e+01
   1.6340000e+01   2.4182411e+01
   1.6360000e+01   2.1925808e+01
   1.6380000e+01   1.0932307e+01
   1.6400000e+01  -5.2392812e+00
   1.6420000e+01  -1.2603070e+01
   1.6440000e+01  -2.1372736e+01
   1.6460000e+01  -2.6178263e+01
   1.6480000e+01  -1.9837017e+01
   1.6500000e+01  -6.3116407e+00
   1.6520000e+01  -1.8132760e-01
   1.6540000e+01  -9.3779640e+00
   1.6560000e+01  -2.1632727e+01
   1.6580000e+01  -2.8235352e+01
   1.6600000e+01  -3.0792965e+01
   1.6620000e+01  -3.0888293e+01
   1.6640000e+01  -2.8569152e+01
   1.6660000e+01  -2.4574635e+01
   1.6680000e+01  -1.9328903e+01
   1.6700000e+01  -1.2862344e+01
   1.6720000e+01   2.4131251e+00
   1.6740000e+01   1.4982169e+01
   1.6760000e+01   2.1384643e+01
   1.6780000e+01   2.2783216e+01
   1.6800000e+01   1.3350776e+01
   1.6820000e+01  -2.3369115e+00
   1.6840000e+01  -1.1484845e+01
   1.6860000e+01  -1.4772044e+01
   1.6880000e+01  -1.7741932e+01
   1.6900000e+01  -1.9564496e+01
   1.6920000e+01  -1.9553155e+01
   1.6940000e+01  -1.7586462e+01
   1.6960000e+01  -1.9092715e+01
   1.6980000e+01  -2.2517372e+01
   1.7000000e+01  -2.8474648e+01
   1.7020000e+01  -2.8109212e+01
   1.7040000e+01  -2.0994054e+01
   1.7060000e+01  -1.5127438e+01
   1.7080000e+01  -1.3824146e+01
   1.7100000e+01  -1.6645057e+01
   1.7120000e+01  -1.9095876e+01
   1.7140000e+01  -2.3564509e+01
   1.7160000e+01  -2.8405054e+01
   1.7180000e+01  -2.8394690e+01
   1.7200000e+01  -2.3822314e+01
   1.7220000e+01  -2.0644514e+01
   1.7240000e+01  -2.5362211e+01
   1.7260000e+01  -3.0801666e+01
   1.7280000e+01  -3.2145542e+01
   1.7300000e+01  -2.9203311e+01
   1.7320000e+01  -1.7610991e+01
   1.7340000e+01   2.5999009e+00
   1.7360000e+01   1.5655341e+01
   1.7380000e+01   2.1767612e+01
   1.7400000e+01   3.7818636e+01
   1.7420000e+01   5.1807776e+01
   1.7440000e+01   5.5924973e+01
   1.7460000e+01   5.1272416e+01
   1.7480000e+01   4.6116161e+01
   1.7500000e+01   4.4732128e+01
   1.7520000e+01   4.0250952e+01
   1.7540000e+01   2.6598816e+01
   1.7560000e+01   1.3896625e+01
   1.7580000e+01   1.1577158e+01
   1.7600000e+01   9.6393280e+00
   1.7620000e+01   4.3790096e+00
   1.7640000e+01  -2.7074905e+00
   1.7660000e+01  -4.4503108e+00
   1.7680000e+01   3.2428202e+00
   1.7700000e+01   1.5468497e+01
   1.7720000e+01   2.3486951e+01
   1.7740000e+01   2.3221403e+01
   1.7760000e+01   1.4831523e+01
   1.7780000e+01   1.8406450e+00
   1.7800000e+01  -5.7510071e+00
   1.7820000e+01  -5.4691439e+00
   1.7840000e+01   2.2802191e+00
   1.7860000e+01   1.1096937e+01
   1.7880000e+01   1.1549438e+01
   1.7900000e+01   4.8203398e+00
   1.7920000e+01  -1.3146433e-01
   1.7940000e+01   1.3367958e+00
   1.7960000e+01   8.9543765e-01
   1.7980000e+01  -4.4413654e+00
   1.8000000e+01  -1.1496283e+01
   1.8020000e+01  -1.6508544e+01
   1.8040000e+01  -1.9692404e+01
   1.8060000e+01  -2.1543588e+01
   1.8080000e+01  -2.1110315e+01
   1.8100000e+01  -1.8981507e+01
   1.8120000e+01  -1.8299740e+01
   1.8140000e+01  -2.0638655e+01
   1.8160000e+01  -2.2373768e+01
   1.8180000e+01  -2.1275487e+01
   1.8200000e+01  -1.9773335e+01
   1.8220000e+01  -1.9458767e+01
   1.8240000e+01  -1.8338049e+01
   1.8260000e+01  -1.2686162e+01
   1.8280000e+01  -3.4819752e+00
   1.8300000e+01   2.9126119e+00
   1.8320000e+01   2.1769118e+00
   1.8340000e+01  -3.9421683e+00
   1.8360000e+01  -8.6076194e+00
   1.8380000e+01  -8.2721163e+00
   1.8400000e+01  -6.2367290e+00
   1.8420000e+01  -5.0964830e+00
   1.8440000e+01   2.3319532e-01
   1.8460000e+01   5.6451473e+00
   1.8480000e+01   6.6407144e+00
   1.8500000e+01   3.8179530e+00
   1.8520000e+01   1.2512943e+00
   1.8540000e+01   4.1647538e+00
   1.8560000e+01   1.1710376e+01
   1.8580000e+01   2.5864940e+01
   1.8600000e+01   4.0812573e+01
   1.8620000e+01   5.0399579e+01
   1.8640000e+01   5.6772386e+01
   1.8660000e+01   5.7090959e+01
   1.8680000e+01   5.2902505e+01
   1.8700000e+01   4.6422670e+01
   1.8720000e+01   3.7670508e+01
   1.8740000e+01   2.6579552e+01
   1.8760000e+01   1.5252355e+01
   1.8780000e+01   1.1542638e+01
   1.8800000e+01   1.7107165e+01
   1.8820000e+01   2.2444143e+01
   1.8840000e+01   2.5329675e+01
   1.8860000e+01   2.7662748e+01
   1.8880000e+01   2.6522362e+01
   1.8900000e+01   2.1239776e+01
   1.8920000e+01   1.3994139e+01
   1.8940000e+01   9.5469423e+00
   1.8960000e+01   6.0572570e+00
   1.8980000e+01   1.4480457e+00
   1.9000000e+01  -9.3138093e+00
   1.9020000e+01  -2.1694806e+01
   1.9040000e+01  -3.6177791e+01
   1.9060000e+01  -5.0373721e+01
   1.9080000e+01  -5.2231110e+01
   1.9100000e+01  -4.1875221e+01
   1.9120000e+01  -1.9941770e+01
   1.9140000e+01  -2.8307737e+00
   1.9160000e+01   6.2031849e+00
   1.9180000e+01   1.2289239e+01
   1.9200000e+01   1.1181807e+01
   1.9220000e+01   4.7444241e+00
   1.9240000e+01  -6.9502107e+00
   1.9260000e+01  -1.8035224e+01
   1.9280000e+01  -2.2890104e+01
   1.9300000e+01  -2.1093138e+01
   1.9320000e+01  -1.8465481e+01
   1.9340000e+01  -1.3265934e+01
   1.9360000e+01  -4.0999040e+00
   1.9380000e+01   2.6851390e+00
   1.9400000e+01   2.2084531e+00
   1.9420000e+01  -5.3417461e+00
   1.9440000e+01  -1.0488050e+01
   1.9460000e+01  -1.1533963e+01
   1.9480000e+01  -1.0097248e+01
   1.9500000e+01  -7.7716982e+00
   1.9520000e+01  -6.2129246e+00
   1.9540000e+01  -8.1692875e+00
   1.9560000e+01  -1.4090228e+01
   1.9580000e+01  -1.8809851e+01
   1.9600000e+01  -2.5490154e+01
   1.9620000e+01  -3.4477187e+01
   1.9640000e+01  -4.3630711e+01
   1.9660000e+01  -4.9724358e+01
   1.9680000e+01  -5.0724330e+01
   1.9700000e+01  -4.9257517e+01
   1.9720000e+01  -4.3788146e+01
   1.9740000e+01  -3.5843638e+01
   1.9760000e+01  -2.8486267e+01
   1.9780000e+01  -2.5291410e+01
   1.9800000e+01  -2.5133882e+01
   1.9820000e+01  -2.5362581e+01
   1.9840000e+01  -2.2266360e+01
   1.9860000e+01  -1.7323385e+01
   1.9880000e+01  -1.3111080e+01
   1.9900000e+01  -9.9435398e+00
   1.9920000e+01  -6.2807987e+00
   1.9940000e+01  -9.4552141e-01
   1.9960000e+01   2.8108319e+00
   1.9980000e+01   7.1169371e+00
   2.0000000e+01   1.3516448e+01
   2.0020000e+01   2.0896565e+01
   2.0040000e+01   2.4396846e+01
   2.0060000e+01   2.1465547e+01
   2.0080000e+01   1.2237032e+01
   2.0100000e+01   2.8122875e+00
   2.0120000e+01  -1.7122502e+00
   2.0140000e+01   6.2529361e-01
   2.0160000e+01   7.1428599e+00
   2.0180000e+01   1.3407503e+01
   2.0200000e+01   1.8040220e+01
   2.0220000e+01   2.0780872e+01
   2.0240000e+01   2.0910844e+01
   2.0260000e+01   2.0309728e+01
   2.0280000e+01   2.4093496e+01
   2.0300000e+01   3.0325918e+01
   2.0320000e+01   3.5339997e+01
   2.0340000e+01   3.4011238e+01
   2.0360000e+01   2.8651452e+01
   2.0380000e+01   2.1708235e+01
   2.0400000e+01   1.5186955e+01
   2.0420000e+01   1.1098107e+01
   2.0440000e+01   9.6074752e+00
   2.0460000e+01   1.0472137e+01
   2.0480000e+01   1.2499802e+01
   2.0500000e+01   1.6650048e+01
   2.0520000e+01   2.0221690e+01
   2.0540000e+01   2.2706421e+01
   2.0560000e+01   2.3980450e+01
   2.0580000e+01   2.2457087e+01
   2.0600000e+01   1.7598751e+01
   2.0620000e+01   1.2674009e+01
   2.0640000e+01   1.1918788e+01
   2.0660000e+01   1.5299019e+01
   2.0680000e+01   1.8731157e+01
   2.0700000e+01   2.1695752e+01
   2.0720000e+01   2.4947096e+01
   2.0740000e+01   2.5667443e+01
   2.0760000e+01   2.6161394e+01
   2.0780000e+01   2.5249004e+01
   2.0800000e+01   2.1920942e+01
   2.0820000e+01   1.6093338e+01
   2.0840000e+01   1.0737486e+01
   2.0860000e+01   8.8667823e+00
   2.0880000e+01   8.3663734e+00
   2.0900000e+01   7.9179748e+00
   2.0920000e+01   5.8228535e+00
   2.0940000e+01   5.7259066e+00
   2.0960000e+01   4.5140350e+00
   2.0980000e+01   3.4795795e+00
   2.1000000e+01   2.0038293e+00
   2.1020000e+01  -1.3261553e+00
   2.1040000e+01  -5.5636742e+00
   2.1060000e+01  -1.2824742e+01
   2.1080000e+01  -1.9409609e+01
   2.1100000e+01  -2.4848038e+01
   2.1120000e+01  -2.4805092e+01
   2.1140000e+01  -2.0095470e+01
   2.1160000e+01  -1.7008408e+01
   2.1180000e+01  -1.6938421e+01
   2.1200000e+01  -1.9066017e+01
   2.1220000e+01  -2.1528316e+01
   2.1240000e+01  -2.4809148e+01
   2.1260000e+01  -2.8042299e+01
   2.1280000e+01  -2.9188618e+01
   2.1300000e+01  -2.7797314e+01
   2.1320000e+01  -2.6026003e+01
   2.1340000e+01  -2.5448588e+01
   2.1360000e+01  -2.7114297e+01
   2.1380000e+01  -3.1593183e+01
   2.1400000e+01  -3.5150641e+01
   2.1420000e+01  -3.5033243e+01
   2.1440000e+01  -3.3045657e+01
   2.1460000e+01  -3.1509774e+01
   2.1480000e+01  -3.0918527e+01
   2.1500000e+01  -3.0452200e+01
   2.1520000e+01  -2.8083519e+01
   2.1540000e+01  -2.2141995e+01
   2.1560000e+01  -1.2433126e+01
   2.1580000e+01  -5.9111528e+00
   2.1600000e+01  -5.6226448e+00
   2.1620000e+01  -7.5719789e+00
   2.1640000e+01  -6.7292986e+00
   2.1660000e+01  -4.4852627e+00
   2.1680000e+01  -7.8460335e-01
   2.1700000e+01   4.7665681e+00
   2.1720000e+01   9.0510616e+00
   2.1740000e+01   1.0198586e+01
   2.1760000e+01   8.0712829e+00
   2.1780000e+01   6.2773729e+00
   2.1800000e+01   7.0193319e+00
   2.1820000e+01   8.6751400e+00
   2.1840000e+01   8.3806790e+00
   2.1860000e+01   8.2512172e+00
   2.1880000e+01   1.0267861e+01
   2.1900000e+01   1.1332175e+01
   2.1920000e+01   1.0478632e+01
   2.1940000e+01   1.0394448e+01
   2.1960000e+01   6.4111588e+00
   2.1980000e+01   2.3105828e+00
   2.2000000e+01  -3.0429136e+00
   2.2020000e+01  -9.0461898e+00
   2.2040000e+01  -1.0206421e+01
   2.2060000e+01  -7.9479465e+00
   2.2080000e+01  -3.7688766e+00
   2.2100000e+01  -5.4890630e+00
   2.2120000e+01  -1.0511074e+01
   2.2140000e+01  -1.3870490e+01
   2.2160000e+01  -1.4518612e+01
   2.2180000e+01  -9.6579288e+00
   2.2200000e+01  -4.5517402e+00
   2.2220000e+01   2.6887995e+00
   2.2240000e+01   1.1898852e+01
   2.2260000e+01   1.5866335e+01
   2.2280000e+01   1.6318656e+01
   2.2300000e+01   1.3963736e+01
   2.2320000e+01   1.0324813e+01
   2.2340000e+01   4.3815353e+00
   2.2360000e+01   9.0271266e-02
   2.2380000e+01   2.7566439e+00
   2.2400000e+01   5.4531905e+00
   2.2420000e+01   1.5277951e+00
   2.2440000e+01  -4.7890307e+00
   2.2460000e+01  -1.0814934e+01
   2.2480000e+01  -1.4272607e+01
   2.2500000e+01  -1.6208333e+01
   2.2520000e+01  -1.5402520e+01
   2.2540000e+01  -1.0587715e+01
   2.2560000e+01  -4.9848671e+00
   2.2580000e+01  -9.3144187e-01
   2.2600000e+01   9.5467098e-01
   2.2620000e+01   6.6446920e+00
   2.2640000e+01   1.1805368e+01
   2.2660000e+01   1.6053606e+01
   2.2680000e+01   1.8407406e+01
   2.2700000e+01   1.9148518e+01
   2.2720000e+01   2.0448699e+01
   2.2740000e+01   2.2739442e+01
   2.2760000e+01   2.5582948e+01
   2.2780000e+01   2.5180881e+01
   2.2800000e+01   2.4472184e+01
   2.2820000e+01   2.2574602e+01
   2.2840000e+01   2.0443868e+01
   2.2860000e+01   1.9715460e+01
   2.2880000e+01   2.0526028e+01
   2.2900000e+01   2.1592598e+01
   2.2920000e+01   2.0251897e+01
   2.2940000e+01   1.9506953e+01
   2.2960000e+01   1.8821301e+01
   2.2980000e+01   1.8208531e+01
   2.3000000e+01   2.0361431e+01
   2.3020000e+01   2.2788583e+01
   2.3040000e+01   2.4282856e+01
   2.3060000e+01   2.4685781e+01
   2.3080000e+01   2.2910919e+01
   2.3100000e+01   2.1222083e+01
   2.3120000e+01   1.8308299e+01
   2.3140000e+01   1.5436633e+01
   2.3160000e+01   1.4765271e+01
   2.3180000e+01   1.1476196e+01
   2.3200000e+01   7.6516410e+00
   2.3220000e+01   3.1515373e+00
   2.3240000e+01   2.3172943e+00
   2.3260000e+01   6.2265813e+00
   2.3280000e+01   9.0270503e+00
   2.3300000e+01   1.0766413e+01
   2.3320000e+01   1.0262767e+01
   2.3340000e+01   8.6276183e+00
   2.3360000e+01   5.5957792e+00
   2.3380000e+01   4.2614456e+00
   2.3400000e+01   4.5039888e+00
   2.3420000e+01   3.7702751e+00
   2.3440000e+01   3.5071702e+00
   2.3460000e+01   3.2942206e+00
   2.3480000e+01   4.3508141e+00
   2.3500000e+01   7.1459104e+00
   2.3520000e+01   9.8880680e+00
   2.3540000e+01   1.1554748e+01
   2.3560000e+01   1.0234678e+01
   2.3580000e+01   4.4491852e+00
   2.3600000e+01  -5.4871788e+00
   2.3620000e+01  -1.9505864e+01
   2.3640000e+01  -2.7897469e+01
   2.3660000e+01  -2.9392542e+01
   2.3680000e+01  -2.8349310e+01
   2.3700000e+01  -2.3376283e+01
   2.3720000e+01  -1.5467635e+01
   2.3740000e+01  -7.0427169e+00
   2.3760000e+01  -4.9000463e+00
   2.3780000e+01  -1.0138354e+01
   2.3800000e+01  -1.6702728e+01
   2.3820000e+01  -1.8746137e+01
   2.3840000e+01  -1.8742001e+01
   2.3860000e+01  -1.6573377e+01
   2.3880000e+01  -1.3399574e+01
   2.3900000e+01  -9.5423790e+00
   2.3920000e+01  -7.2881620e+00
   2.3940000e+01  -8.1969286e+00
   2.3960000e+01  -1.1255157e+01
   2.3980000e+01  -1.5485044e+01
   2.4000000e+01  -1.7687107e+01
   2.4020000e+01  -1.9399972e+01
   2.4040000e+01  -1.9831882e+01
   2.4060000e+01  -1.6794085e+01
   2.4080000e+01  -1.0844734e+01
   2.4100000e+01  -6.2438972e+00
   2.4120000e+01  -5.6018087e+00
   2.4140000e+01  -8.9693268e+00
   2.4160000e+01  -1.1283491e+01
   2.4180000e+01  -1.0987111e+01
   2.4200000e+01  -7.9530672e+00
   2.4220000e+01  -4.4422793e+00
   2.4240000e+01  -3.9998514e+00
   2.4260000e+01  -5.5140546e+00
   2.4280000e+01  -7.2229954e+00
   2.4300000e+01  -6.1598315e+00
   2.4320000e+01  -2.8107890e+00
   2.4340000e+01  -6.7072386e+00
   2.4360000e+01  -1.1768521e+01
   2.4380000e+01  -1.1440703e+01
   2.4400000e+01  -1.2763211e+01
   2.4420000e+01  -1.3621251e+01
   2.4440000e+01  -1.1965083e+01
   2.4460000e+01  -9.7936635e+00
   2.4480000e+01  -8.7867198e+00
   2.4500000e+01  -9.4546483e+00
   2.4520000e+01  -1.1354834e+01
   2.4540000e+01  -1.2342463e+01
   2.4560000e+01  -1.3074896e+01
   2.4580000e+01  -9.6382498e+00
   2.4600000e+01  -4.1847407e+00
   2.4620000e+01  -3.2346506e+00
   2.4640000e+01  -7.3983796e+00
   2.4660000e+01  -9.7138294e+00
   2.4680000e+01  -1.0980348e+01
   2.4700000e+01  -1.2001831e+01
   2.4720000e+01  -1.0109194e+01
   2.4740000e+01  -1.0029403e+01
   2.4760000e+01  -1.0608952e+01
   2.4780000e+01  -1.2348489e+01
   2.4800000e+01  -1.0400641e+01
   2.4820000e+01  -7.0201037e+00
   2.4840000e+01  -3.6504182e+00
   2.4860000e+01  -6.9306642e-01
   2.4880000e+01   9.9917771e-01
   2.4900000e+01   4.9957496e+00
   2.4920000e+01   7.6212515e+00
   2.4940000e+01   9.5582408e+00
   2.4960000e+01   1.0310391e+01
   2.4980000e+01   8.9291773e+00
   2.5000000e+01   6.6871064e+00
   2.5020000e+01   5.7489386e+00
   2.5040000e+01   8.6484442e+00
   2.5060000e+01   1.3120682e+01
   2.5080000e+01   1.4941134e+01
   2.5100000e+01   1.2626414e+01
   2.5120000e+01   7.2588976e+00
   2.5140000e+01   5.7627231e+00
   2.5160000e+01   9.6928041e+00
   2.5180000e+01   1.2436199e+01
   2.5200000e+01   1.1713182e+01
   2.5220000e+01   9.9039881e+00
   2.5240000e+01   9.0556533e+00
   2.5260000e+01   9.1737468e+00
   2.5280000e+01   1.0537631e+01
   2.5300000e+01   1.1602709e+01
   2.5320000e+01   1.1080645e+01
   2.5340000e+01   9.3640510e+00
   2.5360000e+01   6.2341714e+00
   2.5380000e+01   2.7359505e+00
   2.5400000e+01   3.1117707e+00
   2.5420000e+01   1.7738857e+00
   2.5440000e+01  -2.3313543e+00
   2.5460000e+01  -5.5921558e+00
   2.5480000e+01  -5.1060784e+00
   2.5500000e+01  -1.3496765e+00
   2.5520000e+01  -5.4335589e-01
   2.5540000e+01  -1.1760039e-01
   2.5560000e+01   2.4075940e-01
   2.5580000e+01   1.2542854e+00
   2.5600000e+01   3.3091874e+00
   2.5620000e+01   7.0719692e+00
   2.5640000e+01   9.5388466e+00
   2.5660000e+01   1.0244363e+01
   2.5680000e+01   7.9998576e+00
   2.5700000e+01   3.9819791e+00
   2.5720000e+01   3.3882407e+00
   2.5740000e+01   6.0785680e+00
   2.5760000e+01   1.1913574e+01
   2.5780000e+01   1.7826008e+01
   2.5800000e+01   2.1699524e+01
   2.5820000e+01   2.1800419e+01
   2.5840000e+01   1.9338679e+01
   2.5860000e+01   1.5453561e+01
   2.5880000e+01   1.1127620e+01
   2.5900000e+01   8.0834428e+00
   2.5920000e+01   6.8965575e+00
   2.5940000e+01   8.0704008e+00
   2.5960000e+01   1.2028474e+01
   2.5980000e+01   1.5454884e+01
   2.6000000e+01   1.8690711e+01
   2.6020000e+01   1.7795797e+01
   2.6040000e+01   1.1722948e+01
   2.6060000e+01   4.5502064e+00
   2.6080000e+01  -1.7071616e+00
   2.6100000e+01  -5.9448614e+00
   2.6120000e+01  -9.7499718e+00
   2.6140000e+01  -1.1396518e+01
   2.6160000e+01  -1.0330440e+01
   2.6180000e+01  -7.4255671e+00
   2.6200000e+01  -6.3471182e+00
   2.6220000e+01  -6.0062071e+00
   2.6240000e+01  -6.1204757e+00
   2.6260000e+01  -6.6264206e+00
   2.6280000e+01  -4.3412350e+00
   2.6300000e+01   1.2951512e+00
   2.6320000e+01   4.7104181e+00
   2.6340000e+01   6.0345254e+00
   2.6360000e+01   5.9474662e+00
   2.6380000e+01   1.9260063e+00
   2.6400000e+01  -3.8659729e+00
   2.6420000e+01  -8.5858819e+00
   2.6440000e+01  -1.0214307e+01
   2.6460000e+01  -9.4370444e+00
   2.6480000e+01  -5.4145743e+00
   2.6500000e+01   7.7444155e-01
   2.6520000e+01   3.7558788e+00
   2.6540000e+01   3.6557533e+00
   2.6560000e+01   3.4828844e+00
   2.6580000e+01   2.6839631e+00
   2.6600000e+01   2.9918628e+00
   2.6620000e+01   2.7613003e+00
   2.6640000e+01   4.1342512e+00
   2.6660000e+01   2.9547084e+00
   2.6680000e+01  -9.6378855e-01
   2.6700000e+01  -4.6021098e+00
   2.6720000e+01  -9.4435012e+00
   2.6740000e+01  -1.2409685e+01
   2.6760000e+01  -1.5318725e+01
   2.6780000e+01  -1.8594442e+01
   2.6800000e+01  -2.2358235e+01
   2.6820000e+01  -2.5744944e+01
   2.6840000e+01  -2.8413806e+01
   2.6860000e+01  -3.1404970e+01
   2.6880000e+01  -3.4389829e+01
   2.6900000e+01  -3.9461353e+01
   2.6920000e+01  -4.5591784e+01
   2.6940000e+01  -4.6899104e+01
   2.6960000e+01  -4.1595374e+01
   2.6980000e+01  -3.2188478e+01
   2.7000000e+01  -2.5370986e+01
   2.7020000e+01  -1.9898560e+01
   2.7040000e+01  -1.5982115e+01
   2.7060000e+01  -1.2780884e+01
   2.7080000e+01  -7.5694360e+00
   2.7100000e+01  -3.8232787e+00
   2.7120000e+01  -1.8039830e+00
   2.7140000e+01  -5.3802127e-01
   2.7160000e+01   1.1768277e+00
   2.7180000e+01   1.4601601e+00
   2.7200000e+01   1.5710159e-01
   2.7220000e+01  -3.9415273e+00
   2.7240000e+01  -8.9773672e+00
   2.7260000e+01  -1.2090624e+01
   2.7280000e+01  -1.2519143e+01
   2.7300000e+01  -1.0566469e+01
   2.7320000e+01  -7.9761738e+00
   2.7340000e+01  -4.2458849e+00
   2.7360000e+01  -5.8647847e-01
   2.7380000e+01   3.9998704e+00
   2.7400000e+01   8.6356463e+00
   2.7420000e+01   1.0594758e+01
   2.7440000e+01   1.1835388e+01
   2.7460000e+01   1.0496361e+01
   2.7480000e+01   1.0035734e+01
   2.7500000e+01   1.2088096e+01
   2.7520000e+01   1.4173334e+01
   2.7540000e+01   1.5469359e+01
   2.7560000e+01   1.7051350e+01
   2.7580000e+01   1.7799596e+01
   2.7600000e+01   1.7232355e+01
   2.7620000e+01   1.9088666e+01
   2.7640000e+01   2.1270050e+01
   2.7660000e+01   2.5002633e+01
   2.7680000e+01   2.7847115e+01
   2.7700000e+01   2.8849331e+01
   2.7720000e+01   2.6895742e+01
   2.7740000e+01   2.4375365e+01
   2.7760000e+01   2.2595809e+01
   2.7780000e+01   2.0857561e+01
   2.7800000e+01   1.8469034e+01
   2.7820000e+01   1.4796593e+01
   2.7840000e+01   9.7442022e+00
   2.7860000e+01   3.2762741e+00
   2.7880000e+01  -1.0803609e+00
   2.7900000e+01  -3.1442796e+00
   2.7920000e+01  -1.3254072e+00
   2.7940000e+01   1.7638204e+00
   2.7960000e+01   5.3654662e+00
   2.7980000e+01   7.0370039e+00
   2.8000000e+01   6.1884276e+00
   2.8020000e+01   6.9878726e+00
   2.8040000e+01   6.1807129e+00
   2.8060000e+01   3.1003601e+00
   2.8080000e+01   6.8186622e-01
   2.8100000e+01  -1.6899298e+00
   2.8120000e+01  -2.3289077e+00
   2.8140000e+01  -8.9791663e-01
   2.8160000e+01   7.3964561e-01
   2.8180000e+01   2.3087642e+00
   2.8200000e+01   4.2349838e+00
   2.8220000e+01   6.4291744e+00
   2.8240000e+01   9.5123088e+00
   2.8260000e+01   1.2390180e+01
   2.8280000e+01   1.5885438e+01
   2.8300000e+01   1.8216014e+01
   2.8320000e+01   1.8779703e+01
   2.8340000e+01   1.8257750e+01
   2.8360000e+01   1.7664969e+01
   2.8380000e+01   1.7332134e+01
   2.8400000e+01   1.6149411e+01
   2.8420000e+01   1.5886016e+01
   2.8440000e+01   1.5952028e+01
   2.8460000e+01   1.8174550e+01
   2.8480000e+01   2.0630120e+01
   2.8500000e+01   2.1185579e+01
   2.8520000e+01   1.8760772e+01
   2.8540000e+01   1.5611457e+01
   2.8560000e+01   1.1749925e+01
   2.8580000e+01   8.1945792e+00
   2.8600000e+01   5.4768635e+00
   2.8620000e+01   3.5457070e+00
   2.8640000e+01   4.7387763e+00
   2.8660000e+01   6.2682125e+00
   2.8680000e+01   6.6976510e+00
   2.8700000e+01   6.3849818e+00
   2.8720000e+01   5.6096769e+00
   2.8740000e+01   3.4126159e+00
   2.8760000e+01  -9.9961106e-01
   2.8780000e+01  -5.0591703e+00
   2.8800000e+01  -5.2583318e+00
   2.8820000e+01  -6.5004127e+00
   2.8840000e+01  -8.1508361e+00
   2.8860000e+01  -1.1370212e+01
   2.8880000e+01  -1.6773727e+01
   2.8900000e+01  -1.7558855e+01
   2.8920000e+01  -1.9097392e+01
   2.8940000e+01  -1.7280799e+01
   2.8960000e+01  -1.4093282e+01
   2.8980000e+01  -1.3455780e+01
   2.9000000e+01  -1.2328342e+01
   2.9020000e+01  -1.0891087e+01
   2.9040000e+01  -1.0159048e+01
   2.9060000e+01  -1.1460237e+01
   2.9080000e+01  -1.2718026e+01
   2.9100000e+01  -1.4271961e+01
   2.9120000e+01  -1.3011027e+01
   2.9140000e+01  -1.2980190e+01
   2.9160000e+01  -1.3404099e+01
   2.9180000e+01  -1.2677148e+01
   2.9200000e+01  -9.2071376e+00
   2.9220000e+01  -5.8093348e+00
   2.9240000e+01  -4.2379027e+00
   2.9260000e+01  -3.8899523e+00
   2.9280000e+01  -4.3539954e+00
   2.9300000e+01  -5.3754737e+00
   2.9320000e+01  -6.9210919e+00
   2.9340000e+01  -6.0612991e+00
   2.9360000e+01  -6.6301532e+00
   2.9380000e+01  -7.1889487e+00
   2.9400000e+01  -7.9199373e+00
   2.9420000e+01  -6.4503421e+00
   2.9440000e+01  -4.2760829e+00
   2.9460000e+01  -2.0702378e+00
   2.9480000e+01  -2.1369804e+00
   2.9500000e+01  -3.1092897e+00
   2.9520000e+01  -3.3484981e+00
   2.9540000e+01  -4.1591136e+00
   2.9560000e+01  -2.8348274e+00
   2.9580000e+01  -1.1793605e+00
   2.9600000e+01   6.5067891e-01
   2.9620000e+01   2.3330790e+00
   2.9640000e+01   5.3037406e+00
   2.9660000e+01   5.0598599e+00
   2.9680000e+01   4.1991013e+00
   2.9700000e+01   5.1015398e+00
   2.9720000e+01   5.8474388e+00
   2.9740000e+01   6.1963648e+00
   2.9760000e+01   5.7866041e+00
   2.9780000e+01   5.8927431e+00
   2.9800000e+01   5.9208719e+00
   2.9820000e+01   4.5060754e+00
   2.9840000e+01   2.3984329e+00
   2.9860000e+01   1.6430670e-02
   2.9880000e+01  -2.4284775e+00
   2.9900000e+01  -4.9390261e+00
   2.9920000e+01  -7.1145993e+00
   2.9940000e+01  -6.9628458e+00
   2.9960000e+01  -8.5898321e+00
   2.9980000e+01  -1.0831986e+01
   3.0000000e+01  -1.3185131e+01
   3.0020000e+01  -1.4965035e+01
   3.0040000e+01  -1.5978684e+01
   3.0060000e+01  -1.5175153e+01
   3.0080000e+01  -1.2357712e+01
   3.0100000e+01  -1.0021628e+01
   3.0120000e+01  -7.2980517e+00
   3.0140000e+01  -4.8336081e+00
   3.0160000e+01  -4.7336050e+00
   3.0180000e+01  -5.5769411e+00
   3.0200000e+01  -5.7873331e+00
   3.0220000e+01  -5.8198916e+00
   3.0240000e+01  -5.3946209e+00
   3.0260000e+01  -5.4677603e+00
   3.0280000e+01  -4.2069767e+00
   3.0300000e+01  -3.1083711e+00
   3.0320000e+01  -4.5425486e+00
   3.0340000e+01  -4.0444966e+00
   3.0360000e+01  -8.6529891e-01
   3.0380000e+01   2.3799398e+00
   3.0400000e+01   3.9806757e+00
   3.0420000e+01   3.6677459e+00
   3.0440000e+01   3.3498410e+00
   3.0460000e+01   8.5590527e-01
   3.0480000e+01  -9.2094295e-01
   3.0500000e+01  -5.1304614e-01
   3.0520000e+01   3.3831806e+00
   3.0540000e+01   5.9500736e+00
   3.0560000e+01   6.6532819e+00
   3.0580000e+01   8.3888543e+00
   3.0600000e+01   8.8529905e+00
   3.0620000e+01   9.2675641e+00
   3.0640000e+01   9.1052435e+00
   3.0660000e+01   9.0166127e+00
   3.0680000e+01   9.8542440e+00
   3.0700000e+01   1.2556557e+01
   3.0720000e+01   1.5174113e+01
   3.0740000e+01   1.7880736e+01
   3.0760000e+01   1.7201818e+01
   3.0780000e+01   1.6618798e+01
   3.0800000e+01   1.4489917e+01
   3.0820000e+01   1.1599002e+01
   3.0840000e+01   8.9739763e+00
   3.0860000e+01   4.7752450e+00
   3.0880000e+01   2.1793684e+00
   3.0900000e+01  -1.8647675e+00
   3.0920000e+01  -4.8646786e+00
   3.0940000e+01  -6.0750078e+00
   3.0960000e+01  -5.7094097e+00
   3.0980000e+01  -5.7682035e+00
   3.1000000e+01  -5.5307216e+00
   3.1020000e+01  -6.2750659e+00
   3.1040000e+01  -7.0060264e+00
   3.1060000e+01  -8.3149979e+00
   3.1080000e+01  -9.7324508e+00
   3.1100000e+01  -1.0567608e+01
   3.1120000e+01  -1.0403061e+01
   3.1140000e+01  -6.6320430e+00
   3.1160000e+01  -1.6386738e+00
   3.1180000e+01   2.3425150e+00
   3.1200000e+01   2.0519864e+00
   3.1220000e+01   2.2744179e+00
   3.1240000e+01   3.3859876e+00
   3.1260000e+01   3.3267668e+00
   3.1280000e+01   2.9946578e+00
   3.1300000e+01   2.8211907e+00
   3.1320000e+01   2.9996346e+00
   3.1340000e+01   2.7054824e+00
   3.1360000e+01   2.7092623e+00
   3.1380000e+01   2.2202066e+00
   3.1400000e+01   1.8059427e+00
   3.1420000e+01  -1.7450740e+00
   3.1440000e+01  -6.7530862e+00
   3.1460000e+01  -1.0119520e+01
   3.1480000e+01  -1.2616645e+01
   3.1500000e+01  -1.2847369e+01
   3.1520000e+01  -1.3461733e+01
   3.1540000e+01  -1.3037335e+01
   3.1560000e+01  -1.1878474e+01
   3.1580000e+01  -1.0575644e+01
   3.1600000e+01  -1.0025007e+01
   3.1620000e+01  -1.1269914e+01
   3.1640000e+01  -1.1124313e+01
   3.1660000e+01  -1.1085344e+01
   3.1680000e+01  -1.1325950e+01
   3.1700000e+01  -1.1839861e+01
   3.1720000e+01  -1.4357689e+01
   3.1740000e+01  -1.5258581e+01
   3.1760000e+01  -1.5480218e+01
   3.1780000e+01  -1.3755626e+01
   3.1800000e+01  -1.1034343e+01
   3.1820000e+01  -9.1389907e+00
   3.1840000e+01  -7.1724091e+00
   3.1860000e+01  -7.7500981e+00
   3.1880000e+01  -7.2429980e+00
   3.1900000e+01  -5.1901522e+00
   3.1920000e+01  -3.4689179e+00
   3.1940000e+01  -2.7430527e+00
   3.1960000e+01  -1.1320296e+00
   3.1980000e+01  -1.0047703e+00
   3.2000000e+01  -1.9790366e+00
   3.2020000e+01  -6.2154224e-01
   3.2040000e+01   2.8307696e+00
   3.2060000e+01   5.0136216e+00
   3.2080000e+01   6.8955980e+00
   3.2100000e+01   1.0095645e+01
   3.2120000e+01   1.1996184e+01
   3.2140000e+01   1.3104021e+01
   3.2160000e+01   1.0806480e+01
   3.2180000e+01   6.5298614e+00
   3.2200000e+01   4.5560274e+00
   3.2220000e+01   5.0477142e+00
   3.2240000e+01   5.8466394e+00
   3.2260000e+01   7.0583667e+00
   3.2280000e+01   8.1789581e+00
   3.2300000e+01   8.1917199e+00
   3.2320000e+01   8.0993864e+00
   3.2340000e+01   7.0411269e+00
   3.2360000e+01   5.6707061e+00
   3.2380000e+01   5.1424884e+00
   3.2400000e+01   4.7318102e+00
   3.2420000e+01   5.9902776e+00
   3.2440000e+01   8.2183080e+00
   3.2460000e+01   1.0877690e+01
   3.2480000e+01   1.2247666e+01
   3.2500000e+01   1.0290252e+01
   3.2520000e+01   7.2699428e+00
   3.2540000e+01   5.9464454e+00
   3.2560000e+01   6.0583046e+00
   3.2580000e+01   5.7518354e+00
   3.2600000e+01   5.3203019e+00
   3.2620000e+01   3.7480764e+00
   3.2640000e+01   1.3819627e+00
   3.2660000e+01   3.2772575e-01
   3.2680000e+01   2.5830631e-01
   3.2700000e+01   7.2996920e-01
   3.2720000e+01   3.1342761e+00
   3.2740000e+01   5.2220434e+00
   3.2760000e+01   6.3118042e+00
   3.2780000e+01   6.6606857e+00
   3.2800000e+01   5.3996313e+00
   3.2820000e+01   5.5618306e+00
   3.2840000e+01   5.7004549e+00
   3.2860000e+01   5.1148480e+00
   3.2880000e+01   3.3984375e+00
   3.2900000e+01   1.1408032e+00
   3.2920000e+01   1.3966494e-01
   3.2940000e+01  -1.2596696e+00
   3.2960000e+01  -8.0135584e-01
   3.2980000e+01   1.2461359e+00
   3.3000000e+01   3.9823042e+00
   3.3020000e+01   6.9535089e+00
   3.3040000e+01   7.5377433e+00
   3.3060000e+01   5.6267025e+00
   3.3080000e+01   3.5925418e+00
   3.3100000e+01   2.7910785e+00
   3.3120000e+01   2.7916197e+00
   3.3140000e+01   2.9228199e+00
   3.3160000e+01   2.6007078e+00
   3.3180000e+01   3.1224112e+00
   3.3200000e+01   3.5977161e+00
   3.3220000e+01   4.2025414e+00
   3.3240000e+01   4.9317222e+00
   3.3260000e+01   6.2016359e+00
   3.3280000e+01   8.5040251e+00
   3.3300000e+01   8.8348330e+00
   3.3320000e+01   8.5314470e+00
   3.3340000e+01   5.4818307e+00
   3.3360000e+01   2.3381840e+00
   3.3380000e+01   1.5231392e-01
   3.3400000e+01  -2.3215677e+00
   3.3420000e+01  -2.5931761e+00
   3.3440000e+01  -3.3698560e+00
   3.3460000e+01  -4.4540198e+00
   3.3480000e+01  -6.6764325e+00
   3.3500000e+01  -8.9695889e+00
   3.3520000e+01  -1.0473432e+01
   3.3540000e+01  -1.1304602e+01
   3.3560000e+01  -1.0337644e+01
   3.3580000e+01  -8.6075034e+00
   3.3600000e+01  -7.2344524e+00
   3.3620000e+01  -6.5659302e+00
   3.3640000e+01  -5.8674310e+00
   3.3660000e+01  -3.5513933e+00
   3.3680000e+01  -5.2393695e-01
   3.3700000e+01   1.0618560e+00
   3.3720000e+01   2.3393086e+00
   3.3740000e+01   2.5987894e+00
   3.3760000e+01   1.1272752e+00
   3.3780000e+01   6.4327104e-01
   3.3800000e+01   1.2659873e+00
   3.3820000e+01   2.7066044e+00
   3.3840000e+01   2.5415789e+00
   3.3860000e+01   2.5563832e+00
   3.3880000e+01   2.6616513e+00
   3.3900000e+01   2.9155153e+00
   3.3920000e+01   3.5670910e+00
   3.3940000e+01   3.3066000e+00
   3.3960000e+01   3.5428448e+00
   3.3980000e+01   1.9534752e+00
   3.4000000e+01   2.2035167e+00
   3.4020000e+01   4.4555554e+00
   3.4040000e+01   6.4382880e+00
   3.4060000e+01   6.1183567e+00
   3.4080000e+01   4.0133011e+00
   3.4100000e+01   1.2432959e+00
   3.4120000e+01  -5.5695493e-01
   3.4140000e+01  -7.4669026e-01
   3.4160000e+01   1.8207952e-01
   3.4180000e+01   3.4203526e-01
   3.4200000e+01  -2.6987618e-01
   3.4220000e+01  -1.4848083e+00
   3.4240000e+01  -2.4145833e+00
   3.4260000e+01  -2.2942971e+00
   3.4280000e+01  -1.8630678e+00
   3.4300000e+01  -9.4297625e-01
   3.4320000e+01  -2.2343894e+00
   3.4340000e+01  -2.2983550e+00
   3.4360000e+01  -1.7371285e+00
   3.4380000e+01   7.7648478e-02
   3.4400000e+01   3.1439121e-01
   3.4420000e+01   6.8116912e-01
   3.4440000e+01   1.1839093e+00
   3.4460000e+01  -1.1492573e-01
   3.4480000e+01   7.7143898e-01
   3.4500000e+01   2.0610098e+00
   3.4520000e+01   2.4490913e+00
   3.4540000e+01   8.2177510e-01
   3.4560000e+01  -3.7171840e-01
   3.4580000e+01  -1.2481951e+00
   3.4600000e+01  -1.6026882e+00
   3.4620000e+01  -3.2942848e-01
   3.4640000e+01  -1.9446674e-01
   3.4660000e+01   1.3145597e+00
   3.4680000e+01   1.3412570e+00
   3.4700000e+01   1.0467528e+00
   3.4720000e+01   2.8578083e-01
   3.4740000e+01  -1.0099605e+00
   3.4760000e+01  -9.8815255e-01
   3.4780000e+01  -3.4458151e+00
   3.4800000e+01  -4.9126734e+00
   3.4820000e+01  -8.3494020e+00
   3.4840000e+01  -1.0154359e+01
   3.4860000e+01  -1.2548124e+01
   3.4880000e+01  -1.4862579e+01
   3.4900000e+01  -1.6567480e+01
   3.4920000e+01  -1.8797217e+01
   3.4940000e+01  -1.8970118e+01
   3.4960000e+01  -2.0277527e+01
   3.4980000e+01  -1.9870021e+01
   3.5000000e+01  -1.9021245e+01
   3.5020000e+01  -1.8030118e+01
   3.5040000e+01  -1.5422916e+01
   3.5060000e+01  -1.3019865e+01
   3.5080000e+01  -1.1329759e+01
   3.5100000e+01  -9.5724500e+00
   3.5120000e+01  -8.4508949e+00
   3.5140000e+01  -7.4405252e+00
   3.5160000e+01  -6.5371787e+00
   3.5180000e+01  -6.3966360e+00
   3.5200000e+01  -7.3545674e+00
   3.5220000e+01  -9.1453002e+00
   3.5240000e+01  -1.0526015e+01
   3.5260000e+01  -8.3689544e+00
   3.5280000e+01  -7.0539716e+00
   3.5300000e+01  -4.2681524e+00
   3.5320000e+01  -1.2121954e+00
   3.5340000e+01   1.2396441e+00
   3.5360000e+01   3.6939757e+00
   3.5380000e+01   3.2831149e+00
   3.5400000e+01   3.5449447e+00
   3.5420000e+01   4.4864076e+00
   3.5440000e+01   7.0448265e+00
   3.5460000e+01   9.0301615e+00
   3.5480000e+01   1.0579519e+01
   3.5500000e+01   1.1367294e+01
   3.5520000e+01   1.2210779e+01
   3.5540000e+01   1.3588714e+01
   3.5560000e+01   1.4670501e+01
   3.5580000e+01   1.5677271e+01
   3.5600000e+01   1.6659516e+01
   3.5620000e+01   1.5810304e+01
   3.5640000e+01   1.6710373e+01
   3.5660000e+01   1.6357722e+01
   3.5680000e+01   1.4027045e+01
   3.5700000e+01   1.1560662e+01
   3.5720000e+01   8.3087920e+00
   3.5740000e+01   6.4245823e+00
   3.5760000e+01   3.9900945e+00
   3.5780000e+01   2.9098854e+00
   3.5800000e+01   2.9824198e+00
   3.5820000e+01   2.3090101e+00
   3.5840000e+01   1.6019726e+00
   3.5860000e+01   1.6900140e+00
   3.5880000e+01   3.9266493e-01
   3.5900000e+01   4.3475364e-01
   3.5920000e+01   3.8684154e-01
   3.5940000e+01   6.5852720e-01
   3.5960000e+01   4.7047266e-01
   3.5980000e+01   3.0072714e-01
   3.6000000e+01   9.0108354e-01
   3.6020000e+01   2.0933251e+00
   3.6040000e+01   4.4097957e+00
   3.6060000e+01   7.6240732e+00
   3.6080000e+01   1.0592791e+01
   3.6100000e+01   1.1051558e+01
   3.6120000e+01   1.0209801e+01
   3.6140000e+01   8.3658592e+00
   3.6160000e+01   5.8168364e+00
   3.6180000e+01   3.9266704e+00
   3.6200000e+01   3.5565886e+00
   3.6220000e+01   4.2124863e+00
   3.6240000e+01   5.6460824e+00
   3.6260000e+01   4.2974838e+00
   3.6280000e+01   3.3554942e+00
   3.6300000e+01   2.4550466e+00
   3.6320000e+01   1.2299685e+00
   3.6340000e+01  -4.3713960e-02
   3.6360000e+01  -1.0189327e+00
   3.6380000e+01  -7.2778128e-01
   3.6400000e+01   2.7690708e-01
   3.6420000e+01   6.9698741e-01
   3.6440000e+01  -3.7231324e-01
   3.6460000e+01  -1.9140678e+00
   3.6480000e+01  -2.6518166e+00
   3.6500000e+01  -1.6373443e+00
   3.6520000e+01  -9.1876895e-02
   3.6540000e+01  -1.0196553e+00
   3.6560000e+01  -2.5126743e+00
   3.6580000e+01  -3.3309432e+00
   3.6600000e+01  -5.3806373e+00
   3.6620000e+01  -6.0665783e+00
   3.6640000e+01  -6.5283756e+00
   3.6660000e+01  -4.6676614e+00
   3.6680000e+01  -2.4251560e+00
   3.6700000e+01   8.0664727e-01
   3.6720000e+01   3.7980159e+00
   3.6740000e+01   6.1959589e+00
   3.6760000e+01   7.7146259e+00
   3.6780000e+01   7.2745041e+00
   3.6800000e+01   6.3956612e+00
   3.6820000e+01   4.2808647e+00
   3.6840000e+01   3.9894214e+00
   3.6860000e+01   3.3471344e+00
   3.6880000e+01   1.6536112e+00
   3.6900000e+01   8.2536005e-01
   3.6920000e+01  -3.6481646e-01
   3.6940000e+01  -2.2115705e+00
   3.6960000e+01  -3.2358843e+00
   3.6980000e+01  -3.3703262e+00
   3.7000000e+01  -1.9316861e+00
   3.7020000e+01  -5.2817794e-01
   3.7040000e+01   1.6681204e+00
   3.7060000e+01   2.9203957e+00
   3.7080000e+01   3.0589225e+00
   3.7100000e+01   3.6161254e+00
   3.7120000e+01   2.0571619e+00
   3.7140000e+01  -6.0087002e-01
   3.7160000e+01  -2.2851533e+00
   3.7180000e+01  -2.9853196e+00
   3.7200000e+01  -4.2861165e+00
   3.7220000e+01  -5.4908151e+00
   3.7240000e+01  -6.6247122e+00
   3.7260000e+01  -7.7560022e+00
   3.7280000e+01  -7.9371333e+00
   3.7300000e+01  -7.4315298e+00
   3.7320000e+01  -7.0212690e+00
   3.7340000e+01  -5.7791916e+00
   3.7360000e+01  -5.1399628e+00
   3.7380000e+01  -5.3063376e+00
   3.7400000e+01  -5.0117754e+00
   3.7420000e+01  -4.8271417e+00
   3.7440000e+01  -3.6497010e+00
   3.7460000e+01  -2.3289388e+00
   3.7480000e+01  -2.0063033e+00
   3.7500000e+01  -2.4629841e+00
   3.7520000e+01  -3.7586608e+00
   3.7540000e+01  -4.6988402e+00
   3.7560000e+01  -5.7187204e+00
   3.7580000e+01  -6.2004710e+00
   3.7600000e+01  -5.9551367e+00
   3.7620000e+01  -5.7234893e+00
   3.7640000e+01  -5.4146678e+00
   3.7660000e+01  -5.0295185e+00
   3.7680000e+01  -4.5469606e+00
   3.7700000e+01  -4.4015024e+00
   3.7720000e+01  -4.1108083e+00
   3.7740000e+01  -3.8133321e+00
   3.7760000e+01  -3.3933800e+00
   3.7780000e+01  -2.2739245e+00
   3.7800000e+01  -9.3895012e-01
   3.7820000e+01  -8.2554381e-01
   3.7840000e+01  -8.9787201e-01
   3.7860000e+01  -9.0977285e-01
   3.7880000e+01  -1.3699383e+00
   3.7900000e+01  -2.1602381e+00
   3.7920000e+01  -2.5882284e+00
   3.7940000e+01  -1.6505075e+00
   3.7960000e+01  -1.5024184e+00
   3.7980000e+01  -2.2886939e+00
   3.8000000e+01  -2.6253152e+00
   3.8020000e+01  -2.4101468e+00
   3.8040000e+01  -1.5150805e+00
   3.8060000e+01  -1.7358105e-01
   3.8080000e+01   1.6261979e+00
   3.8100000e+01   2.2856601e+00
   3.8120000e+01   2.8412116e+00
   3.8140000e+01   3.5141065e+00
   3.8160000e+01   3.9031050e+00
   3.8180000e+01   4.7063780e+00
   3.8200000e+01   5.2219927e+00
   3.8220000e+01   5.1060461e+00
   3.8240000e+01   4.1282877e+00
   3.8260000e+01   3.7607609e+00
   3.8280000e+01   4.2228316e+00
   3.8300000e+01   4.5807148e+00
   3.8320000e+01   4.3379294e+00
   3.8340000e+01   4.1539161e+00
   3.8360000e+01   3.2102908e+00
   3.8380000e+01   2.1937433e+00
   3.8400000e+01   2.2042092e+00
   3.8420000e+01   2.5620944e+00
   3.8440000e+01   2.9364945e+00
   3.8460000e+01   2.9325141e+00
   3.8480000e+01   2.8059008e+00
   3.8500000e+01   2.3452571e+00
   3.8520000e+01   2.2049734e+00
   3.8540000e+01   2.2022347e+00
   3.8560000e+01   2.3134197e+00
   3.8580000e+01   2.3165862e+00
   3.8600000e+01   2.0897591e+00
   3.8620000e+01   1.9077286e+00
   3.8640000e+01   1.7924731e+00
   3.8660000e+01   1.7605122e+00
   3.8680000e+01   1.7085065e+00
   3.8700000e+01   2.1009231e+00
   3.8720000e+01   2.4083848e+00
   3.8740000e+01   2.4871972e+00
   3.8760000e+01   2.3383749e+00
   3.8780000e+01   2.1325765e+00
   3.8800000e+01   2.0393912e+00
   3.8820000e+01   2.1099352e+00
   3.8840000e+01   2.1727012e+00
   3.8860000e+01   2.2554843e+00
   3.8880000e+01   2.4075695e+00
   3.8900000e+01   2.2626328e+00
   3.8920000e+01   1.9949181e+00
   3.8940000e+01   1.6282688e+00
   3.8960000e+01   1.1968444e+00
   3.8980000e+01   7.8054479e-01
   3.9000000e+01   4.2591345e-01
   3.9020000e+01   1.0522319e-01
   3.9040000e+01  -9.3249373e-02
   3.9060000e+01  -8.0996476e-02
   3.9080000e+01  -2.0960911e-01
   3.9100000e+01  -2.7926591e-01
   3.9120000e+01  -4.2848517e-01
   3.9140000e+01  -5.9865655e-01
   3.9160000e+01  -7.5874869e-01
   3.9180000e+01  -8.3718025e-01
   3.9200000e+01  -8.2413180e-01
   3.9220000e+01  -9.1079293e-01
   3.9240000e+01  -8.3255720e-01
   3.9260000e+01  -8.2701809e-01
   3.9280000e+01  -8.2776960e-01
   3.9300000e+01  -8.6378896e-01
   3.9320000e+01  -9.5264631e-01
   3.9340000e+01  -1.0773323e+00
   3.9360000e+01  -1.1198015e+00
   3.9380000e+01  -1.1100278e+00
   3.9400000e+01  -1.0727577e+00
   3.9420000e+01  -1.1075484e+00
   3.9440000e+01  -1.1094762e+00
   3.9460000e+01  -1.0829462e+00
   3.9480000e+01  -1.0430215e+00
   3.9500000e+01  -1.0527211e+00
   3.9520000e+01  -1.1076896e+00
   3.9540000e+01  -1.1294354e+00
   3.9560000e+01  -1.1323296e+00
   3.9580000e+01  -1.0989596e+00
   3.9600000e+01  -1.0206492e+00
   3.9620000e+01  -8.6985394e-01
   3.9640000e+01  -7.3001171e-01
   3.9660000e+01  -5.5687603e-01
   3.9680000e+01  -4.5639417e-01
   3.9700000e+01  -3.8445379e-01
   3.9720000e+01  -3.4634769e-01
   3.9740000e+01  -3.1357207e-01
   3.9760000e+01  -2.8612358e-01
   3.9780000e+01  -2.5186422e-01
   3.9800000e+01  -2.1198342e-01
   3.9820000e+01  -1.6598670e-01
   3.9840000e+01  -1.3253932e-01
   3.9860000e+01  -9.5374818e-02
   3.9880000e+01  -6.7858982e-02
   3.9900000e+01  -3.5009409e-02
   3.9920000e+01  -1.0439950e-02
   3.9940000e+01   1.6628592e-02
   3.9960000e+01   4.0732006e-02
   3.9980000e+01   6.3575820e-02
