   0.0000000e+00  -3.7385239e-02
   2.0000000e-02   3.1140649e-01
   4.0000000e-02  -3.2698393e-01
   6.0000000e-02  -7.7996512e-01
   8.0000000e-02  -8.2682296e-01
   1.0000000e-01  -1.4441503e+00
   1.2000000e-01  -1.3004336e+00
   1.4000000e-01  -1.3606633e+00
   1.6000000e-01  -1.3025301e+00
   1.8000000e-01  -1.1945792e+00
   2.0000000e-01   2.0858871e-01
   2.2000000e-01  -4.4519084e-01
   2.4000000e-01  -1.0356933e+00
   2.6000000e-01   1.3635272e-01
   2.8000000e-01   1.0840318e+00
   3.0000000e-01   1.9694249e+00
   3.2000000e-01   1.1207822e+00
   3.4000000e-01   1.9604345e-01
   3.6000000e-01  -6.3975851e-01
   3.8000000e-01   2.4032799e-01
   4.0000000e-01   8.8928185e-01
   4.2000000e-01   1.2641431e+00
   4.4000000e-01   1.4993053e+00
   4.6000000e-01   1.7857635e+00
   4.8000000e-01   1.8524125e+00
   5.0000000e-01   2.0742865e+00
   5.2000000e-01   2.0972212e+00
   5.4000000e-01   1.7198984e+00
   5.6000000e-01   1.4887759e+00
   5.8000000e-01   1.0663882e+00
   6.0000000e-01   8.2841983e-01
   6.2000000e-01   4.0715640e-01
   6.4000000e-01  -1.1832301e+00
   6.6000000e-01  -1.3585389e+00
   6.8000000e-01   1.8427391e-01
   7.0000000e-01  -4.7787776e-01
   7.2000000e-01  -2.1374693e-01
   7.4000000e-01  -6.0595481e-01
   7.6000000e-01  -1.0104004e+00
   7.8000000e-01  -6.8293538e-01
   8.0000000e-01  -4.2481523e-01
   8.2000000e-01  -7.6664956e-01
   8.4000000e-01  -1.5787543e+00
   8.6000000e-01  -1.4206206e+00
   8.8000000e-01   3.7507263e-01
   9.0000000e-01   1.6631717e+00
   9.2000000e-01   4.0461110e-01
   9.4000000e-01  -5.1845515e-01
   9.6000000e-01  -6.7778490e-01
   9.8000000e-01   5.9301409e-02
   1.0000000e+00   1.6922838e+00
   1.0200000e+00   1.4611003e+00
   1.0400000e+00   4.7527771e-01
   1.0600000e+00  -7.7570259e-01
   1.0800000e+00  -8.5887577e-01
   1.1000000e+00  -7.6908309e-01
   1.1200000e+00  -8.2930965e-01
   1.1400000e+00  -7.7045160e-02
   1.1600000e+00  -1.0215300e+00
   1.1800000e+00  -9.9793465e-01
   1.2000000e+00  -5.5918685e-01
   1.2200000e+00   3.9592830e-02
   1.2400000e+00  -3.8360538e-01
   1.2600000e+00  -4.2511176e-01
   1.2800000e+00   8.0290075e-01
   1.3000000e+00   2.5576906e-01
   1.3200000e+00   5.5657581e-01
   1.3400000e+00   1.6972438e+00
   1.3600000e+00   4.7051125e-02
   1.3800000e+00   1.4303416e-01
   1.4000000e+00   1.2541727e+00
   1.4200000e+00   8.3915050e-01
   1.4400000e+00  -1.0621645e+00
   1.4600000e+00  -6.0518047e-01
   1.4800000e+00   1.4501972e+00
   1.5000000e+00  -6.0786222e-01
   1.5200000e+00  -5.4096141e-01
   1.5400000e+00   2.2032074e-01
   1.5600000e+00  -3.3781143e-01
   1.5800000e+00   4.2107581e-01
   1.6000000e+00  -8.5609890e-01
   1.6200000e+00  -2.0718854e+00
   1.6400000e+00  -1.9012749e+00
   1.6600000e+00   2.7829161e-01
   1.6800000e+00   1.9322743e+00
   1.7000000e+00   7.6153439e-01
   1.7200000e+00   1.2395688e+00
   1.7400000e+00   1.6885710e-01
   1.7600000e+00  -2.4423502e-01
   1.7800000e+00   5.9899447e-01
   1.8000000e+00  -8.5982437e-01
   1.8200000e+00  -2.0114806e+00
   1.8400000e+00   2.3146338e-01
   1.8600000e+00   1.3098577e+00
   1.8800000e+00   3.7435930e-01
   1.9000000e+00  -1.2342946e+00
   1.9200000e+00  -1.6628370e+00
   1.9400000e+00   2.9079445e-01
   1.9600000e+00  -9.1870806e-02
   1.9800000e+00  -5.5096296e-02
   2.0000000e+00  -9.0869558e-01
   2.0200000e+00  -1.2971115e+00
   2.0400000e+00   6.5025311e-01
   2.0600000e+00   5.7414465e-01
   2.0800000e+00  -1.5256707e+00
   2.1000000e+00  -1.8067212e+00
   2.1200000e+00  -4.6018873e-01
   2.1400000e+00  -2.1306524e+00
   2.1600000e+00  -2.5676604e+00
   2.1800000e+00  -1.1320983e+00
   2.2000000e+00   1.8240948e-01
   2.2200000e+00   8.0989911e-01
   2.2400000e+00   2.3537844e+00
   2.2600000e+00   1.4191109e+00
   2.2800000e+00  -2.8309778e+00
   2.3000000e+00  -1.2793734e+00
   2.3200000e+00   1.8243869e+00
   2.3400000e+00   1.5892755e+00
   2.3600000e+00  -6.6386459e-01
   2.3800000e+00  -1.5442773e+00
   2.4000000e+00  -5.2282332e-01
   2.4200000e+00   5.9663383e-01
   2.4400000e+00   1.0017873e+00
   2.4600000e+00   2.6367039e-02
   2.4800000e+00  -2.2520808e+00
   2.5000000e+00  -2.2329272e+00
   2.5200000e+00  -2.7816107e-01
   2.5400000e+00   5.7012919e-02
   2.5600000e+00  -1.2405438e+00
   2.5800000e+00  -2.5117731e+00
   2.6000000e+00  -1.3691568e+00
   2.6200000e+00   8.2476170e-01
   2.6400000e+00  -4.6541861e-01
   2.6600000e+00  -1.8537442e+00
   2.6800000e+00  -1.6233800e+00
   2.7000000e+00  -6.0980842e-02
   2.7200000e+00   6.6499510e-01
   2.7400000e+00  -1.6587641e+00
   2.7600000e+00  -2.3699890e+00
   2.7800000e+00  -1.1972815e+00
   2.8000000e+00   1.1692693e+00
   2.8200000e+00   4.6424135e+00
   2.8400000e+00   6.4532025e+00
   2.8600000e+00   2.8310459e+00
   2.8800000e+00   2.6408450e-01
   2.9000000e+00  -4.2996866e-01
   2.9200000e+00  -1.5167022e+00
   2.9400000e+00  -1.8628954e+00
   2.9600000e+00  -2.5764362e+00
   2.9800000e+00  -1.9271893e+00
   3.0000000e+00   9.8600388e-01
   3.0200000e+00   1.5661719e+00
   3.0400000e+00   1.5251626e+00
   3.0600000e+00   8.7924548e-01
   3.0800000e+00   3.9722163e-01
   3.1000000e+00   2.6376584e+00
   3.1200000e+00   1.3271036e+00
   3.1400000e+00  -1.4758475e+00
   3.1600000e+00   3.3592745e-01
   3.1800000e+00   3.9140298e+00
   3.2000000e+00   2.8403940e+00
   3.2200000e+00   1.1840986e+00
   3.2400000e+00   1.4122297e+00
   3.2600000e+00   1.0318037e+00
   3.2800000e+00   3.8802165e-03
   3.3000000e+00  -7.1389497e-01
   3.3200000e+00  -1.6224748e+00
   3.3400000e+00  -1.4680842e+00
   3.3600000e+00  -1.7943491e+00
   3.3800000e+00  -5.0650336e-01
   3.4000000e+00   2.7687392e+00
   3.4200000e+00   2.5454961e+00
   3.4400000e+00   2.9030255e+00
   3.4600000e+00   1.5882594e-01
   3.4800000e+00  -2.4219444e+00
   3.5000000e+00   1.3527294e+00
   3.5200000e+00   4.0875076e+00
   3.5400000e+00   4.8225797e+00
   3.5600000e+00   4.0471384e+00
   3.5800000e+00   2.3472179e+00
   3.6000000e+00   8.6070124e-01
   3.6200000e+00   1.0634551e+00
   3.6400000e+00   5.8315474e-01
   3.6600000e+00   7.9488669e-01
   3.6800000e+00  -3.2588837e+00
   3.7000000e+00  -5.6686358e+00
   3.7200000e+00  -1.4535458e+00
   3.7400000e+00  -7.3302027e-01
   3.7600000e+00   3.7439861e-02
   3.7800000e+00  -6.3770954e-01
   3.8000000e+00  -1.1193267e+00
   3.8200000e+00  -8.2569300e-01
   3.8400000e+00   8.3506110e-01
   3.8600000e+00   7.7430450e-01
   3.8800000e+00  -6.1914426e-01
   3.9000000e+00  -2.1228630e-01
   3.9200000e+00   3.7395915e+00
   3.9400000e+00   5.5471518e+00
   3.9600000e+00   1.4765134e+00
   3.9800000e+00  -1.6131098e+00
   4.0000000e+00  -3.7906398e+00
   4.0200000e+00  -4.4154328e+00
   4.0400000e+00  -4.4631676e+00
   4.0600000e+00  -3.5318842e+00
   4.0800000e+00  -2.8147710e+00
   4.1000000e+00  -1.0490217e+00
   4.1200000e+00   8.6806932e-01
   4.1400000e+00   2.1094379e+00
   4.1600000e+00   1.6928123e+00
   4.1800000e+00   6.3386580e-01
   4.2000000e+00   4.6139328e+00
   4.2200000e+00   4.1080443e+00
   4.2400000e+00  -9.5285465e-02
   4.2600000e+00   8.4010303e-01
   4.2800000e+00   7.7754802e-01
   4.3000000e+00  -1.0923364e+00
   4.3200000e+00  -4.5293591e+00
   4.3400000e+00  -5.8267101e+00
   4.3600000e+00  -4.5121289e+00
   4.3800000e+00   5.1091754e-01
   4.4000000e+00   3.7797791e+00
   4.4200000e+00   2.2200774e+00
   4.4400000e+00   7.8616278e-01
   4.4600000e+00   1.9533389e-01
   4.4800000e+00   2.5035763e+00
   4.5000000e+00   3.1262028e+00
   4.5200000e+00   2.3538882e+00
   4.5400000e+00  -1.4676283e+00
   4.5600000e+00  -4.0169424e+00
   4.5800000e+00  -4.2580446e+00
   4.6000000e+00  -3.2058534e+00
   4.6200000e+00  -1.2404918e-02
   4.6400000e+00   8.0403968e-02
   4.6600000e+00   2.8823060e+00
   4.6800000e+00   4.6151076e+00
   4.7000000e+00  -1.5370236e+00
   4.7200000e+00  -3.9756557e+00
   4.7400000e+00   8.8947281e-01
   4.7600000e+00   6.5075891e+00
   4.7800000e+00   5.5744440e+00
   4.8000000e+00   1.1541972e+00
   4.8200000e+00  -4.1311923e+00
   4.8400000e+00  -5.3413186e+00
   4.8600000e+00  -2.6546282e+00
   4.8800000e+00  -2.0896120e+00
   4.9000000e+00  -1.1462990e+00
   4.9200000e+00  -1.0713564e+00
   4.9400000e+00   1.0234342e+00
   4.9600000e+00  -3.2236536e-01
   4.9800000e+00  -1.1445545e+00
   5.0000000e+00   1.0528082e+00
   5.0200000e+00   3.9681170e+00
   5.0400000e+00   5.1337344e+00
   5.0600000e+00   3.0133220e+00
   5.0800000e+00   7.9933228e-01
   5.1000000e+00  -4.8044238e+00
   5.1200000e+00  -8.9085838e+00
   5.1400000e+00  -5.3757012e+00
   5.1600000e+00  -1.5092692e+00
   5.1800000e+00   2.6022247e+00
   5.2000000e+00   4.5552020e+00
   5.2200000e+00   1.3683484e+00
   5.2400000e+00   1.4765717e+00
   5.2600000e+00   3.4437413e+00
   5.2800000e+00   7.9199716e+00
   5.3000000e+00   6.3065805e+00
   5.3200000e+00   1.5511825e+00
   5.3400000e+00  -1.9278444e+00
   5.3600000e+00  -1.2241523e+00
   5.3800000e+00   2.6985123e+00
   5.4000000e+00   1.9732623e+00
   5.4200000e+00  -3.2091766e+00
   5.4400000e+00  -1.1003017e+01
   5.4600000e+00  -1.1030706e+01
   5.4800000e+00  -4.6046047e+00
   5.5000000e+00   1.6810322e+00
   5.5200000e+00   9.4386454e+00
   5.5400000e+00   9.0520008e+00
   5.5600000e+00  -1.4169312e-01
   5.5800000e+00  -3.9061605e+00
   5.6000000e+00  -4.2975170e+00
   5.6200000e+00   5.3961034e-01
   5.6400000e+00   2.5793655e+00
   5.6600000e+00   3.1400331e-01
   5.6800000e+00  -2.7464371e+00
   5.7000000e+00  -4.4529469e+00
   5.7200000e+00  -1.0882099e+00
   5.7400000e+00   9.4183295e-01
   5.7600000e+00   2.9047879e+00
   5.7800000e+00   1.5433662e-01
   5.8000000e+00  -5.2977749e+00
   5.8200000e+00  -7.2925125e+00
   5.8400000e+00  -1.7474598e+00
   5.8600000e+00   1.4411586e+00
   5.8800000e+00  -3.0412917e+00
   5.9000000e+00  -3.3413319e+00
   5.9200000e+00  -2.9243615e+00
   5.9400000e+00  -2.7121025e+00
   5.9600000e+00  -2.8143588e+00
   5.9800000e+00  -1.8712155e+00
   6.0000000e+00  -1.0119774e+00
   6.0200000e+00   1.1248222e+00
   6.0400000e+00   2.4774705e+00
   6.0600000e+00   9.0367504e+00
   6.0800000e+00   2.4942994e+01
   6.1000000e+00   3.4064812e+01
   6.1200000e+00   3.8183555e+01
   6.1400000e+00   3.6904787e+01
   6.1600000e+00   2.9952380e+01
   6.1800000e+00   1.7275132e+01
   6.2000000e+00  -1.9962470e+01
   6.2200000e+00  -5.1564180e+01
   6.2400000e+00  -4.3227020e+01
   6.2600000e+00  -3.0296726e+01
   6.2800000e+00  -3.2217196e+01
   6.3000000e+00  -5.5970044e+01
   6.3200000e+00  -6.4109431e+01
   6.3400000e+00  -4.2280775e+01
   6.3600000e+00  -1.3830468e+01
   6.3800000e+00   2.0457449e+01
   6.4000000e+00   4.0730457e+01
   6.4200000e+00   4.1421518e+01
   6.4400000e+00   3.3543641e+01
   6.4600000e+00   3.4265571e+01
   6.4800000e+00   3.1631039e+01
   6.5000000e+00   1.3099493e+01
   6.5200000e+00  -4.2784463e+00
   6.5400000e+00   3.4479274e+00
   6.5600000e+00   9.3181875e+00
   6.5800000e+00  -9.5514456e-01
   6.6000000e+00  -7.3410433e+00
   6.6200000e+00  -1.5039779e+01
   6.6400000e+00  -1.6539064e+01
   6.6600000e+00  -1.6873211e+01
   6.6800000e+00  -1.7875131e+01
   6.7000000e+00  -8.1177938e+00
   6.7200000e+00   5.5221986e+00
   6.7400000e+00   1.1369128e+01
   6.7600000e+00   1.0243421e+01
   6.7800000e+00   3.5259286e+00
   6.8000000e+00   2.7120691e+00
   6.8200000e+00   1.2668115e+01
   6.8400000e+00   1.4543372e+01
   6.8600000e+00   9.7852399e+00
   6.8800000e+00  -7.9697269e+00
   6.9000000e+00  -1.6918079e+01
   6.9200000e+00  -1.3057911e+01
   6.9400000e+00  -1.8990281e+01
   6.9600000e+00  -1.3530648e+01
   6.9800000e+00   7.3433459e+00
   7.0000000e+00   2.9025427e+01
   7.0200000e+00   1.7648632e+01
   7.0400000e+00  -2.2298783e+01
   7.0600000e+00  -4.8007786e+01
   7.0800000e+00  -3.9506717e+01
   7.1000000e+00  -1.5834706e+01
   7.1200000e+00  -7.4005313e+00
   7.1400000e+00  -1.1198953e+01
   7.1600000e+00  -8.2499288e+00
   7.1800000e+00   8.9862413e+00
   7.2000000e+00   3.1443166e+01
   7.2200000e+00   2.8913103e+01
   7.2400000e+00   8.8992947e+00
   7.2600000e+00  -4.7459857e+00
   7.2800000e+00  -1.0678715e+01
   7.3000000e+00  -5.3307261e+00
   7.3200000e+00   1.3804982e+01
   7.3400000e+00   3.9731627e+01
   7.3600000e+00   5.6425095e+01
   7.3800000e+00   6.3109872e+01
   7.4000000e+00   4.5749092e+01
   7.4200000e+00   6.8860006e+00
   7.4400000e+00  -2.7578728e+01
   7.4600000e+00  -4.7534474e+01
   7.4800000e+00  -5.6040367e+01
   7.5000000e+00  -4.0596199e+01
   7.5200000e+00  -1.8448068e+01
   7.5400000e+00  -1.4455274e+01
   7.5600000e+00  -3.8720516e+00
   7.5800000e+00   5.2001171e+00
   7.6000000e+00  -2.5752136e+00
   7.6200000e+00  -5.4191439e+00
   7.6400000e+00  -2.6280003e+00
   7.6600000e+00  -3.5394076e+00
   7.6800000e+00  -7.9439344e+00
   7.7000000e+00  -3.8466480e+00
   7.7200000e+00   7.9984948e+00
   7.7400000e+00   2.3462465e+01
   7.7600000e+00   4.0993117e+01
   7.7800000e+00   5.1136431e+01
   7.8000000e+00   4.8583796e+01
   7.8200000e+00   3.1687966e+01
   7.8400000e+00  -7.8827290e+00
   7.8600000e+00  -5.4262366e+01
   7.8800000e+00  -5.8302918e+01
   7.9000000e+00  -2.4822155e+01
   7.9200000e+00   2.1193202e+01
   7.9400000e+00   5.5320587e+01
   7.9600000e+00   4.4718167e+01
   7.9800000e+00  -2.1935299e+00
   8.0000000e+00  -1.9717406e+01
   8.0200000e+00  -3.1588006e+00
   8.0400000e+00   8.0866322e+00
   8.0600000e+00   1.8350654e+01
   8.0800000e+00   1.9900297e+01
   8.1000000e+00   2.2040711e+01
   8.1200000e+00   2.7905142e+01
   8.1400000e+00   2.3326740e+01
   8.1600000e+00   1.4533346e+01
   8.1800000e+00  -8.9987734e+00
   8.2000000e+00  -3.6994125e+01
   8.2200000e+00  -3.0151398e+01
   8.2400000e+00   4.4536249e+00
   8.2600000e+00   2.1635745e+01
   8.2800000e+00   1.6741794e+01
   8.3000000e+00  -9.8170323e+00
   8.3200000e+00  -4.1479129e+01
   8.3400000e+00  -4.5367771e+01
   8.3600000e+00  -2.4120864e+01
   8.3800000e+00   3.3348086e+00
   8.4000000e+00   3.3378862e+00
   8.4200000e+00  -1.1579194e+01
   8.4400000e+00  -2.1377781e+01
   8.4600000e+00  -1.0398031e+01
   8.4800000e+00   1.0274315e+01
   8.5000000e+00   2.1090976e+01
   8.5200000e+00   1.4599938e+01
   8.5400000e+00  -6.7563828e+00
   8.5600000e+00  -7.1513262e+00
   8.5800000e+00   1.9444273e+01
   8.6000000e+00   3.7053135e+01
   8.6200000e+00   1.4573085e+01
   8.6400000e+00  -1.3630528e+01
   8.6600000e+00  -1.9187351e+01
   8.6800000e+00  -4.2438357e+00
   8.7000000e+00   6.3275748e+00
   8.7200000e+00  -2.1589352e+01
   8.7400000e+00  -5.3639762e+01
   8.7600000e+00  -7.3958245e+01
   8.7800000e+00  -8.2888870e+01
   8.8000000e+00  -6.7314257e+01
   8.8200000e+00  -4.9535098e+01
   8.8400000e+00  -2.2385305e+01
   8.8600000e+00   1.3159457e+01
   8.8800000e+00   5.9699531e+01
   8.9000000e+00   1.0180658e+02
   8.9200000e+00   9.0085098e+01
   8.9400000e+00   6.0877086e+01
   8.9600000e+00   4.3261923e+01
   8.9800000e+00   9.0525966e+00
   9.0000000e+00  -3.0778331e+01
   9.0200000e+00  -6.7836362e+01
   9.0400000e+00  -7.5442732e+01
   9.0600000e+00  -4.6089521e+01
   9.0800000e+00  -1.1127240e+01
   9.1000000e+00  -6.6266836e+00
   9.1200000e+00  -3.8777785e+01
   9.1400000e+00  -4.8851277e+01
   9.1600000e+00  -1.6630401e+01
   9.1800000e+00   2.1429502e+01
   9.2000000e+00   3.6215764e+01
   9.2200000e+00   3.1841958e+01
   9.2400000e+00   7.5797224e+00
   9.2600000e+00   1.5247663e+01
   9.2800000e+00   1.6988082e+01
   9.3000000e+00  -1.2084126e+01
   9.3200000e+00   7.4848978e+00
   9.3400000e+00   5.8507168e+01
   9.3600000e+00   9.7186304e+01
   9.3800000e+00   9.4911027e+01
   9.4000000e+00   5.8410524e+01
   9.4200000e+00   1.3552868e+01
   9.4400000e+00   3.3810754e+00
   9.4600000e+00  -1.5046675e+01
   9.4800000e+00  -5.1075590e+01
   9.5000000e+00  -2.8791030e+01
   9.5200000e+00  -6.3195947e+00
   9.5400000e+00  -3.5582221e+00
   9.5600000e+00   1.2861431e+01
   9.5800000e+00   2.7265831e+01
   9.6000000e+00   3.8834565e+01
   9.6200000e+00   3.9043110e+01
   9.6400000e+00  -1.5855604e+01
   9.6600000e+00  -1.0024859e+02
   9.6800000e+00  -1.3558243e+02
   9.7000000e+00  -1.0942912e+02
   9.7200000e+00  -2.2869667e+01
   9.7400000e+00   5.3398251e+01
   9.7600000e+00   5.6574437e+01
   9.7800000e+00   3.1080642e+01
   9.8000000e+00   1.9994162e+01
   9.8200000e+00   4.3530854e+01
   9.8400000e+00   7.4527072e+01
   9.8600000e+00   7.4659915e+01
   9.8800000e+00   3.4965973e+01
   9.9000000e+00  -2.0047569e+01
   9.9200000e+00  -5.9718741e+01
   9.9400000e+00  -7.7238168e+01
   9.9600000e+00  -6.0463947e+01
   9.9800000e+00  -2.3353435e+01
   1.0000000e+01   2.0103255e+00
   1.0020000e+01  -3.2993602e+00
   1.0040000e+01  -2.3933364e+01
   1.0060000e+01  -2.4651362e+01
   1.0080000e+01  -1.3844522e+01
   1.0100000e+01   4.2964268e+00
   1.0120000e+01   1.9027474e+01
   1.0140000e+01  -3.8380586e+00
   1.0160000e+01  -2.0137369e+01
   1.0180000e+01   3.8285731e+00
   1.0200000e+01   3.5284150e+01
   1.0220000e+01   2.5331563e+01
   1.0240000e+01  -5.4645477e+00
   1.0260000e+01  -4.6062726e+00
   1.0280000e+01   7.6290672e+00
   1.0300000e+01   2.1745578e+01
   1.0320000e+01   2.2242728e+01
   1.0340000e+01   1.3619066e+01
   1.0360000e+01   2.5142954e+01
   1.0380000e+01   4.2659914e+01
   1.0400000e+01   4.0179385e+01
   1.0420000e+01   2.1965012e+00
   1.0440000e+01  -5.9233695e+01
   1.0460000e+01  -9.1108336e+01
   1.0480000e+01  -5.7465802e+01
   1.0500000e+01  -8.5596522e+00
   1.0520000e+01   9.8545046e+00
   1.0540000e+01   2.1316227e+01
   1.0560000e+01   2.4182892e+01
   1.0580000e+01   1.4577759e+01
   1.0600000e+01   1.4579991e+01
   1.0620000e+01   2.4213290e+01
   1.0640000e+01   3.0269259e+01
   1.0660000e+01   2.3933373e+01
   1.0680000e+01  -1.2197704e+01
   1.0700000e+01  -4.8667185e+01
   1.0720000e+01  -4.7816515e+01
   1.0740000e+01  -3.8360423e+01
   1.0760000e+01  -1.8717409e+01
   1.0780000e+01   2.3550333e+00
   1.0800000e+01   1.5918512e+01
   1.0820000e+01   2.9180849e+01
   1.0840000e+01   3.0877071e+01
   1.0860000e+01   1.0888817e+01
   1.0880000e+01  -3.0890365e+01
   1.0900000e+01  -3.8179377e+01
   1.0920000e+01   3.9145115e+00
   1.0940000e+01   5.1209991e+01
   1.0960000e+01   6.6525270e+01
   1.0980000e+01   4.6481219e+01
   1.1000000e+01   3.5367106e+01
   1.1020000e+01   2.6073654e+01
   1.1040000e+01  -2.2346466e+00
   1.1060000e+01  -2.6780894e+01
   1.1080000e+01  -2.6745006e+01
   1.1100000e+01  -1.8429638e+01
   1.1120000e+01  -2.6130043e+01
   1.1140000e+01  -4.0747953e+01
   1.1160000e+01  -4.0167116e+01
   1.1180000e+01  -4.0317242e+01
   1.1200000e+01  -5.8229987e+01
   1.1220000e+01  -5.4433980e+01
   1.1240000e+01  -2.5029011e+01
   1.1260000e+01   2.7917059e+01
   1.1280000e+01   8.8001907e+01
   1.1300000e+01   1.1026579e+02
   1.1320000e+01   1.0582493e+02
   1.1340000e+01   9.4830209e+01
   1.1360000e+01   6.9850779e+01
   1.1380000e+01   3.5875058e+01
   1.1400000e+01  -1.8369581e+00
   1.1420000e+01  -2.9997860e+01
   1.1440000e+01  -2.8259016e+01
   1.1460000e+01   1.6770893e+00
   1.1480000e+01   2.8815301e+01
   1.1500000e+01   9.8556320e+00
   1.1520000e+01  -5.5394600e+01
   1.1540000e+01  -1.4268084e+02
   1.1560000e+01  -2.0458504e+02
   1.1580000e+01  -2.0238397e+02
   1.1600000e+01  -1.6175871e+02
   1.1620000e+01  -1.0149826e+02
   1.1640000e+01  -4.6717226e+01
   1.1660000e+01  -2.2901275e+00
   1.1680000e+01   3.2957063e+01
   1.1700000e+01   3.2531306e+01
   1.1720000e+01   2.9343510e+01
   1.1740000e+01   3.0219755e+01
   1.1760000e+01   4.8766864e+01
   1.1780000e+01   6.2599686e+01
   1.1800000e+01   3.2807804e+01
   1.1820000e+01   2.0978917e+01
   1.1840000e+01   5.4978686e+01
   1.1860000e+01   8.9987999e+01
   1.1880000e+01   8.2509796e+01
   1.1900000e+01   4.3083074e+00
   1.1920000e+01  -9.0979961e+01
   1.1940000e+01  -1.1861734e+02
   1.1960000e+01  -6.7596424e+01
   1.1980000e+01   3.4320202e+01
   1.2000000e+01   9.1318119e+01
   1.2020000e+01   8.8033608e+01
   1.2040000e+01   7.9833309e+01
   1.2060000e+01   8.2496075e+01
   1.2080000e+01   9.5604337e+01
   1.2100000e+01   8.0793348e+01
   1.2120000e+01   3.5567932e+01
   1.2140000e+01  -7.3145830e+00
   1.2160000e+01  -3.5506530e+01
   1.2180000e+01  -4.7385279e+01
   1.2200000e+01  -5.4176724e+01
   1.2220000e+01  -5.7933886e+01
   1.2240000e+01  -5.0439730e+01
   1.2260000e+01  -1.3929636e+01
   1.2280000e+01   3.2753224e+01
   1.2300000e+01   4.1442574e+01
   1.2320000e+01   1.1146144e+01
   1.2340000e+01  -4.7801073e+01
   1.2360000e+01  -8.8510687e+01
   1.2380000e+01  -9.2350829e+01
   1.2400000e+01  -5.8720511e+01
   1.2420000e+01  -2.0100609e+00
   1.2440000e+01   3.8385023e+01
   1.2460000e+01   5.8138484e+01
   1.2480000e+01   7.3967196e+01
   1.2500000e+01   9.1508738e+01
   1.2520000e+01   9.0856605e+01
   1.2540000e+01   7.9871983e+01
   1.2560000e+01   6.2735867e+01
   1.2580000e+01   4.2789666e+01
   1.2600000e+01   2.9444034e+01
   1.2620000e+01   2.1302585e+01
   1.2640000e+01  -3.6245121e-01
   1.2660000e+01  -2.8579752e+01
   1.2680000e+01  -3.9848212e+01
   1.2700000e+01  -3.3066307e+01
   1.2720000e+01  -3.2531506e+00
   1.2740000e+01   2.2105003e+01
   1.2760000e+01   2.3820434e+01
   1.2780000e+01   3.8915194e+00
   1.2800000e+01  -3.7186533e+01
   1.2820000e+01  -7.1059345e+01
   1.2840000e+01  -8.7849124e+01
   1.2860000e+01  -6.1481003e+01
   1.2880000e+01  -9.6288134e+00
   1.2900000e+01   1.3578430e+01
   1.2920000e+01   1.4274878e+01
   1.2940000e+01   1.3922751e+01
   1.2960000e+01   2.1272389e+01
   1.2980000e+01   4.1004082e+01
   1.3000000e+01   6.2009688e+01
   1.3020000e+01   5.7943665e+01
   1.3040000e+01   1.7641931e+01
   1.3060000e+01  -2.3941432e+01
   1.3080000e+01  -1.0331846e+01
   1.3100000e+01   1.7434190e+01
   1.3120000e+01  -1.2975364e+00
   1.3140000e+01  -2.9963928e+01
   1.3160000e+01  -1.4839639e+01
   1.3180000e+01   1.3097377e+01
   1.3200000e+01   2.3151547e+01
   1.3220000e+01   2.2934199e+01
   1.3240000e+01   7.0153642e+00
   1.3260000e+01  -7.5914928e+00
   1.3280000e+01  -5.6753382e+00
   1.3300000e+01  -2.4484538e+01
   1.3320000e+01  -4.4533562e+01
   1.3340000e+01  -3.5622769e+01
   1.3360000e+01  -3.1731991e+01
   1.3380000e+01  -1.7824849e+01
   1.3400000e+01   6.9749662e+00
   1.3420000e+01   1.2562979e+01
   1.3440000e+01   1.5316005e+01
   1.3460000e+01   1.5663677e+01
   1.3480000e+01  -9.4716235e-01
   1.3500000e+01  -2.2945231e+01
   1.3520000e+01  -3.4205177e+01
   1.3540000e+01  -3.7935298e+01
   1.3560000e+01  -3.9140813e+01
   1.3580000e+01  -1.7086638e+01
   1.3600000e+01  -1.0688768e+01
   1.3620000e+01  -3.2304090e+01
   1.3640000e+01  -2.9842111e+01
   1.3660000e+01   6.6458363e+00
   1.3680000e+01   3.0985400e+01
   1.3700000e+01   2.4457686e+01
   1.3720000e+01   9.3812966e+00
   1.3740000e+01  -1.8822178e+01
   1.3760000e+01  -5.4397377e+01
   1.3780000e+01  -8.2374730e+01
   1.3800000e+01  -9.3923617e+01
   1.3820000e+01  -1.0509008e+02
   1.3840000e+01  -1.1285499e+02
   1.3860000e+01  -1.0760669e+02
   1.3880000e+01  -7.0982551e+01
   1.3900000e+01   4.2041455e+00
   1.3920000e+01   6.0488130e+01
   1.3940000e+01   8.3859083e+01
   1.3960000e+01   5.5752661e+01
   1.3980000e+01  -6.7634023e-02
   1.4000000e+01  -3.2314544e+01
   1.4020000e+01  -4.5777614e+01
   1.4040000e+01  -3.0188379e+01
   1.4060000e+01   1.3292902e+01
   1.4080000e+01   4.8784919e+01
   1.4100000e+01   5.8181279e+01
   1.4120000e+01   5.5469931e+01
   1.4140000e+01   4.2054732e+01
   1.4160000e+01   4.0973590e+01
   1.4180000e+01   5.9972864e+01
   1.4200000e+01   7.6059813e+01
   1.4220000e+01   7.4993253e+01
   1.4240000e+01   5.9704041e+01
   1.4260000e+01   3.9041008e+01
   1.4280000e+01   3.2349682e+01
   1.4300000e+01   3.1438938e+01
   1.4320000e+01   2.8504805e+01
   1.4340000e+01   3.1450195e+01
   1.4360000e+01   3.3333095e+01
   1.4380000e+01   4.1780653e+01
   1.4400000e+01   4.2793487e+01
   1.4420000e+01   8.3362627e+00
   1.4440000e+01  -4.6046443e+01
   1.4460000e+01  -7.0067874e+01
   1.4480000e+01  -5.9896153e+01
   1.4500000e+01  -3.5653246e+01
   1.4520000e+01  -1.7497863e+01
   1.4540000e+01  -2.2999028e+01
   1.4560000e+01  -4.2003712e+01
   1.4580000e+01  -4.0815620e+01
   1.4600000e+01  -2.3165718e+01
   1.4620000e+01  -7.4693506e+00
   1.4640000e+01   4.8859112e+00
   1.4660000e+01   1.3594133e+01
   1.4680000e+01   2.0799983e+01
   1.4700000e+01   2.5209972e+01
   1.4720000e+01   4.0851384e+01
   1.4740000e+01   6.5032926e+01
   1.4760000e+01   5.7549629e+01
   1.4780000e+01   1.4497048e+01
   1.4800000e+01  -3.5612323e+01
   1.4820000e+01  -7.1636483e+01
   1.4840000e+01  -6.7077625e+01
   1.4860000e+01  -4.6501608e+01
   1.4880000e+01  -2.1589152e+01
   1.4900000e+01   3.5455153e+00
   1.4920000e+01   2.1652238e+00
   1.4940000e+01  -1.4653942e+00
   1.4960000e+01   1.2282111e+01
   1.4980000e+01   1.6107818e+01
   1.5000000e+01   3.5689309e+00
   1.5020000e+01  -8.1788474e+00
   1.5040000e+01  -4.6908873e+00
   1.5060000e+01   8.0735162e+00
   1.5080000e+01   1.7801329e+01
   1.5100000e+01   3.0045620e+01
   1.5120000e+01   4.1349777e+01
   1.5140000e+01   3.7190808e+01
   1.5160000e+01   2.6617419e+01
   1.5180000e+01   9.7022152e+00
   1.5200000e+01  -1.2678973e+01
   1.5220000e+01  -1.3556831e+01
   1.5240000e+01  -1.5907564e+01
   1.5260000e+01  -3.6217683e+01
   1.5280000e+01  -5.3051835e+01
   1.5300000e+01  -4.7918072e+01
   1.5320000e+01  -3.9465967e+01
   1.5340000e+01  -3.0731980e+01
   1.5360000e+01   1.6648644e+00
   1.5380000e+01   3.0032433e+01
   1.5400000e+01   3.3181768e+01
   1.5420000e+01   2.0725592e+01
   1.5440000e+01   4.4041016e+00
   1.5460000e+01   4.3252086e+00
   1.5480000e+01   1.5568255e+01
   1.5500000e+01   4.4409887e+01
   1.5520000e+01   7.6568818e+01
   1.5540000e+01   8.1437302e+01
   1.5560000e+01   6.2489414e+01
   1.5580000e+01   3.7959721e+01
   1.5600000e+01   3.2680406e+01
   1.5620000e+01   2.3519066e+01
   1.5640000e+01  -4.2628336e+00
   1.5660000e+01  -1.9568361e+01
   1.5680000e+01  -1.3470705e+01
   1.5700000e+01  -1.5475165e+01
   1.5720000e+01  -2.4074456e+01
   1.5740000e+01  -3.7105397e+01
   1.5760000e+01  -4.2863629e+01
   1.5780000e+01  -3.8081077e+01
   1.5800000e+01  -3.6831533e+01
   1.5820000e+01  -2.4119251e+01
   1.5840000e+01  -3.4332421e+00
   1.5860000e+01   2.1413928e+00
   1.5880000e+01   9.1588275e-01
   1.5900000e+01   4.2614464e+00
   1.5920000e+01  -3.2764751e+00
   1.5940000e+01  -1.5372500e+01
   1.5960000e+01  -1.9502130e+01
   1.5980000e+01  -2.3476872e+01
   1.6000000e+01  -2.9829269e+01
   1.6020000e+01  -2.8726264e+01
   1.6040000e+01  -1.7334645e+01
   1.6060000e+01   1.1992501e+01
   1.6080000e+01   2.1378996e+01
   1.6100000e+01  -2.4067440e+00
   1.6120000e+01  -1.7189126e+01
   1.6140000e+01  -1.4087589e+01
   1.6160000e+01   1.0014399e+01
   1.6180000e+01   2.7590212e+01
   1.6200000e+01   1.7139989e+01
   1.6220000e+01  -2.4245200e+01
   1.6240000e+01  -7.4234787e+01
   1.6260000e+01  -6.8897962e+01
   1.6280000e+01  -3.0365772e+01
   1.6300000e+01   1.8695215e+01
   1.6320000e+01   5.6873949e+01
   1.6340000e+01   6.0664737e+01
   1.6360000e+01   4.5777514e+01
   1.6380000e+01   3.1803295e+01
   1.6400000e+01   3.2019498e+01
   1.6420000e+01   2.9849602e+01
   1.6440000e+01   2.7351232e+01
   1.6460000e+01   3.7838222e+00
   1.6480000e+01  -2.9522860e+01
   1.6500000e+01  -5.0831626e+01
   1.6520000e+01  -6.7554824e+01
   1.6540000e+01  -6.2858910e+01
   1.6560000e+01  -3.2899575e+01
   1.6580000e+01  -3.7723590e+00
   1.6600000e+01   1.9236822e+01
   1.6620000e+01   3.7653961e+01
   1.6640000e+01   5.0782879e+01
   1.6660000e+01   4.8977518e+01
   1.6680000e+01   1.1393279e+01
   1.6700000e+01  -2.8253792e+01
   1.6720000e+01  -4.4391660e+01
   1.6740000e+01  -4.1561052e+01
   1.6760000e+01  -1.6245883e+01
   1.6780000e+01   6.8249319e+00
   1.6800000e+01   1.4463013e+01
   1.6820000e+01   5.3046646e+00
   1.6840000e+01  -1.7877906e+01
   1.6860000e+01  -2.4222116e+01
   1.6880000e+01  -1.9260529e+01
   1.6900000e+01  -8.9436419e+00
   1.6920000e+01  -3.9731098e+00
   1.6940000e+01  -5.0035922e+00
   1.6960000e+01   1.3402969e+00
   1.6980000e+01   5.6290691e+00
   1.7000000e+01   8.6679452e+00
   1.7020000e+01   7.6807561e-01
   1.7040000e+01  -1.2315462e+01
   1.7060000e+01  -1.3803998e+01
   1.7080000e+01   1.0037949e+00
   1.7100000e+01   1.8542903e+01
   1.7120000e+01   2.0130088e+01
   1.7140000e+01   1.3292590e+01
   1.7160000e+01   6.3757943e+00
   1.7180000e+01   6.4339789e-01
   1.7200000e+01  -1.8242454e+00
   1.7220000e+01  -1.2102567e+00
   1.7240000e+01  -6.5411652e-01
   1.7260000e+01  -2.5589429e+00
   1.7280000e+01   4.5491950e+00
   1.7300000e+01   1.8772442e+01
   1.7320000e+01   2.2738204e+01
   1.7340000e+01   1.7444367e+01
   1.7360000e+01   9.0331025e+00
   1.7380000e+01   4.2699476e+00
   1.7400000e+01   5.8586000e+00
   1.7420000e+01   1.9319332e+01
   1.7440000e+01   3.9511152e+01
   1.7460000e+01   4.7592730e+01
   1.7480000e+01   5.1231940e+01
   1.7500000e+01   4.4952069e+01
   1.7520000e+01   3.1730261e+01
   1.7540000e+01   2.0710589e+01
   1.7560000e+01  -8.1988143e-01
   1.7580000e+01  -5.7203090e+00
   1.7600000e+01  -9.0266834e+00
   1.7620000e+01  -2.3084114e+01
   1.7640000e+01  -2.5721942e+01
   1.7660000e+01  -2.6523077e+01
   1.7680000e+01  -2.3364746e+01
   1.7700000e+01  -1.3627704e+01
   1.7720000e+01   1.3006233e+01
   1.7740000e+01   3.5683032e+01
   1.7760000e+01   3.8801040e+01
   1.7780000e+01   3.5561214e+01
   1.7800000e+01   3.1292688e+01
   1.7820000e+01   3.5592338e+01
   1.7840000e+01   5.1619239e+01
   1.7860000e+01   6.3507319e+01
   1.7880000e+01   5.2346255e+01
   1.7900000e+01   2.1516353e+01
   1.7920000e+01   2.8992569e+00
   1.7940000e+01  -1.0215923e+00
   1.7960000e+01  -1.4306723e+01
   1.7980000e+01  -3.1091927e+01
   1.8000000e+01  -3.5206214e+01
   1.8020000e+01  -2.9199776e+01
   1.8040000e+01  -3.2134400e+01
   1.8060000e+01  -3.6535199e+01
   1.8080000e+01  -4.0673332e+01
   1.8100000e+01  -5.0427378e+01
   1.8120000e+01  -5.8035421e+01
   1.8140000e+01  -5.9779794e+01
   1.8160000e+01  -4.7176793e+01
   1.8180000e+01  -2.1698908e+01
   1.8200000e+01  -1.3399894e+01
   1.8220000e+01  -1.2564799e+01
   1.8240000e+01  -1.1315276e+01
   1.8260000e+01  -9.1603680e+00
   1.8280000e+01  -2.3500414e-01
   1.8300000e+01   1.3593490e+01
   1.8320000e+01   2.6646517e+01
   1.8340000e+01   2.3849378e+01
   1.8360000e+01   2.2175998e+01
   1.8380000e+01   2.5116412e+01
   1.8400000e+01   1.3528180e+01
   1.8420000e+01  -2.9100623e+01
   1.8440000e+01  -5.8412358e+01
   1.8460000e+01  -5.7245219e+01
   1.8480000e+01  -4.0892498e+01
   1.8500000e+01  -9.7156763e+00
   1.8520000e+01   1.0666741e+01
   1.8540000e+01   1.1059359e+01
   1.8560000e+01   5.9246870e+00
   1.8580000e+01   5.8157772e-01
   1.8600000e+01  -3.2936755e+00
   1.8620000e+01  -4.2353807e+00
   1.8640000e+01  -1.1898787e+01
   1.8660000e+01  -1.8665047e+01
   1.8680000e+01  -1.4569631e+01
   1.8700000e+01  -1.2047294e+00
   1.8720000e+01   5.6992789e+00
   1.8740000e+01   5.4048736e-01
   1.8760000e+01  -8.8617744e+00
   1.8780000e+01  -1.1257691e+01
   1.8800000e+01  -1.3361608e+01
   1.8820000e+01  -1.8390049e+01
   1.8840000e+01  -1.9961462e+01
   1.8860000e+01  -2.2125096e+01
   1.8880000e+01  -1.7219891e+01
   1.8900000e+01   1.1299907e+01
   1.8920000e+01   4.2359932e+01
   1.8940000e+01   4.3184538e+01
   1.8960000e+01   3.2538291e+01
   1.8980000e+01   1.8401206e+01
   1.9000000e+01   1.4856092e+00
   1.9020000e+01  -7.5885821e+00
   1.9040000e+01  -1.3691144e+01
   1.9060000e+01  -3.2223759e+01
   1.9080000e+01  -4.6064649e+01
   1.9100000e+01  -4.0877229e+01
   1.9120000e+01  -2.7082715e+01
   1.9140000e+01  -1.7530048e+01
   1.9160000e+01  -1.9793872e+01
   1.9180000e+01  -1.6651687e+01
   1.9200000e+01  -4.8382472e+00
   1.9220000e+01   9.2028096e+00
   1.9240000e+01   2.0482416e+01
   1.9260000e+01   3.0805435e+01
   1.9280000e+01   3.5203621e+01
   1.9300000e+01   3.9273760e+01
   1.9320000e+01   4.3551713e+01
   1.9340000e+01   3.6733672e+01
   1.9360000e+01   2.8041824e+01
   1.9380000e+01   2.5958546e+01
   1.9400000e+01   2.8478046e+01
   1.9420000e+01   2.8556176e+01
   1.9440000e+01   1.8153815e+01
   1.9460000e+01   1.6050147e-01
   1.9480000e+01  -1.0399534e+01
   1.9500000e+01  -1.2021693e+01
   1.9520000e+01  -7.1191836e+00
   1.9540000e+01  -3.6704703e+00
   1.9560000e+01  -9.0023754e+00
   1.9580000e+01  -1.1359580e+01
   1.9600000e+01  -4.4411389e+00
   1.9620000e+01   4.2117615e-01
   1.9640000e+01   6.0673890e+00
   1.9660000e+01   1.3815718e+01
   1.9680000e+01   1.5908963e+01
   1.9700000e+01   1.8116481e+01
   1.9720000e+01   1.9927580e+01
   1.9740000e+01   1.4865236e+01
   1.9760000e+01   5.1624152e+00
   1.9780000e+01  -1.3709621e+00
   1.9800000e+01  -1.9602598e+00
   1.9820000e+01  -4.9459892e+00
   1.9840000e+01  -1.3411225e+01
   1.9860000e+01  -1.3968207e+01
   1.9880000e+01  -6.0222062e+00
   1.9900000e+01  -1.8548770e+00
   1.9920000e+01  -2.3298213e-02
   1.9940000e+01   6.5845529e+00
   1.9960000e+01   1.4108927e+01
   1.9980000e+01   2.0293873e+01
   2.0000000e+01   2.5259509e+01
   2.0020000e+01   2.1583514e+01
   2.0040000e+01   1.2426312e+01
   2.0060000e+01   5.2537793e+00
   2.0080000e+01  -1.9258816e+00
   2.0100000e+01  -6.8088776e+00
   2.0120000e+01  -1.0173580e+01
   2.0140000e+01  -1.5665457e+01
   2.0160000e+01  -1.7840660e+01
   2.0180000e+01  -1.5568105e+01
   2.0200000e+01  -7.1855117e+00
   2.0220000e+01   1.3732222e+00
   2.0240000e+01   1.7748165e+00
   2.0260000e+01  -4.9353091e-01
   2.0280000e+01  -4.6547720e+00
   2.0300000e+01  -7.5571858e+00
   2.0320000e+01  -7.0175392e+00
   2.0340000e+01  -4.8789983e+00
   2.0360000e+01  -7.6129454e+00
   2.0380000e+01  -1.1027613e+01
   2.0400000e+01  -7.1019712e+00
   2.0420000e+01  -4.9079316e+00
   2.0440000e+01  -1.3475541e+00
   2.0460000e+01   4.2866796e+00
   2.0480000e+01   5.7313688e+00
   2.0500000e+01   8.9292763e+00
   2.0520000e+01   1.4661285e+01
   2.0540000e+01   1.5658261e+01
   2.0560000e+01   9.3971957e+00
   2.0580000e+01   4.6354470e+00
   2.0600000e+01   1.0315626e+01
   2.0620000e+01   1.3794498e+01
   2.0640000e+01   6.3399854e+00
   2.0660000e+01  -4.9631197e+00
   2.0680000e+01  -1.1404461e+01
   2.0700000e+01  -1.2822151e+01
   2.0720000e+01  -1.5423740e+01
   2.0740000e+01  -2.1116356e+01
   2.0760000e+01  -2.8366224e+01
   2.0780000e+01  -3.1394002e+01
   2.0800000e+01  -2.8175585e+01
   2.0820000e+01  -1.5693229e+01
   2.0840000e+01   1.1379910e+01
   2.0860000e+01   3.1444916e+01
   2.0880000e+01   2.7457282e+01
   2.0900000e+01   1.3816928e+01
   2.0920000e+01   3.3064787e+00
   2.0940000e+01   5.3620927e+00
   2.0960000e+01   1.3082890e+01
   2.0980000e+01   1.9798610e+01
   2.1000000e+01   1.5410216e+01
   2.1020000e+01  -7.0270580e-01
   2.1040000e+01  -1.2067405e+01
   2.1060000e+01  -1.1378978e+01
   2.1080000e+01  -6.8286374e+00
   2.1100000e+01  -1.0550327e+01
   2.1120000e+01  -1.6836248e+01
   2.1140000e+01  -1.8611184e+01
   2.1160000e+01  -1.3456750e+01
   2.1180000e+01  -2.0721229e+00
   2.1200000e+01   1.0992368e+01
   2.1220000e+01   1.3913853e+01
   2.1240000e+01   1.1638381e+01
   2.1260000e+01   1.3321365e+01
   2.1280000e+01   1.9731325e+01
   2.1300000e+01   2.6208118e+01
   2.1320000e+01   2.4167534e+01
   2.1340000e+01   1.7944656e+01
   2.1360000e+01   1.0841775e+01
   2.1380000e+01   2.6826538e+00
   2.1400000e+01  -6.6233423e+00
   2.1420000e+01  -1.5021071e+01
   2.1440000e+01  -1.6231154e+01
   2.1460000e+01  -1.3058614e+01
   2.1480000e+01  -1.1941446e+01
   2.1500000e+01  -1.2548757e+01
   2.1520000e+01  -1.3745503e+01
   2.1540000e+01  -1.5461160e+01
   2.1560000e+01  -1.6290123e+01
   2.1580000e+01  -1.5013976e+01
   2.1600000e+01  -1.4298618e+01
   2.1620000e+01  -1.4963097e+01
   2.1640000e+01  -2.2277297e+01
   2.1660000e+01  -3.2050026e+01
   2.1680000e+01  -3.5044181e+01
   2.1700000e+01  -2.7942582e+01
   2.1720000e+01  -1.4231819e+01
   2.1740000e+01  -4.1307758e+00
   2.1760000e+01   1.3527035e+00
   2.1780000e+01   3.1291855e+00
   2.1800000e+01   6.1317021e+00
   2.1820000e+01   1.0650461e+01
   2.1840000e+01   1.7808712e+01
   2.1860000e+01   2.3735259e+01
   2.1880000e+01   2.7674315e+01
   2.1900000e+01   3.1509485e+01
   2.1920000e+01   3.1914414e+01
   2.1940000e+01   2.2867112e+01
   2.1960000e+01   3.5129778e+00
   2.1980000e+01  -1.0937720e+01
   2.2000000e+01  -1.9112813e+01
   2.2020000e+01  -2.0417422e+01
   2.2040000e+01  -1.9829930e+01
   2.2060000e+01  -1.7559424e+01
   2.2080000e+01  -1.4039426e+01
   2.2100000e+01  -1.3425822e+01
   2.2120000e+01  -1.1361407e+01
   2.2140000e+01  -5.4166003e+00
   2.2160000e+01   1.9332209e-01
   2.2180000e+01   2.8157685e+00
   2.2200000e+01   5.8241760e+00
   2.2220000e+01   4.9454862e+00
   2.2240000e+01   2.2622485e+00
   2.2260000e+01  -1.7076731e+00
   2.2280000e+01  -3.3751022e-01
   2.2300000e+01   6.0991443e+00
   2.2320000e+01   8.6771007e+00
   2.2340000e+01   1.0013563e+01
   2.2360000e+01   1.2750803e+01
   2.2380000e+01   1.6590724e+01
   2.2400000e+01   1.8215818e+01
   2.2420000e+01   1.7328570e+01
   2.2440000e+01   1.5354101e+01
   2.2460000e+01   1.1665706e+01
   2.2480000e+01   7.6565916e+00
   2.2500000e+01   8.0873960e+00
   2.2520000e+01   1.0176378e+01
   2.2540000e+01   8.7335278e+00
   2.2560000e+01   2.8706939e+00
   2.2580000e+01  -5.6574288e+00
   2.2600000e+01  -1.3026051e+01
   2.2620000e+01  -1.6945461e+01
   2.2640000e+01  -1.5508876e+01
   2.2660000e+01  -9.5834476e+00
   2.2680000e+01  -1.2990663e+00
   2.2700000e+01   2.3586789e+00
   2.2720000e+01  -3.9788107e+00
   2.2740000e+01  -1.3232551e+01
   2.2760000e+01  -1.7821886e+01
   2.2780000e+01  -1.4765932e+01
   2.2800000e+01  -1.3250489e+00
   2.2820000e+01   1.3396830e+01
   2.2840000e+01   1.9022675e+01
   2.2860000e+01   1.9314530e+01
   2.2880000e+01   1.5265182e+01
   2.2900000e+01   8.4893301e+00
   2.2920000e+01   6.6500252e+00
   2.2940000e+01   5.9908718e+00
   2.2960000e+01   3.1510907e+00
   2.2980000e+01  -5.0964128e-02
   2.3000000e+01  -2.7663741e+00
   2.3020000e+01  -7.4463297e-01
   2.3040000e+01   8.4780229e+00
   2.3060000e+01   1.6006433e+01
   2.3080000e+01   1.2142705e+01
   2.3100000e+01  -6.6526891e+00
   2.3120000e+01  -2.3938828e+01
   2.3140000e+01  -2.8287253e+01
   2.3160000e+01  -2.1476129e+01
   2.3180000e+01  -3.3108789e+00
   2.3200000e+01   7.9668348e+00
   2.3220000e+01   1.1944920e+01
   2.3240000e+01   1.3367783e+01
   2.3260000e+01   1.6870942e+01
   2.3280000e+01   1.5447868e+01
   2.3300000e+01   8.2968353e+00
   2.3320000e+01   6.5205448e+00
   2.3340000e+01   1.0053965e+01
   2.3360000e+01   1.2854004e+01
   2.3380000e+01   9.4515817e+00
   2.3400000e+01   7.8306939e+00
   2.3420000e+01   1.4780260e+01
   2.3440000e+01   2.3964090e+01
   2.3460000e+01   2.0859527e+01
   2.3480000e+01   7.5167412e+00
   2.3500000e+01  -5.2502326e+00
   2.3520000e+01  -9.3090403e+00
   2.3540000e+01  -7.5588000e+00
   2.3560000e+01  -1.4022358e+00
   2.3580000e+01   8.9235871e-01
   2.3600000e+01   1.6830685e+00
   2.3620000e+01   5.0268169e+00
   2.3640000e+01   1.0490897e+01
   2.3660000e+01   1.0764414e+01
   2.3680000e+01   7.1510258e+00
   2.3700000e+01   3.7467751e+00
   2.3720000e+01  -1.1901739e+01
   2.3740000e+01  -2.7693016e+01
   2.3760000e+01  -3.2624583e+01
   2.3780000e+01  -3.1040674e+01
   2.3800000e+01  -2.4696793e+01
   2.3820000e+01  -1.6386910e+01
   2.3840000e+01  -1.3350493e+01
   2.3860000e+01  -1.3686428e+01
   2.3880000e+01  -1.8191702e+01
   2.3900000e+01  -2.2146187e+01
   2.3920000e+01  -2.0924229e+01
   2.3940000e+01  -1.4216411e+01
   2.3960000e+01  -7.1698238e+00
   2.3980000e+01  -4.4259257e+00
   2.4000000e+01  -4.7321944e+00
   2.4020000e+01  -6.7280392e+00
   2.4040000e+01  -1.0288097e+01
   2.4060000e+01  -6.3061210e+00
   2.4080000e+01   8.9705988e+00
   2.4100000e+01   1.5965549e+01
   2.4120000e+01   8.6255993e+00
   2.4140000e+01  -7.0409373e-01
   2.4160000e+01  -1.8350937e+00
   2.4180000e+01   3.4778385e+00
   2.4200000e+01   9.2854721e+00
   2.4220000e+01   1.3177901e+01
   2.4240000e+01   1.7266982e+01
   2.4260000e+01   1.8664639e+01
   2.4280000e+01   1.7348434e+01
   2.4300000e+01   1.3355215e+01
   2.4320000e+01   8.4457715e+00
   2.4340000e+01   7.0969088e+00
   2.4360000e+01   6.1767892e+00
   2.4380000e+01   1.0788588e+00
   2.4400000e+01  -4.2298640e+00
   2.4420000e+01  -7.6869551e+00
   2.4440000e+01  -8.1476559e+00
   2.4460000e+01  -2.8205602e+00
   2.4480000e+01  -3.3903497e+00
   2.4500000e+01  -1.1436978e+01
   2.4520000e+01  -1.8081689e+01
   2.4540000e+01  -2.0256837e+01
   2.4560000e+01  -2.0015767e+01
   2.4580000e+01  -1.5314537e+01
   2.4600000e+01  -6.4555164e+00
   2.4620000e+01  -2.1272706e+00
   2.4640000e+01  -4.7121628e+00
   2.4660000e+01  -8.1560780e+00
   2.4680000e+01  -7.6939866e+00
   2.4700000e+01  -3.9585069e+00
   2.4720000e+01   3.3646017e+00
   2.4740000e+01   8.7794054e+00
   2.4760000e+01   1.0725703e+01
   2.4780000e+01   9.7654211e+00
   2.4800000e+01   8.3117100e+00
   2.4820000e+01   1.1020686e+01
   2.4840000e+01   9.8778509e+00
   2.4860000e+01   5.3430785e+00
   2.4880000e+01   6.0824936e+00
   2.4900000e+01   8.5197799e+00
   2.4920000e+01   5.6871043e+00
   2.4940000e+01   1.0650917e+00
   2.4960000e+01  -1.7123276e+00
   2.4980000e+01  -4.2147015e+00
   2.5000000e+01  -1.4658860e+00
   2.5020000e+01   3.7443158e+00
   2.5040000e+01   6.0174968e+00
   2.5060000e+01   3.9054545e+00
   2.5080000e+01   1.6132842e-01
   2.5100000e+01   3.0614063e+00
   2.5120000e+01   8.0612458e+00
   2.5140000e+01   7.7259178e+00
   2.5160000e+01   2.0883423e+00
   2.5180000e+01   6.6262636e-01
   2.5200000e+01   4.9650742e+00
   2.5220000e+01   9.6976890e+00
   2.5240000e+01   1.2838330e+01
   2.5260000e+01   1.1843681e+01
   2.5280000e+01   8.1776085e+00
   2.5300000e+01   6.9331184e+00
   2.5320000e+01   7.8910976e+00
   2.5340000e+01   5.2103126e+00
   2.5360000e+01  -2.2695334e+00
   2.5380000e+01  -7.7642042e+00
   2.5400000e+01  -8.8218469e+00
   2.5420000e+01  -1.0807079e+01
   2.5440000e+01  -1.5653442e+01
   2.5460000e+01  -1.6630766e+01
   2.5480000e+01  -8.1793168e+00
   2.5500000e+01   4.3828081e+00
   2.5520000e+01   1.8051408e+01
   2.5540000e+01   2.5703911e+01
   2.5560000e+01   2.4126063e+01
   2.5580000e+01   1.9864518e+01
   2.5600000e+01   1.3990547e+01
   2.5620000e+01   7.6057978e+00
   2.5640000e+01   3.3034639e+00
   2.5660000e+01   2.7199110e-01
   2.5680000e+01  -2.9464674e+00
   2.5700000e+01  -3.7367264e+00
   2.5720000e+01   1.3558058e+00
   2.5740000e+01   7.4495608e+00
   2.5760000e+01   1.1187100e+01
   2.5780000e+01   9.2737159e+00
   2.5800000e+01   2.2681380e+00
   2.5820000e+01  -6.1423638e+00
   2.5840000e+01  -1.1700247e+01
   2.5860000e+01  -1.4326437e+01
   2.5880000e+01  -1.5024416e+01
   2.5900000e+01  -1.2523474e+01
   2.5920000e+01  -1.0989690e+01
   2.5940000e+01  -1.0271795e+01
   2.5960000e+01  -8.2292173e+00
   2.5980000e+01  -7.5818495e+00
   2.6000000e+01  -8.2682389e+00
   2.6020000e+01  -8.1644947e+00
   2.6040000e+01  -1.3447382e+01
   2.6060000e+01  -1.7942657e+01
   2.6080000e+01  -1.7175504e+01
   2.6100000e+01  -1.7286707e+01
   2.6120000e+01  -1.9260208e+01
   2.6140000e+01  -2.1295850e+01
   2.6160000e+01  -2.4638305e+01
   2.6180000e+01  -2.5594679e+01
   2.6200000e+01  -2.3813221e+01
   2.6220000e+01  -1.9504426e+01
   2.6240000e+01  -1.2752169e+01
   2.6260000e+01  -8.5894764e+00
   2.6280000e+01  -4.2286000e+00
   2.6300000e+01  -1.1905814e-01
   2.6320000e+01   2.9761920e+00
   2.6340000e+01   4.5921313e+00
   2.6360000e+01   4.8764865e+00
   2.6380000e+01   9.1043455e+00
   2.6400000e+01   1.4655235e+01
   2.6420000e+01   1.8941056e+01
   2.6440000e+01   2.2612872e+01
   2.6460000e+01   2.2344168e+01
   2.6480000e+01   1.9916749e+01
   2.6500000e+01   1.4544259e+01
   2.6520000e+01   6.0951986e+00
   2.6540000e+01  -3.2658529e+00
   2.6560000e+01  -7.3759485e+00
   2.6580000e+01  -4.9622742e+00
   2.6600000e+01  -2.8828488e+00
   2.6620000e+01  -2.1052135e+00
   2.6640000e+01   1.0431110e-01
   2.6660000e+01   5.3632738e+00
   2.6680000e+01   8.1819481e+00
   2.6700000e+01   4.6935756e+00
   2.6720000e+01   4.5033075e-01
   2.6740000e+01  -4.3680938e+00
   2.6760000e+01  -8.7187631e+00
   2.6780000e+01  -7.6864388e+00
   2.6800000e+01  -8.0911057e-01
   2.6820000e+01   4.0959074e+00
   2.6840000e+01   3.8375414e+00
   2.6860000e+01   2.7016009e+00
   2.6880000e+01   1.0548916e-01
   2.6900000e+01  -6.0218168e-02
   2.6920000e+01   1.2726563e+00
   2.6940000e+01   4.4653189e+00
   2.6960000e+01   1.0207109e+01
   2.6980000e+01   1.3509337e+01
   2.7000000e+01   1.2986976e+01
   2.7020000e+01   1.2408851e+01
   2.7040000e+01   1.4016129e+01
   2.7060000e+01   1.4425801e+01
   2.7080000e+01   1.2963960e+01
   2.7100000e+01   1.3348795e+01
   2.7120000e+01   1.5259638e+01
   2.7140000e+01   1.5942800e+01
   2.7160000e+01   1.8373919e+01
   2.7180000e+01   2.6351893e+01
   2.7200000e+01   3.3389767e+01
   2.7220000e+01   3.5181696e+01
   2.7240000e+01   3.2819197e+01
   2.7260000e+01   2.5530182e+01
   2.7280000e+01   1.4735696e+01
   2.7300000e+01   4.3229859e+00
   2.7320000e+01  -1.8838087e+00
   2.7340000e+01  -7.3730853e+00
   2.7360000e+01  -1.2803219e+01
   2.7380000e+01  -1.6073416e+01
   2.7400000e+01  -1.8591959e+01
   2.7420000e+01  -2.1413990e+01
   2.7440000e+01  -2.2374606e+01
   2.7460000e+01  -1.9132982e+01
   2.7480000e+01  -1.8356641e+01
   2.7500000e+01  -2.2716228e+01
   2.7520000e+01  -2.8033018e+01
   2.7540000e+01  -3.0633722e+01
   2.7560000e+01  -2.5480429e+01
   2.7580000e+01  -1.1967196e+01
   2.7600000e+01   3.7128025e+00
   2.7620000e+01   9.7850939e+00
   2.7640000e+01   8.8272232e+00
   2.7660000e+01   6.5557673e+00
   2.7680000e+01   3.1674681e+00
   2.7700000e+01  -2.7332311e-01
   2.7720000e+01  -1.2502593e+00
   2.7740000e+01   2.2615658e+00
   2.7760000e+01   6.1396147e+00
   2.7780000e+01   8.3723054e+00
   2.7800000e+01   7.1542175e+00
   2.7820000e+01   5.5017903e+00
   2.7840000e+01   6.8541096e+00
   2.7860000e+01   8.1458261e+00
   2.7880000e+01   4.6658907e+00
   2.7900000e+01  -6.3661298e+00
   2.7920000e+01  -1.3779001e+01
   2.7940000e+01  -1.5137159e+01
   2.7960000e+01  -1.8221241e+01
   2.7980000e+01  -2.0886738e+01
   2.8000000e+01  -2.4321822e+01
   2.8020000e+01  -2.6332523e+01
   2.8040000e+01  -2.8902577e+01
   2.8060000e+01  -2.9128784e+01
   2.8080000e+01  -2.8074665e+01
   2.8100000e+01  -2.7356015e+01
   2.8120000e+01  -2.3074761e+01
   2.8140000e+01  -1.5654861e+01
   2.8160000e+01  -8.0086124e+00
   2.8180000e+01  -1.0873946e+00
   2.8200000e+01   5.4269867e+00
   2.8220000e+01   9.5920280e+00
   2.8240000e+01   1.1977218e+01
   2.8260000e+01   1.1593408e+01
   2.8280000e+01   1.1415037e+01
   2.8300000e+01   1.2460668e+01
   2.8320000e+01   1.3148199e+01
   2.8340000e+01   1.3445875e+01
   2.8360000e+01   1.3700913e+01
   2.8380000e+01   1.0366723e+01
   2.8400000e+01   6.6410305e+00
   2.8420000e+01   1.3012170e+00
   2.8440000e+01  -3.7590794e+00
   2.8460000e+01  -5.5833964e+00
   2.8480000e+01  -8.0743500e+00
   2.8500000e+01  -1.4031345e+01
   2.8520000e+01  -1.9243625e+01
   2.8540000e+01  -2.0525469e+01
   2.8560000e+01  -1.5385363e+01
   2.8580000e+01  -5.4125959e+00
   2.8600000e+01   4.3438532e-01
   2.8620000e+01   6.1711538e+00
   2.8640000e+01   1.1366809e+01
   2.8660000e+01   1.7754811e+01
   2.8680000e+01   2.3033310e+01
   2.8700000e+01   2.0816399e+01
   2.8720000e+01   1.4559072e+01
   2.8740000e+01   5.9902966e+00
   2.8760000e+01  -1.1221213e+00
   2.8780000e+01  -2.8008855e+00
   2.8800000e+01  -2.4558620e+00
   2.8820000e+01  -1.2463028e+00
   2.8840000e+01   6.5657202e-01
   2.8860000e+01   3.8641060e+00
   2.8880000e+01   7.4824571e+00
   2.8900000e+01   9.5679966e+00
   2.8920000e+01   9.1424001e+00
   2.8940000e+01   4.5259477e+00
   2.8960000e+01   3.6414030e-01
   2.8980000e+01  -3.4722077e-01
   2.9000000e+01   1.2797849e-01
   2.9020000e+01   1.9073202e+00
   2.9040000e+01   3.3979056e+00
   2.9060000e+01   7.5728041e+00
   2.9080000e+01   1.3937418e+01
   2.9100000e+01   1.6744365e+01
   2.9120000e+01   1.8700822e+01
   2.9140000e+01   1.8926314e+01
   2.9160000e+01   1.4763885e+01
   2.9180000e+01   8.2900530e+00
   2.9200000e+01  -9.9435296e-01
   2.9220000e+01  -7.9574681e+00
   2.9240000e+01  -5.9791557e+00
   2.9260000e+01  -2.7867299e+00
   2.9280000e+01  -8.7792402e-01
   2.9300000e+01  -3.0727315e+00
   2.9320000e+01  -9.4504074e+00
   2.9340000e+01  -1.5840839e+01
   2.9360000e+01  -1.8755011e+01
   2.9380000e+01  -1.6644916e+01
   2.9400000e+01  -1.3616276e+01
   2.9420000e+01  -1.0504197e+01
   2.9440000e+01  -7.2539072e+00
   2.9460000e+01  -4.4353997e+00
   2.9480000e+01  -8.0198497e-01
   2.9500000e+01   7.4047385e-01
   2.9520000e+01  -4.6009747e-01
   2.9540000e+01  -9.6479205e-01
   2.9560000e+01   2.7456980e-01
   2.9580000e+01   7.7432375e+00
   2.9600000e+01   1.5817856e+01
   2.9620000e+01   1.9525228e+01
   2.9640000e+01   1.8338036e+01
   2.9660000e+01   1.4894507e+01
   2.9680000e+01   1.0865986e+01
   2.9700000e+01   7.8568953e+00
   2.9720000e+01   4.4407386e+00
   2.9740000e+01   6.8560882e-01
   2.9760000e+01  -2.4118456e+00
   2.9780000e+01  -5.3552328e+00
   2.9800000e+01  -6.2646537e+00
   2.9820000e+01  -7.2722207e+00
   2.9840000e+01  -6.2394520e+00
   2.9860000e+01  -4.1688565e+00
   2.9880000e+01  -1.3378345e+00
   2.9900000e+01   3.1768434e-01
   2.9920000e+01  -5.6482749e-01
   2.9940000e+01  -3.3300560e+00
   2.9960000e+01  -6.9738618e+00
   2.9980000e+01  -7.9128858e+00
   3.0000000e+01  -3.8002914e+00
   3.0020000e+01  -4.0780627e-01
   3.0040000e+01   2.5615763e+00
   3.0060000e+01   4.7765385e+00
   3.0080000e+01   4.2609724e+00
   3.0100000e+01   5.1167706e+00
   3.0120000e+01   3.1391987e+00
   3.0140000e+01   1.4832467e+00
   3.0160000e+01   4.1587060e+00
   3.0180000e+01   5.6934004e+00
   3.0200000e+01   2.1847187e+00
   3.0220000e+01  -3.3333915e+00
   3.0240000e+01  -5.8765095e+00
   3.0260000e+01  -9.6750677e-01
   3.0280000e+01   7.4974401e+00
   3.0300000e+01   1.3983977e+01
   3.0320000e+01   1.5622213e+01
   3.0340000e+01   1.4345978e+01
   3.0360000e+01   1.4012386e+01
   3.0380000e+01   1.2550797e+01
   3.0400000e+01   7.8867989e+00
   3.0420000e+01   1.4345725e+00
   3.0440000e+01  -9.7504889e-01
   3.0460000e+01   1.5996920e+00
   3.0480000e+01   4.2174754e+00
   3.0500000e+01   5.2329201e+00
   3.0520000e+01   4.7350692e+00
   3.0540000e+01   2.9598610e+00
   3.0560000e+01   2.5792202e+00
   3.0580000e+01   1.7774992e+00
   3.0600000e+01   7.0886253e-01
   3.0620000e+01  -1.5885939e+00
   3.0640000e+01  -5.5379406e+00
   3.0660000e+01  -8.0876078e+00
   3.0680000e+01  -8.9342573e+00
   3.0700000e+01  -9.3998968e+00
   3.0720000e+01  -9.0930083e+00
   3.0740000e+01  -1.0108086e+01
   3.0760000e+01  -9.5022585e+00
   3.0780000e+01  -6.4980810e+00
   3.0800000e+01  -4.0403956e+00
   3.0820000e+01  -4.3689906e-01
   3.0840000e+01   2.2981056e+00
   3.0860000e+01   2.9669796e+00
   3.0880000e+01   7.8050338e-01
   3.0900000e+01  -4.3842111e-01
   3.0920000e+01   7.7887438e-01
   3.0940000e+01   2.4791521e+00
   3.0960000e+01   1.4897123e+00
   3.0980000e+01   4.0372115e+00
   3.1000000e+01   8.1049568e+00
   3.1020000e+01   8.1429477e+00
   3.1040000e+01   7.4124807e+00
   3.1060000e+01   4.8998762e+00
   3.1080000e+01   1.8860425e+00
   3.1100000e+01  -1.0886020e+00
   3.1120000e+01  -1.7196825e+00
   3.1140000e+01  -1.1379846e+00
   3.1160000e+01  -2.4788194e+00
   3.1180000e+01  -4.8084084e+00
   3.1200000e+01  -4.1172261e+00
   3.1220000e+01  -5.0237252e+00
   3.1240000e+01  -6.5215730e+00
   3.1260000e+01  -7.8711832e+00
   3.1280000e+01  -1.0612754e+01
   3.1300000e+01  -1.4224677e+01
   3.1320000e+01  -1.8112526e+01
   3.1340000e+01  -1.8023789e+01
   3.1360000e+01  -1.8680966e+01
   3.1380000e+01  -1.8591468e+01
   3.1400000e+01  -1.6199412e+01
   3.1420000e+01  -1.2297195e+01
   3.1440000e+01  -8.2606372e+00
   3.1460000e+01  -5.6062544e+00
   3.1480000e+01  -3.0199958e+00
   3.1500000e+01  -1.7466198e+00
   3.1520000e+01  -1.4210475e+00
   3.1540000e+01  -1.9254628e+00
   3.1560000e+01  -4.6623276e+00
   3.1580000e+01  -6.0727492e+00
   3.1600000e+01  -5.5751233e+00
   3.1620000e+01  -3.9659816e+00
   3.1640000e+01  -1.6204935e+00
   3.1660000e+01  -1.2789025e+00
   3.1680000e+01  -2.0638857e+00
   3.1700000e+01  -2.5238853e+00
   3.1720000e+01  -3.4483285e-01
   3.1740000e+01   1.1649216e+00
   3.1760000e+01   1.5196157e+00
   3.1780000e+01   3.9324355e+00
   3.1800000e+01   7.4252830e+00
   3.1820000e+01   9.9577897e+00
   3.1840000e+01   1.0983456e+01
   3.1860000e+01   8.3335676e+00
   3.1880000e+01   3.0133000e+00
   3.1900000e+01  -2.0154989e-01
   3.1920000e+01  -2.5686967e-01
   3.1940000e+01   7.3806890e-01
   3.1960000e+01  -2.3111772e-01
   3.1980000e+01  -2.3750714e+00
   3.2000000e+01  -3.6628672e+00
   3.2020000e+01  -3.1753016e+00
   3.2040000e+01  -3.6517695e+00
   3.2060000e+01  -2.3850513e+00
   3.2080000e+01   8.0775332e-01
   3.2100000e+01   3.1824958e+00
   3.2120000e+01   4.5396413e+00
   3.2140000e+01   6.0345545e+00
   3.2160000e+01   6.2770710e+00
   3.2180000e+01   6.1854949e+00
   3.2200000e+01   8.0591529e+00
   3.2220000e+01   8.6799511e+00
   3.2240000e+01   8.3892128e+00
   3.2260000e+01   4.0411494e+00
   3.2280000e+01   6.9325611e-01
   3.2300000e+01  -2.1524349e+00
   3.2320000e+01  -4.8284162e+00
   3.2340000e+01  -5.0618060e+00
   3.2360000e+01  -5.4444729e+00
   3.2380000e+01  -4.6580461e+00
   3.2400000e+01  -4.5144598e-01
   3.2420000e+01   4.0011766e+00
   3.2440000e+01   5.0731796e+00
   3.2460000e+01   6.9516188e+00
   3.2480000e+01   1.0942565e+01
   3.2500000e+01   1.7832969e+01
   3.2520000e+01   2.3770517e+01
   3.2540000e+01   2.7759608e+01
   3.2560000e+01   2.8772538e+01
   3.2580000e+01   3.1854574e+01
   3.2600000e+01   3.1782228e+01
   3.2620000e+01   2.4516413e+01
   3.2640000e+01   1.9367524e+01
   3.2660000e+01   1.6331840e+01
   3.2680000e+01   1.3543758e+01
   3.2700000e+01   7.7770367e+00
   3.2720000e+01  -2.3773557e-01
   3.2740000e+01  -6.0609001e+00
   3.2760000e+01  -1.0237866e+01
   3.2780000e+01  -1.6140678e+01
   3.2800000e+01  -1.9985989e+01
   3.2820000e+01  -2.4797624e+01
   3.2840000e+01  -2.9193224e+01
   3.2860000e+01  -3.3741520e+01
   3.2880000e+01  -3.6894875e+01
   3.2900000e+01  -3.3454422e+01
   3.2920000e+01  -2.7723309e+01
   3.2940000e+01  -2.0055614e+01
   3.2960000e+01  -1.3578774e+01
   3.2980000e+01  -7.3332739e+00
   3.3000000e+01  -2.5862969e+00
   3.3020000e+01  -1.5896325e+00
   3.3040000e+01  -1.6112558e+00
   3.3060000e+01   9.1018703e-01
   3.3080000e+01   4.8436066e+00
   3.3100000e+01   7.1807982e+00
   3.3120000e+01   8.6354589e+00
   3.3140000e+01   1.0389768e+01
   3.3160000e+01   1.0179746e+01
   3.3180000e+01   8.9627866e+00
   3.3200000e+01   8.4511397e+00
   3.3220000e+01   5.8252530e+00
   3.3240000e+01   4.0975248e+00
   3.3260000e+01   1.7275638e+00
   3.3280000e+01   7.2824774e-01
   3.3300000e+01   1.3607788e+00
   3.3320000e+01   2.4637360e-01
   3.3340000e+01  -1.7052733e-01
   3.3360000e+01  -1.5700504e+00
   3.3380000e+01  -1.3418869e+00
   3.3400000e+01   8.3302882e-01
   3.3420000e+01   1.0066803e+00
   3.3440000e+01   1.0152671e+00
   3.3460000e+01   2.2096428e+00
   3.3480000e+01   3.3002011e+00
   3.3500000e+01   4.2979694e+00
   3.3520000e+01   3.2743007e+00
   3.3540000e+01   2.8619792e+00
   3.3560000e+01   1.3425985e+00
   3.3580000e+01  -9.9791796e-01
   3.3600000e+01  -8.4185449e-01
   3.3620000e+01  -1.0366115e+00
   3.3640000e+01  -1.6038060e+00
   3.3660000e+01  -2.5336682e+00
   3.3680000e+01  -1.0619214e+00
   3.3700000e+01  -2.9688163e-01
   3.3720000e+01   2.1886384e+00
   3.3740000e+01   5.4762833e+00
   3.3760000e+01   8.4707664e+00
   3.3780000e+01   9.4657895e+00
   3.3800000e+01   7.1909165e+00
   3.3820000e+01   2.7973764e+00
   3.3840000e+01  -4.1552573e+00
   3.3860000e+01  -7.4968117e+00
   3.3880000e+01  -7.8857586e+00
   3.3900000e+01  -7.6252116e+00
   3.3920000e+01  -5.5697184e+00
   3.3940000e+01  -1.2474993e+00
   3.3960000e+01   2.5386233e-01
   3.3980000e+01   8.3548791e-01
   3.4000000e+01   2.4152193e-01
   3.4020000e+01  -1.1536065e+00
   3.4040000e+01  -5.2231701e+00
   3.4060000e+01  -1.2249075e+01
   3.4080000e+01  -1.5866330e+01
   3.4100000e+01  -1.8326344e+01
   3.4120000e+01  -1.8856086e+01
   3.4140000e+01  -1.7912012e+01
   3.4160000e+01  -1.8010680e+01
   3.4180000e+01  -1.6982857e+01
   3.4200000e+01  -1.4980338e+01
   3.4220000e+01  -1.5538668e+01
   3.4240000e+01  -1.6771730e+01
   3.4260000e+01  -1.7652979e+01
   3.4280000e+01  -1.8807038e+01
   3.4300000e+01  -1.6332962e+01
   3.4320000e+01  -1.0943990e+01
   3.4340000e+01  -3.4897331e+00
   3.4360000e+01   3.0142946e+00
   3.4380000e+01   6.8263021e+00
   3.4400000e+01   9.3092536e+00
   3.4420000e+01   9.7186869e+00
   3.4440000e+01   1.0958007e+01
   3.4460000e+01   1.1623933e+01
   3.4480000e+01   1.0693832e+01
   3.4500000e+01   8.8893090e+00
   3.4520000e+01   8.3005590e+00
   3.4540000e+01   1.0005089e+01
   3.4560000e+01   1.0240754e+01
   3.4580000e+01   1.3084942e+01
   3.4600000e+01   1.4991701e+01
   3.4620000e+01   1.3579505e+01
   3.4640000e+01   1.2082695e+01
   3.4660000e+01   1.0662457e+01
   3.4680000e+01   1.0875088e+01
   3.4700000e+01   1.3147830e+01
   3.4720000e+01   1.7043518e+01
   3.4740000e+01   2.0707294e+01
   3.4760000e+01   2.0804071e+01
   3.4780000e+01   1.6735493e+01
   3.4800000e+01   1.4191971e+01
   3.4820000e+01   8.7782103e+00
   3.4840000e+01   2.7506392e+00
   3.4860000e+01  -3.2153882e+00
   3.4880000e+01  -9.3533132e+00
   3.4900000e+01  -1.3350595e+01
   3.4920000e+01  -1.3217452e+01
   3.4940000e+01  -1.0928965e+01
   3.4960000e+01  -9.7394424e+00
   3.4980000e+01  -1.0308519e+01
   3.5000000e+01  -1.1339765e+01
   3.5020000e+01  -1.0154688e+01
   3.5040000e+01  -9.4450949e+00
   3.5060000e+01  -9.6251111e+00
   3.5080000e+01  -8.6728757e+00
   3.5100000e+01  -5.6539813e+00
   3.5120000e+01  -2.0466701e+00
   3.5140000e+01   3.0832264e+00
   3.5160000e+01   6.2407162e+00
   3.5180000e+01   8.3140152e+00
   3.5200000e+01   7.9072187e+00
   3.5220000e+01   6.2689617e+00
   3.5240000e+01   2.6821575e+00
   3.5260000e+01   1.6935186e+00
   3.5280000e+01   5.1830566e-01
   3.5300000e+01  -9.6303247e-01
   3.5320000e+01   2.1700246e-01
   3.5340000e+01  -4.1718025e-01
   3.5360000e+01  -1.1290670e+00
   3.5380000e+01  -2.5143723e+00
   3.5400000e+01  -1.4614152e+00
   3.5420000e+01  -1.1479685e+00
   3.5440000e+01  -4.6800377e-01
   3.5460000e+01   4.1075413e-01
   3.5480000e+01   5.4492429e-01
   3.5500000e+01   1.0125135e+00
   3.5520000e+01   1.3789171e+00
   3.5540000e+01   3.4493903e+00
   3.5560000e+01   4.1904549e+00
   3.5580000e+01   5.3539801e+00
   3.5600000e+01   6.9617015e+00
   3.5620000e+01   6.2425155e+00
   3.5640000e+01   6.3717703e+00
   3.5660000e+01   5.4677501e+00
   3.5680000e+01   5.3823712e+00
   3.5700000e+01   4.8761164e+00
   3.5720000e+01   5.4953205e+00
   3.5740000e+01   6.5541996e+00
   3.5760000e+01   4.2895081e+00
   3.5780000e+01   6.4427825e+00
   3.5800000e+01   1.0898642e+01
   3.5820000e+01   1.2886142e+01
   3.5840000e+01   1.3129275e+01
   3.5860000e+01   1.1680675e+01
   3.5880000e+01   1.0786381e+01
   3.5900000e+01   9.9246840e+00
   3.5920000e+01   7.8278066e+00
   3.5940000e+01   6.3742474e+00
   3.5960000e+01   5.4224541e+00
   3.5980000e+01   4.7924181e+00
   3.6000000e+01   6.7498133e+00
   3.6020000e+01   5.5634150e+00
   3.6040000e+01   2.1441257e+00
   3.6060000e+01   1.5083165e+00
   3.6080000e+01   1.2975436e+00
   3.6100000e+01   2.5340064e+00
   3.6120000e+01   3.1364033e+00
   3.6140000e+01   3.1108984e+00
   3.6160000e+01   5.0973833e-01
   3.6180000e+01  -5.6295213e-01
   3.6200000e+01  -7.5329840e-01
   3.6220000e+01  -2.3442486e+00
   3.6240000e+01  -4.4491530e+00
   3.6260000e+01  -5.6497306e+00
   3.6280000e+01  -5.3621166e+00
   3.6300000e+01  -5.1290804e+00
   3.6320000e+01  -2.3248156e+00
   3.6340000e+01  -2.4045013e+00
   3.6360000e+01  -5.0848806e+00
   3.6380000e+01  -9.4992516e+00
   3.6400000e+01  -1.2861553e+01
   3.6420000e+01  -1.4996603e+01
   3.6440000e+01  -1.7708259e+01
   3.6460000e+01  -1.9786778e+01
   3.6480000e+01  -2.1631459e+01
   3.6500000e+01  -2.1891102e+01
   3.6520000e+01  -1.7735888e+01
   3.6540000e+01  -1.2195929e+01
   3.6560000e+01  -9.6442295e+00
   3.6580000e+01  -8.5588684e+00
   3.6600000e+01  -9.4917937e+00
   3.6620000e+01  -1.0206291e+01
   3.6640000e+01  -1.0014087e+01
   3.6660000e+01  -7.6292756e+00
   3.6680000e+01  -3.6351128e+00
   3.6700000e+01  -2.6585253e+00
   3.6720000e+01  -4.6318196e+00
   3.6740000e+01  -6.9817469e+00
   3.6760000e+01  -8.8866634e+00
   3.6780000e+01  -9.0822907e+00
   3.6800000e+01  -5.6731326e+00
   3.6820000e+01  -2.3029567e+00
   3.6840000e+01  -1.1060078e+00
   3.6860000e+01  -5.1474153e-02
   3.6880000e+01   3.0012515e-01
   3.6900000e+01   1.5586525e+00
   3.6920000e+01   3.8964326e+00
   3.6940000e+01   5.3085416e+00
   3.6960000e+01   6.1174947e+00
   3.6980000e+01   6.5013773e+00
   3.7000000e+01   8.5190430e+00
   3.7020000e+01   1.0930114e+01
   3.7040000e+01   1.1518928e+01
   3.7060000e+01   1.0908829e+01
   3.7080000e+01   1.1458150e+01
   3.7100000e+01   1.1275105e+01
   3.7120000e+01   9.9904666e+00
   3.7140000e+01   9.3928249e+00
   3.7160000e+01   9.6779755e+00
   3.7180000e+01   9.4794472e+00
   3.7200000e+01   6.7717553e+00
   3.7220000e+01   6.1342210e+00
   3.7240000e+01   5.3988055e+00
   3.7260000e+01   6.9326355e+00
   3.7280000e+01   7.6215427e+00
   3.7300000e+01   6.0919569e+00
   3.7320000e+01   5.2069000e+00
   3.7340000e+01   2.6480151e+00
   3.7360000e+01   1.5967590e+00
   3.7380000e+01   1.9577484e+00
   3.7400000e+01   1.8617151e+00
   3.7420000e+01   9.6380005e-03
   3.7440000e+01  -1.7904059e+00
   3.7460000e+01  -3.6729928e+00
   3.7480000e+01  -4.5870019e+00
   3.7500000e+01  -4.3816695e+00
   3.7520000e+01  -2.9915698e+00
   3.7540000e+01  -1.5323744e+00
   3.7560000e+01  -1.1208069e+00
   3.7580000e+01  -7.3723712e-02
   3.7600000e+01   1.3369538e+00
   3.7620000e+01   6.8635545e-01
   3.7640000e+01  -1.4582923e+00
   3.7660000e+01  -3.4340154e+00
   3.7680000e+01  -4.0234360e+00
   3.7700000e+01  -3.5724036e+00
   3.7720000e+01  -3.4181855e+00
   3.7740000e+01  -3.0095585e+00
   3.7760000e+01  -2.6123104e+00
   3.7780000e+01  -2.9477945e+00
   3.7800000e+01  -2.2721352e+00
   3.7820000e+01  -1.7305854e+00
   3.7840000e+01  -1.7674023e+00
   3.7860000e+01  -8.5871804e-01
   3.7880000e+01  -1.4220001e+00
   3.7900000e+01  -1.6683083e+00
   3.7920000e+01  -2.0774071e+00
   3.7940000e+01  -2.2921785e+00
   3.7960000e+01  -2.8075120e+00
   3.7980000e+01  -4.0679356e+00
   3.8000000e+01  -5.0100823e+00
   3.8020000e+01  -5.9302725e+00
   3.8040000e+01  -5.7199299e+00
   3.8060000e+01  -4.1550589e+00
   3.8080000e+01  -3.0832905e+00
   3.8100000e+01  -3.2581330e+00
   3.8120000e+01  -3.7881543e+00
   3.8140000e+01  -4.2281884e+00
   3.8160000e+01  -3.8577495e+00
   3.8180000e+01  -3.2802130e+00
   3.8200000e+01  -2.2150984e+00
   3.8220000e+01  -2.1401659e+00
   3.8240000e+01  -2.7372140e+00
   3.8260000e+01  -2.9759397e+00
   3.8280000e+01  -3.4836164e+00
   3.8300000e+01  -3.7945115e+00
   3.8320000e+01  -4.0641374e+00
   3.8340000e+01  -4.5457021e+00
   3.8360000e+01  -5.0082637e+00
   3.8380000e+01  -4.9205504e+00
   3.8400000e+01  -4.1151648e+00
   3.8420000e+01  -3.2113909e+00
   3.8440000e+01  -2.1774610e+00
   3.8460000e+01  -8.9432119e-01
   3.8480000e+01   5.6541334e-01
   3.8500000e+01   2.2304866e+00
   3.8520000e+01   3.2130682e+00
   3.8540000e+01   3.3206075e+00
   3.8560000e+01   2.6001657e+00
   3.8580000e+01   2.0695593e+00
   3.8600000e+01   1.8829220e+00
   3.8620000e+01   1.4899193e+00
   3.8640000e+01   1.3261585e+00
   3.8660000e+01   1.1894620e+00
   3.8680000e+01   1.5553183e+00
   3.8700000e+01   1.9159355e+00
   3.8720000e+01   2.1891418e+00
   3.8740000e+01   2.5698939e+00
   3.8760000e+01   2.7301147e+00
   3.8780000e+01   2.9737607e+00
   3.8800000e+01   3.1766571e+00
   3.8820000e+01   3.4519273e+00
   3.8840000e+01   3.4198445e+00
   3.8860000e+01   3.6646994e+00
   3.8880000e+01   3.9203849e+00
   3.8900000e+01   3.7911518e+00
   3.8920000e+01   3.7282910e+00
   3.8940000e+01   3.6392382e+00
   3.8960000e+01   3.8326991e+00
   3.8980000e+01   3.7116962e+00
   3.9000000e+01   3.6023090e+00
   3.9020000e+01   3.5164124e+00
   3.9040000e+01   3.3946719e+00
   3.9060000e+01   3.4726195e+00
   3.9080000e+01   3.2501746e+00
   3.9100000e+01   2.9087265e+00
   3.9120000e+01   2.5998845e+00
   3.9140000e+01   2.3059095e+00
   3.9160000e+01   2.2228866e+00
   3.9180000e+01   2.1909523e+00
   3.9200000e+01   2.0915074e+00
   3.9220000e+01   2.1015432e+00
   3.9240000e+01   2.0248429e+00
   3.9260000e+01   2.0086242e+00
   3.9280000e+01   2.0088625e+00
   3.9300000e+01   1.8376207e+00
   3.9320000e+01   1.5399732e+00
   3.9340000e+01   1.2212397e+00
   3.9360000e+01   9.3549296e-01
   3.9380000e+01   7.6004134e-01
   3.9400000e+01   6.4937662e-01
   3.9420000e+01   6.0718134e-01
   3.9440000e+01   5.5319210e-01
   3.9460000e+01   4.5696588e-01
   3.9480000e+01   2.9764004e-01
   3.9500000e+01   3.0206947e-02
   3.9520000e+01  -1.2270472e-01
   3.9540000e+01  -2.2104010e-01
   3.9560000e+01  -2.6107855e-01
   3.9580000e+01  -2.7066584e-01
   3.9600000e+01  -2.8913997e-01
   3.9620000e+01  -3.6671418e-01
   3.9640000e+01  -4.4156915e-01
   3.9660000e+01  -5.0666432e-01
   3.9680000e+01  -5.6381842e-01
   3.9700000e+01  -6.0168983e-01
   3.9720000e+01  -6.4547974e-01
   3.9740000e+01  -6.8913807e-01
   3.9760000e+01  -7.2439370e-01
   3.9780000e+01  -7.4329612e-01
   3.9800000e+01  -7.6540547e-01
   3.9820000e+01  -7.8646285e-01
   3.9840000e+01  -8.0780117e-01
   3.9860000e+01  -8.0597371e-01
   3.9880000e+01  -7.9204335e-01
   3.9900000e+01  -7.6825676e-01
   3.9920000e+01  -7.4351212e-01
   3.9940000e+01  -7.1158595e-01
   3.9960000e+01  -6.7905598e-01
   3.9980000e+01  -6.4179378e-01
